1099283
587494
408958
316090
259685
219053
191455
169440
151818
137580
125104
116433
109236
101693
95279
90223
85479
82610
77687
74980
71735
67618
64664
63267
61222
58952
55913
54729
52713
51806
49906
48580
47264
46784
43804
43632
42952
41471
40467
39882
39738
38117
36624
36556
36246
34758
34270
33194
32899
32871
32419
31622
30398
29526
29142
29006
28771
28483
27633
27594
27204
27128
26604
26352
25567
25066
24825
24524
24348
23774
23253
23117
22903
22784
22474
22416
21939
21937
21562
21411
20857
20231
20197
20039
19911
19898
19619
19166
19050
18939
18861
18806
18610
18325
18155
18015
17912
17897
17777
17423
17243
17232
17144
17115
16797
16495
16302
16292
16237
15898
15891
15857
15674
15459
15457
15437
15312
15157
15122
14641
14596
14515
14454
14379
14290
14249
13861
13810
13769
13751
13747
13476
13423
13375
13239
13073
13056
13012
12976
12950
12892
12758
12546
12502
12455
12420
12406
12340
12104
12069
12067
12063
11676
11576
11556
11539
11527
11514
11485
11459
11100
11038
11029
11024
11022
11003
10960
10959
10928
10804
10775
10731
10636
10615
10531
10517
10382
10354
10351
10231
10167
10013
9998
9990
9969
9936
9923
9860
9832
9767
9729
9712
9661
9607
9599
9387
9365
9249
9240
9231
9200
9177
9166
9133
9125
9096
9089
9066
9061
9027
8943
8927
8923
8812
8801
8786
8771
8672
8612
8602
8570
8503
8501
8481
8355
8351
8343
8334
8261
8233
8233
8230
8195
8107
8091
8082
8028
8027
8011
7908
7852
7809
7746
7709
7695
7662
7649
7640
7611
7602
7572
7546
7520
7520
7509
7482
7414
7382
7368
7333
7333
7315
7309
7305
7273
7185
7174
7167
7114
7094
7078
7037
7017
6999
6993
6978
6953
6944
6922
6856
6818
6813
6803
6793
6761
6760
6760
6738
6688
6665
6662
6646
6639
6584
6567
6560
6555
6549
6519
6483
6482
6479
6476
6451
6435
6419
6352
6338
6279
6277
6253
6253
6201
6151
6147
6130
6124
6082
6037
6025
6017
6013
6012
5986
5980
5963
5938
5920
5913
5908
5893
5879
5878
5872
5838
5799
5798
5782
5781
5770
5758
5751
5736
5704
5700
5678
5646
5638
5636
5631
5621
5588
5582
5568
5567
5567
5566
5538
5526
5525
5524
5516
5497
5493
5469
5462
5458
5449
5444
5363
5341
5337
5333
5307
5298
5292
5288
5274
5261
5255
5239
5239
5236
5229
5216
5198
5197
5160
5142
5135
5133
5132
5129
5119
5109
5102
5070
5070
5068
5052
5018
5013
5006
5000
4987
4955
4949
4904
4897
4889
4866
4858
4858
4854
4851
4846
4835
4834
4808
4803
4772
4765
4746
4745
4741
4650
4638
4626
4612
4607
4602
4599
4589
4588
4588
4564
4563
4559
4552
4549
4532
4527
4526
4524
4519
4505
4504
4503
4495
4477
4471
4462
4454
4451
4442
4429
4428
4415
4409
4401
4399
4387
4382
4330
4329
4315
4292
4287
4286
4285
4276
4275
4273
4249
4248
4241
4236
4230
4228
4225
4223
4221
4215
4215
4207
4204
4203
4197
4196
4188
4178
4176
4164
4158
4157
4144
4138
4113
4109
4107
4102
4099
4090
4073
4059
4058
4044
4040
4032
4027
4023
4015
4003
3979
3971
3970
3968
3963
3952
3949
3949
3918
3912
3900
3892
3890
3886
3879
3874
3874
3873
3871
3866
3866
3865
3864
3856
3850
3832
3818
3812
3801
3791
3786
3782
3781
3757
3753
3751
3746
3741
3740
3732
3730
3725
3692
3690
3685
3685
3681
3676
3676
3667
3652
3644
3640
3640
3633
3630
3626
3624
3622
3614
3595
3595
3591
3575
3566
3564
3562
3560
3555
3551
3546
3544
3533
3531
3531
3528
3527
3526
3516
3512
3506
3501
3500
3486
3478
3471
3470
3466
3455
3453
3447
3447
3446
3427
3419
3409
3408
3398
3397
3390
3387
3379
3375
3364
3359
3358
3348
3344
3342
3341
3335
3332
3328
3327
3324
3321
3319
3316
3313
3312
3295
3284
3280
3280
3273
3266
3263
3254
3250
3246
3244
3244
3237
3236
3235
3233
3229
3227
3220
3215
3212
3211
3187
3186
3181
3181
3171
3168
3160
3149
3148
3148
3148
3141
3141
3141
3133
3124
3117
3116
3115
3105
3098
3098
3094
3083
3083
3077
3076
3069
3069
3068
3050
3048
3043
3041
3036
3033
3026
3014
3013
3008
3006
3005
3002
2998
2996
2993
2991
2989
2988
2984
2979
2977
2976
2975
2972
2965
2962
2959
2954
2947
2947
2946
2944
2942
2941
2937
2933
2932
2925
2923
2923
2917
2916
2909
2901
2900
2898
2897
2896
2894
2892
2880
2878
2875
2874
2872
2871
2871
2866
2859
2856
2856
2853
2850
2849
2847
2841
2841
2840
2839
2836
2833
2832
2831
2826
2822
2817
2817
2812
2810
2809
2807
2805
2799
2797
2794
2793
2784
2769
2763
2761
2752
2750
2750
2749
2739
2739
2738
2737
2736
2735
2733
2731
2723
2722
2714
2712
2710
2708
2705
2702
2702
2700
2700
2700
2697
2689
2687
2682
2679
2678
2673
2654
2653
2649
2644
2642
2637
2636
2632
2628
2624
2624
2622
2619
2618
2615
2613
2608
2604
2600
2592
2586
2583
2571
2568
2567
2566
2565
2563
2559
2557
2557
2557
2553
2553
2553
2548
2547
2546
2546
2545
2544
2540
2538
2537
2535
2533
2533
2532
2529
2522
2522
2521
2521
2520
2518
2517
2515
2509
2506
2505
2500
2498
2496
2495
2494
2494
2492
2484
2484
2481
2472
2471
2470
2466
2463
2461
2459
2456
2455
2448
2437
2436
2430
2428
2428
2423
2419
2418
2410
2405
2404
2401
2400
2394
2382
2378
2377
2376
2372
2366
2358
2352
2351
2349
2349
2348
2346
2345
2345
2345
2344
2344
2344
2342
2340
2340
2340
2338
2335
2334
2334
2333
2329
2328
2328
2324
2323
2322
2321
2321
2321
2317
2317
2315
2314
2313
2313
2313
2308
2302
2302
2302
2300
2298
2298
2292
2291
2287
2286
2285
2282
2280
2279
2274
2273
2271
2269
2268
2268
2265
2265
2263
2261
2258
2257
2251
2245
2243
2241
2239
2236
2234
2234
2232
2231
2230
2226
2225
2224
2221
2218
2216
2214
2214
2214
2213
2213
2210
2204
2203
2201
2196
2190
2190
2185
2185
2182
2181
2180
2179
2179
2177
2168
2164
2164
2163
2161
2160
2158
2157
2155
2154
2146
2142
2141
2141
2140
2138
2138
2136
2134
2132
2131
2131
2128
2126
2125
2125
2123
2123
2121
2120
2120
2118
2117
2117
2117
2116
2114
2111
2109
2108
2105
2103
2101
2101
2097
2091
2089
2087
2086
2086
2085
2084
2081
2080
2080
2079
2078
2076
2075
2074
2073
2071
2071
2071
2070
2064
2064
2057
2054
2054
2052
2050
2046
2045
2039
2037
2036
2035
2035
2035
2033
2032
2030
2030
2022
2019
2015
2011
2009
2009
2009
2009
2008
2006
2004
2004
2004
2004
2000
2000
1997
1996
1993
1992
1992
1991
1991
1989
1988
1983
1976
1976
1973
1972
1971
1970
1968
1966
1966
1963
1963
1962
1961
1960
1959
1959
1954
1951
1951
1948
1947
1941
1936
1936
1935
1934
1934
1934
1933
1932
1932
1930
1928
1926
1924
1923
1922
1921
1921
1920
1909
1909
1906
1904
1904
1902
1902
1902
1901
1901
1897
1897
1896
1893
1889
1887
1885
1882
1882
1879
1879
1878
1878
1878
1874
1872
1870
1869
1869
1866
1864
1862
1860
1859
1859
1859
1857
1855
1852
1852
1851
1850
1849
1849
1848
1846
1845
1843
1843
1842
1841
1839
1838
1837
1836
1835
1834
1833
1832
1832
1831
1828
1827
1826
1826
1826
1824
1821
1817
1816
1815
1814
1813
1811
1809
1809
1809
1808
1808
1807
1806
1803
1802
1802
1801
1800
1800
1799
1798
1798
1797
1796
1795
1793
1793
1791
1791
1788
1788
1783
1783
1783
1782
1780
1778
1775
1775
1773
1772
1772
1770
1766
1762
1758
1756
1756
1755
1754
1754
1751
1751
1750
1749
1746
1746
1743
1739
1739
1737
1732
1731
1731
1728
1727
1722
1722
1722
1717
1715
1710
1709
1707
1707
1704
1703
1702
1701
1700
1699
1699
1698
1697
1697
1696
1695
1695
1694
1694
1693
1693
1693
1689
1689
1688
1688
1687
1687
1685
1685
1685
1684
1678
1678
1678
1676
1675
1675
1671
1671
1671
1669
1668
1668
1667
1666
1666
1665
1662
1661
1660
1660
1660
1660
1658
1658
1657
1655
1654
1653
1653
1652
1651
1651
1651
1650
1649
1647
1646
1646
1645
1644
1643
1641
1641
1640
1640
1639
1638
1637
1637
1636
1635
1635
1634
1632
1631
1629
1629
1627
1627
1624
1622
1621
1619
1619
1619
1619
1617
1616
1616
1616
1615
1615
1611
1611
1610
1609
1608
1608
1608
1608
1606
1602
1602
1602
1601
1601
1601
1600
1600
1599
1599
1597
1597
1596
1596
1595
1595
1594
1593
1593
1593
1592
1592
1590
1590
1589
1589
1588
1583
1581
1581
1580
1580
1579
1576
1576
1576
1575
1573
1573
1573
1568
1568
1567
1566
1566
1566
1566
1565
1564
1564
1563
1563
1563
1563
1562
1561
1560
1559
1557
1555
1555
1555
1554
1553
1553
1553
1552
1552
1551
1551
1551
1550
1549
1549
1548
1547
1546
1543
1542
1542
1542
1541
1540
1539
1539
1539
1536
1536
1536
1535
1535
1534
1533
1533
1532
1529
1529
1529
1527
1526
1526
1524
1523
1523
1523
1522
1520
1520
1519
1517
1513
1511
1511
1510
1510
1510
1509
1508
1508
1507
1506
1506
1506
1506
1505
1504
1502
1500
1500
1498
1495
1494
1493
1492
1492
1492
1491
1491
1489
1488
1487
1486
1486
1485
1483
1483
1482
1482
1481
1481
1478
1477
1476
1476
1476
1475
1474
1473
1473
1472
1472
1469
1468
1467
1467
1466
1466
1466
1465
1465
1464
1462
1462
1462
1461
1459
1457
1456
1453
1453
1453
1452
1451
1451
1450
1449
1449
1447
1447
1447
1447
1442
1441
1441
1440
1437
1436
1434
1433
1433
1432
1432
1432
1431
1430
1429
1429
1429
1428
1428
1428
1425
1423
1423
1422
1421
1419
1419
1418
1417
1414
1414
1413
1411
1409
1408
1406
1406
1406
1405
1404
1404
1404
1403
1403
1402
1402
1401
1399
1398
1398
1398
1397
1397
1397
1396
1396
1395
1395
1394
1394
1394
1392
1392
1390
1389
1389
1388
1388
1388
1386
1386
1385
1384
1384
1381
1381
1381
1380
1380
1379
1379
1378
1378
1377
1375
1375
1373
1373
1371
1371
1370
1370
1370
1369
1369
1369
1368
1367
1367
1367
1365
1364
1363
1362
1362
1362
1361
1358
1357
1356
1356
1356
1355
1353
1352
1351
1351
1350
1349
1349
1349
1349
1348
1347
1344
1344
1343
1342
1342
1340
1340
1339
1339
1338
1338
1336
1336
1335
1335
1335
1333
1333
1330
1330
1330
1329
1329
1329
1328
1328
1327
1326
1324
1323
1322
1321
1321
1321
1321
1320
1320
1317
1317
1316
1315
1314
1314
1313
1313
1313
1310
1310
1309
1308
1307
1307
1307
1306
1306
1306
1306
1304
1304
1303
1303
1301
1301
1300
1300
1299
1299
1299
1299
1299
1298
1298
1297
1297
1295
1294
1294
1294
1293
1292
1291
1291
1290
1290
1290
1289
1288
1286
1285
1285
1285
1285
1284
1284
1283
1282
1282
1282
1281
1281
1281
1281
1281
1280
1279
1279
1278
1276
1275
1274
1274
1274
1274
1273
1273
1273
1272
1272
1271
1270
1270
1269
1269
1269
1267
1266
1265
1264
1264
1262
1261
1260
1259
1259
1258
1258
1258
1256
1256
1256
1256
1256
1255
1255
1255
1255
1253
1252
1252
1251
1251
1249
1248
1246
1246
1246
1245
1244
1244
1242
1241
1241
1241
1240
1238
1238
1238
1238
1237
1237
1236
1235
1235
1234
1234
1233
1233
1232
1232
1232
1232
1230
1229
1229
1229
1229
1229
1229
1228
1228
1228
1227
1226
1224
1224
1223
1223
1222
1222
1222
1221
1221
1219
1218
1218
1218
1218
1217
1217
1214
1213
1213
1212
1212
1211
1211
1211
1210
1209
1208
1208
1208
1207
1207
1207
1207
1204
1203
1202
1202
1201
1201
1201
1200
1199
1199
1199
1199
1198
1198
1196
1196
1195
1195
1194
1194
1193
1193
1193
1192
1192
1192
1191
1191
1191
1189
1189
1189
1188
1188
1187
1186
1185
1185
1184
1183
1183
1183
1183
1182
1182
1178
1177
1177
1175
1175
1175
1174
1174
1174
1173
1172
1172
1171
1171
1171
1171
1170
1170
1169
1169
1169
1169
1167
1167
1167
1167
1166
1166
1166
1166
1165
1165
1164
1164
1163
1162
1161
1161
1161
1161
1160
1160
1160
1159
1159
1159
1159
1157
1157
1155
1155
1155
1155
1155
1154
1154
1153
1152
1151
1151
1150
1150
1150
1150
1148
1148
1148
1148
1148
1147
1147
1147
1146
1146
1145
1145
1144
1143
1143
1143
1143
1142
1142
1142
1142
1141
1141
1141
1140
1140
1140
1139
1139
1138
1138
1137
1137
1137
1137
1136
1136
1135
1135
1135
1135
1135
1134
1134
1134
1134
1133
1133
1133
1132
1130
1130
1129
1128
1127
1127
1127
1125
1125
1124
1123
1123
1122
1122
1122
1121
1120
1119
1118
1117
1117
1117
1116
1116
1115
1113
1113
1112
1112
1111
1111
1110
1110
1110
1110
1109
1109
1109
1109
1108
1108
1107
1106
1106
1106
1105
1103
1103
1103
1103
1103
1101
1100
1100
1099
1098
1098
1097
1097
1097
1096
1096
1096
1096
1095
1094
1094
1093
1093
1093
1093
1093
1093
1093
1093
1091
1091
1091
1090
1090
1090
1090
1088
1088
1088
1087
1086
1086
1086
1086
1086
1085
1085
1085
1084
1084
1084
1083
1083
1082
1082
1081
1081
1080
1079
1077
1077
1077
1074
1074
1073
1073
1072
1072
1072
1072
1071
1071
1069
1069
1068
1068
1068
1067
1067
1067
1067
1066
1066
1066
1065
1064
1064
1063
1063
1062
1061
1061
1060
1060
1060
1060
1059
1058
1058
1057
1057
1057
1057
1056
1056
1056
1056
1056
1055
1055
1054
1054
1053
1052
1052
1051
1051
1051
1050
1049
1048
1047
1046
1046
1046
1045
1045
1045
1045
1044
1044
1044
1043
1043
1042
1041
1041
1041
1041
1041
1041
1040
1039
1038
1038
1038
1037
1037
1037
1037
1037
1037
1036
1036
1035
1035
1035
1035
1034
1033
1033
1033
1032
1032
1032
1032
1032
1031
1031
1031
1031
1030
1030
1030
1030
1030
1029
1029
1028
1028
1028
1028
1027
1027
1027
1026
1025
1025
1023
1023
1023
1022
1022
1021
1021
1021
1020
1020
1019
1019
1019
1019
1019
1019
1018
1018
1018
1017
1017
1017
1017
1016
1016
1016
1016
1016
1016
1015
1015
1015
1015
1014
1014
1013
1013
1012
1012
1011
1010
1009
1009
1009
1008
1008
1008
1008
1008
1007
1007
1006
1006
1006
1006
1005
1005
1005
1005
1005
1004
1001
1001
1001
1000
999
998
998
997
997
997
996
996
996
996
995
995
995
994
994
994
993
992
992
992
991
991
991
990
990
989
988
988
987
987
987
986
986
986
986
985
985
985
985
985
984
984
984
984
983
983
983
982
982
981
980
980
979
979
979
978
978
977
976
976
976
976
976
976
976
975
974
974
973
973
973
972
972
972
971
971
970
970
970
970
969
968
968
967
967
967
966
966
965
965
965
964
964
964
964
964
964
963
963
963
963
963
962
961
960
960
960
960
959
959
959
959
958
958
957
957
957
956
956
955
955
955
955
955
955
955
954
954
954
953
953
953
953
953
952
951
951
951
950
950
949
948
948
948
948
948
947
946
946
946
946
945
944
944
943
943
943
943
943
943
943
943
942
942
942
942
942
941
941
940
940
939
939
938
938
937
937
936
936
936
935
935
935
935
935
934
934
934
934
933
933
933
933
933
932
931
931
931
931
930
930
930
930
929
929
928
928
927
927
927
927
926
926
926
926
926
926
926
925
925
925
925
924
924
924
924
924
923
923
923
923
922
922
922
922
921
921
921
921
921
920
920
919
919
918
918
917
917
917
917
917
916
916
916
915
914
914
913
913
913
913
913
913
912
912
912
912
912
911
911
911
911
911
911
910
910
909
909
909
909
909
908
908
908
908
908
907
907
907
907
906
906
906
906
905
904
903
903
903
903
903
902
901
901
901
900
899
899
899
898
897
897
897
897
897
896
895
895
895
894
894
894
894
894
893
893
892
892
892
892
892
892
892
891
891
891
891
890
889
889
889
889
889
888
888
888
888
888
888
888
888
887
887
887
886
886
885
885
885
885
884
884
884
884
884
884
883
883
883
883
883
883
882
882
882
881
881
881
881
880
880
880
880
880
880
879
879
879
879
878
878
878
877
877
877
877
877
877
877
877
876
876
876
876
876
875
875
875
875
874
874
874
874
874
874
873
873
873
873
873
873
871
871
871
871
870
869
868
868
867
867
867
867
866
865
865
864
864
864
864
864
863
863
863
862
862
862
862
861
861
861
861
860
860
859
859
859
859
858
858
858
857
857
856
856
856
856
856
855
855
855
855
855
854
854
854
854
853
853
853
853
852
852
852
852
852
852
851
851
851
851
851
850
850
850
849
849
849
849
848
848
848
847
847
847
846
846
846
846
846
846
846
846
846
846
846
846
845
845
844
844
844
844
844
844
844
843
843
842
842
842
842
842
841
841
841
839
839
839
838
838
838
838
838
837
837
837
837
836
836
836
836
836
835
835
835
835
834
834
834
833
833
833
833
833
832
831
831
830
830
830
830
830
830
829
829
829
829
829
828
828
828
827
827
826
826
825
825
825
824
824
824
823
823
823
823
823
823
822
822
821
821
821
820
820
820
820
819
819
818
818
818
818
817
816
815
815
814
814
814
814
813
813
813
812
812
811
811
811
810
810
810
810
810
809
809
809
809
809
808
808
808
808
808
808
808
807
807
807
807
806
806
805
805
805
805
805
804
804
804
803
803
803
803
802
802
802
802
802
802
802
802
801
801
800
799
799
798
798
798
798
797
797
796
796
796
796
796
796
796
795
795
795
795
795
795
794
794
794
794
794
793
793
793
793
792
792
792
791
791
791
790
790
790
790
790
789
789
789
789
789
789
788
788
788
788
787
787
787
787
787
787
787
787
787
786
786
785
785
785
784
784
784
784
784
783
783
783
783
782
782
782
782
782
782
781
781
781
781
781
780
780
780
780
780
779
779
779
778
778
778
777
777
777
776
776
776
775
775
775
775
775
775
775
774
774
774
774
773
773
773
773
772
772
772
772
772
771
771
771
771
771
771
770
770
769
769
769
769
769
769
768
768
768
768
768
767
767
767
767
767
767
767
766
766
766
765
765
765
765
765
764
763
763
763
763
763
763
762
762
762
762
762
762
762
762
761
761
761
761
761
760
760
760
760
760
760
759
759
759
759
758
758
758
757
757
757
757
757
756
756
755
755
755
755
755
754
754
754
753
753
753
753
753
752
752
752
752
751
751
751
751
751
751
751
751
750
750
750
749
749
749
749
748
748
748
747
747
747
747
747
746
746
745
745
745
745
745
745
745
744
744
744
744
744
743
743
743
743
743
743
743
743
742
742
741
741
741
740
740
740
740
739
739
738
738
738
738
738
738
737
737
737
737
736
736
736
736
736
736
736
735
735
735
734
734
734
734
734
734
733
733
733
732
732
732
732
732
732
732
731
731
731
731
731
730
730
730
730
730
730
730
729
729
729
729
729
729
728
728
728
728
728
728
728
728
727
727
727
727
727
727
727
727
726
726
726
726
726
726
726
726
726
725
725
725
725
724
724
724
724
724
723
723
723
723
722
722
722
722
721
721
721
720
720
720
720
720
719
719
719
719
719
718
718
717
717
717
717
717
717
717
717
717
717
716
716
716
716
716
715
715
715
714
714
714
714
713
713
713
712
712
712
712
712
711
711
711
711
711
709
709
709
709
709
709
709
709
708
708
708
708
708
708
707
707
707
706
706
706
706
706
706
706
705
705
705
705
705
705
705
704
704
704
704
704
704
704
703
703
703
703
702
702
702
702
702
701
701
701
701
701
700
700
700
700
700
700
699
699
699
699
699
699
698
698
698
698
698
697
697
697
697
697
697
697
697
696
696
696
695
695
695
695
694
694
694
694
694
694
693
693
693
692
692
692
692
692
691
691
691
691
691
691
690
690
690
690
690
690
690
689
689
689
689
688
688
688
688
687
687
687
687
687
687
687
686
686
686
686
686
685
685
685
685
685
685
684
684
684
684
684
684
683
683
683
683
682
682
682
682
682
682
681
681
681
681
681
681
681
681
681
680
680
680
680
679
679
679
679
679
678
678
678
678
678
678
677
677
677
677
677
677
676
676
676
676
676
676
675
675
675
675
675
675
674
674
674
674
673
673
673
673
673
672
672
671
671
671
671
671
671
671
671
670
670
670
670
670
670
669
669
669
669
668
668
668
668
668
668
668
667
667
667
667
667
666
666
666
665
665
665
665
665
665
665
665
664
664
664
664
663
663
663
663
663
663
663
663
663
663
663
663
662
662
662
662
662
662
662
661
661
661
660
660
660
660
659
659
659
659
659
659
659
659
659
659
658
658
658
658
658
658
658
657
657
657
657
657
657
657
657
656
656
656
656
655
655
655
655
655
655
655
654
654
654
654
654
654
654
654
654
653
653
653
653
653
652
652
652
652
652
652
651
651
651
651
651
651
651
651
650
650
650
650
650
650
650
650
649
649
649
649
649
649
649
648
648
648
648
648
648
648
647
647
647
647
647
647
647
647
646
646
646
646
646
646
645
645
645
645
645
645
644
644
644
644
644
644
644
643
643
643
643
643
643
643
642
642
642
642
642
642
642
642
641
641
641
641
641
641
641
641
640
640
640
639
639
639
639
639
639
639
639
638
638
638
638
638
637
637
637
637
637
637
637
636
636
636
636
636
635
635
635
635
635
635
634
634
634
634
634
633
633
633
633
633
633
632
632
632
632
632
632
632
632
632
632
632
632
632
631
631
631
631
631
631
630
630
630
630
630
630
630
630
630
629
629
629
629
629
629
629
629
629
628
628
628
628
628
628
627
627
627
627
627
627
627
627
627
627
627
626
626
626
626
626
626
625
625
625
624
624
624
624
624
624
624
624
624
624
624
623
623
623
623
622
622
622
622
622
622
622
622
622
621
621
621
621
621
621
621
621
621
620
620
620
620
620
620
620
620
620
620
619
619
619
619
618
618
618
618
618
618
617
617
617
617
617
617
617
617
617
616
616
616
616
616
616
616
616
616
616
616
616
615
615
615
614
614
614
614
614
613
613
613
613
613
613
613
613
613
613
613
613
613
613
613
612
612
612
612
611
611
611
611
611
610
610
610
610
610
610
609
609
609
609
609
609
609
609
609
608
608
608
608
608
608
608
608
607
607
607
607
607
607
607
607
607
607
607
607
606
606
606
606
606
606
606
605
605
605
605
605
605
605
605
605
605
605
604
604
604
604
604
603
603
603
603
603
603
603
602
602
602
602
602
602
602
602
602
602
602
602
602
602
601
601
601
601
601
601
601
601
601
601
601
601
600
600
600
600
600
600
600
599
599
599
599
599
599
599
599
598
598
598
598
598
598
598
597
597
597
597
597
597
596
596
596
596
596
596
596
596
595
595
595
595
595
595
595
595
595
595
594
594
594
594
594
594
594
594
594
594
593
593
593
593
593
593
593
593
593
593
592
592
592
592
592
592
592
592
591
591
591
591
591
591
591
591
591
591
590
590
590
590
590
590
590
589
589
589
589
589
589
589
588
588
588
588
588
588
588
588
588
588
587
587
587
587
587
587
587
587
586
586
586
586
586
586
586
586
586
586
585
585
585
585
585
585
585
585
585
585
585
584
584
584
584
584
584
584
583
583
583
583
583
583
583
583
582
582
582
582
582
582
582
582
582
581
581
581
581
581
581
581
580
580
580
580
580
580
580
580
580
580
580
579
579
579
579
579
579
579
579
578
578
578
578
578
578
578
578
578
578
578
577
577
577
577
576
576
576
576
576
575
575
575
575
575
575
575
575
575
575
575
574
574
574
574
574
573
573
573
573
573
572
572
572
572
572
572
572
572
571
571
571
571
571
571
570
570
570
570
570
570
570
570
569
569
569
569
569
569
568
568
568
568
568
568
568
568
568
567
567
567
567
567
567
567
566
566
566
566
566
566
566
566
566
566
566
565
565
565
565
565
565
565
565
565
564
564
564
564
564
564
564
564
564
564
564
564
564
564
563
563
563
563
563
563
563
563
562
562
562
562
562
562
562
562
562
562
562
562
562
561
561
561
561
561
561
561
561
561
560
560
560
560
560
560
560
560
560
560
559
559
559
559
559
559
559
559
559
559
559
559
558
558
558
558
558
558
558
558
558
557
557
557
557
557
557
557
557
557
556
556
556
556
556
556
556
556
556
556
555
555
555
555
555
555
555
555
555
555
554
554
554
554
554
554
553
553
553
553
553
553
553
553
553
552
552
552
552
552
552
552
552
551
551
551
551
551
551
551
551
551
551
551
551
551
551
551
551
551
551
550
550
550
550
550
550
550
550
550
550
549
549
549
549
549
549
549
549
549
549
549
549
548
548
548
548
548
548
548
548
547
547
547
547
547
547
546
546
546
546
546
546
545
545
545
545
545
545
545
545
545
545
544
544
544
544
544
544
544
544
544
544
543
543
543
543
543
543
542
542
542
542
542
542
542
542
542
542
541
541
541
541
541
540
540
540
540
540
540
540
540
540
540
540
540
540
540
540
540
540
540
539
539
539
539
539
539
539
539
539
539
539
539
539
539
538
538
538
538
538
538
537
537
537
537
537
537
536
536
536
536
536
536
536
536
536
536
536
536
535
535
535
535
535
535
534
534
534
534
534
534
534
534
534
534
534
534
534
534
534
534
533
533
533
533
533
533
533
533
533
533
533
533
533
533
533
532
532
532
532
532
532
532
532
532
532
532
532
531
531
531
531
531
531
531
531
531
531
531
531
531
530
530
530
530
530
530
530
530
530
529
529
529
529
529
529
529
529
529
529
529
528
528
528
528
528
528
528
528
528
528
528
528
528
528
528
528
528
528
528
528
527
527
527
527
527
527
527
527
527
527
527
526
526
526
526
526
526
526
526
526
526
526
526
526
525
525
525
525
525
525
525
525
525
525
524
524
524
524
524
524
524
524
524
523
523
523
523
523
523
523
523
523
523
523
523
523
522
522
522
522
522
522
521
521
521
521
521
521
521
521
521
521
521
521
521
520
520
520
520
520
520
520
520
520
520
520
519
519
519
519
519
519
519
519
519
519
519
519
519
518
518
518
518
518
518
518
518
518
518
518
518
517
517
517
517
517
517
517
517
517
516
516
516
516
516
516
516
516
516
516
516
516
515
515
515
515
515
515
515
515
514
514
514
514
514
514
514
514
513
513
513
513
513
513
513
513
513
512
512
512
512
512
512
512
512
512
511
511
511
511
511
511
511
511
511
511
511
511
510
510
510
510
510
510
510
510
510
510
510
510
510
510
510
509
509
509
509
509
509
509
509
509
509
509
508
508
508
508
508
508
508
508
508
508
508
508
507
507
507
507
507
507
507
507
507
507
506
506
506
506
506
506
506
506
506
506
506
506
506
506
506
506
505
505
505
505
505
505
504
504
504
504
504
504
504
504
504
504
504
504
504
504
504
504
504
504
504
503
503
503
503
503
503
503
503
503
503
502
502
502
502
502
502
502
502
502
502
502
502
502
501
501
501
501
501
501
501
501
501
501
501
501
500
500
500
500
500
500
500
500
500
500
499
499
499
499
499
499
498
498
498
498
498
498
498
498
498
498
498
497
497
497
497
497
497
497
497
497
497
497
497
496
496
496
496
496
496
496
496
495
495
495
495
495
495
495
495
495
494
494
494
494
494
494
494
494
494
494
494
494
494
494
494
493
493
493
493
493
493
493
493
493
493
493
493
493
493
493
493
492
492
492
492
492
492
492
492
492
492
492
492
492
492
492
491
491
491
491
491
491
491
491
491
491
491
490
490
490
490
490
490
490
490
490
490
490
490
489
489
489
489
489
489
489
489
489
489
489
489
489
489
489
489
488
488
488
488
488
488
488
488
487
487
487
487
487
487
487
487
487
487
487
487
487
487
487
486
486
486
486
486
485
485
485
485
485
485
485
485
485
485
485
485
484
484
484
484
484
484
484
484
484
484
484
484
484
483
483
483
483
483
483
483
483
483
483
482
482
482
482
482
482
482
482
482
482
482
482
482
482
482
482
482
481
481
481
481
481
481
481
481
481
481
481
481
481
481
480
480
480
480
480
480
480
480
480
480
480
480
480
479
479
479
479
479
479
479
479
479
479
479
479
479
479
479
479
479
479
479
478
478
478
478
478
478
478
477
477
477
477
477
477
477
477
477
477
477
477
477
477
477
477
477
477
477
477
477
477
477
476
476
476
476
476
476
476
476
475
475
475
475
475
475
475
475
475
475
474
474
474
474
474
474
474
474
474
474
474
474
474
473
473
473
473
473
473
473
473
473
473
473
473
472
472
472
472
472
472
472
472
472
472
472
472
472
472
471
471
471
471
471
471
471
471
470
470
470
470
470
470
470
470
470
470
470
470
470
469
469
469
469
469
469
469
469
469
469
469
469
469
469
469
469
469
469
468
468
468
468
468
468
468
468
468
468
468
468
468
468
468
468
468
468
468
467
467
467
467
467
467
467
467
467
467
467
467
467
466
466
466
466
466
466
466
466
466
466
466
466
466
466
466
466
466
465
465
465
465
465
465
465
465
465
465
465
465
465
465
465
465
464
464
464
464
464
464
464
464
464
464
464
464
464
463
463
463
463
463
463
463
463
463
463
463
463
463
463
463
463
463
463
463
463
462
462
462
462
462
462
462
462
462
461
461
461
461
461
461
461
461
461
461
461
461
461
461
461
461
461
461
460
460
460
460
460
460
460
460
460
460
459
459
459
459
459
459
459
459
459
459
459
459
459
459
459
459
459
458
458
458
458
458
458
458
458
458
458
458
458
457
457
457
457
457
457
457
457
457
457
457
457
457
457
456
456
456
456
456
456
456
456
456
456
456
456
456
456
456
456
456
456
456
456
456
455
455
455
455
455
455
455
455
455
455
455
455
455
454
454
454
454
454
454
454
454
454
454
454
454
454
454
454
454
454
454
454
454
454
454
454
454
453
453
453
453
453
453
453
453
453
453
453
453
453
453
452
452
452
452
452
452
452
452
452
452
452
452
452
452
452
452
451
451
451
451
451
451
451
451
451
451
450
450
450
450
450
450
450
450
450
450
450
450
450
450
450
450
450
449
449
449
449
449
449
449
449
449
449
449
449
449
449
449
449
448
448
448
448
448
448
448
448
448
448
447
447
447
447
447
447
447
447
447
447
447
447
447
447
447
447
447
447
446
446
446
446
446
446
446
446
446
446
446
446
446
446
446
446
446
446
446
446
446
446
446
445
445
445
445
445
445
445
445
445
445
444
444
444
444
444
444
444
444
444
444
444
444
444
444
443
443
443
443
443
443
443
443
443
443
443
443
443
443
443
443
443
442
442
442
442
442
442
442
442
442
442
442
442
442
442
441
441
441
441
441
441
441
441
441
441
441
441
441
441
441
441
441
441
441
441
440
440
440
440
440
440
440
440
440
440
440
440
439
439
439
439
439
439
439
439
439
439
439
439
438
438
438
438
438
438
438
438
438
438
438
438
438
438
438
437
437
437
437
437
437
437
437
437
437
437
437
437
437
437
437
436
436
436
436
436
436
436
436
436
436
436
436
436
436
435
435
435
435
435
435
435
435
435
435
435
434
434
434
434
434
434
434
434
434
434
434
434
434
434
434
434
434
434
433
433
433
433
433
433
433
433
433
433
433
433
433
433
433
433
433
433
433
432
432
432
432
432
432
432
432
432
432
432
432
431
431
431
431
431
431
431
431
431
431
431
431
431
431
431
430
430
430
430
430
430
430
430
430
430
430
430
430
430
429
429
429
429
429
429
429
429
429
429
428
428
428
428
428
428
428
428
428
428
428
428
428
428
428
428
428
428
428
428
428
427
427
427
427
427
427
427
427
427
427
427
427
426
426
426
426
426
426
426
426
426
426
426
426
426
426
426
426
425
425
425
425
425
425
425
425
425
425
425
425
425
425
425
425
425
424
424
424
424
424
424
424
424
424
424
424
424
424
424
424
424
424
423
423
423
423
423
423
423
423
423
423
423
423
423
423
422
422
422
422
422
422
422
422
422
422
422
422
421
421
421
421
421
421
421
421
421
421
421
421
421
421
421
421
421
421
420
420
420
420
420
420
420
420
420
420
420
420
420
420
420
420
420
419
419
419
419
419
419
419
419
419
419
419
419
419
419
419
419
419
419
419
419
419
419
419
418
418
418
418
418
418
418
418
418
418
418
418
418
418
418
418
418
418
418
417
417
417
417
417
417
417
416
416
416
416
416
416
416
416
416
416
416
416
416
416
416
416
416
416
415
415
415
415
415
415
415
415
415
415
415
415
415
415
415
415
415
415
415
414
414
414
414
414
414
414
414
414
414
414
414
414
414
414
414
413
413
413
413
413
413
413
413
413
413
413
413
413
413
412
412
412
412
412
412
412
412
412
412
412
412
412
412
412
412
412
412
412
411
411
411
411
411
411
411
411
411
411
411
411
411
411
411
410
410
410
410
410
410
410
410
410
410
410
410
410
410
410
410
410
410
410
410
409
409
409
409
409
409
409
409
409
409
409
409
409
409
408
408
408
408
408
408
408
408
408
408
408
408
408
408
407
407
407
407
407
407
407
407
407
407
407
407
407
407
407
407
407
407
407
406
406
406
406
406
406
406
406
406
406
406
406
406
406
406
406
406
405
405
405
405
405
405
405
405
405
405
405
405
405
405
405
405
405
404
404
404
404
404
404
404
404
404
404
404
404
404
404
404
404
404
404
403
403
403
403
403
403
403
403
403
403
403
403
403
403
402
402
402
402
402
402
402
402
402
402
402
402
402
402
402
402
402
402
402
401
401
401
401
401
401
401
401
401
401
401
401
401
401
401
401
401
401
401
401
401
401
401
401
400
400
400
400
400
400
400
400
400
400
400
400
400
400
400
400
400
400
399
399
399
399
399
399
399
399
399
399
399
399
399
399
399
399
399
399
399
399
399
398
398
398
398
398
398
398
398
398
398
398
398
398
398
397
397
397
397
397
397
397
397
397
397
397
397
397
397
397
397
397
397
396
396
396
396
396
396
396
396
396
396
396
396
396
396
396
396
396
396
396
395
395
395
395
395
395
395
395
395
395
395
395
395
395
395
395
395
394
394
394
394
394
394
394
394
394
394
394
394
394
394
394
394
394
394
394
394
394
394
394
393
393
393
393
393
393
393
393
393
393
393
393
393
393
393
393
393
392
392
392
392
392
392
392
392
392
392
392
392
392
392
392
392
392
392
392
392
391
391
391
391
391
391
391
391
391
391
391
391
391
391
391
391
391
391
391
391
391
391
391
391
391
391
390
390
390
390
390
390
390
390
390
390
390
390
390
390
390
390
390
390
390
390
389
389
389
389
389
389
389
389
389
389
389
389
389
389
389
389
389
388
388
388
388
388
388
388
388
388
388
388
388
388
388
388
388
388
388
388
388
387
387
387
387
387
387
387
387
387
387
387
387
387
387
387
387
387
387
386
386
386
386
386
386
386
386
386
386
386
386
386
386
386
386
386
386
386
386
386
386
386
386
386
386
386
386
386
386
386
385
385
385
385
385
385
385
385
385
385
385
385
385
385
385
385
385
385
384
384
384
384
384
384
384
384
384
384
384
384
384
384
384
384
384
384
384
384
384
384
384
383
383
383
383
383
383
383
383
383
383
383
383
383
383
383
383
383
382
382
382
382
382
382
382
382
382
382
382
382
382
382
382
382
382
382
382
382
382
382
382
382
382
382
381
381
381
381
381
381
381
381
381
381
381
381
381
381
381
381
381
381
381
381
381
380
380
380
380
380
380
380
380
380
380
380
380
380
380
380
380
380
380
380
380
380
379
379
379
379
379
379
379
379
379
379
379
379
379
379
379
379
379
378
378
378
378
378
378
378
378
378
378
378
378
378
378
378
378
378
378
378
378
378
377
377
377
377
377
377
377
377
377
377
377
377
377
377
377
377
377
377
377
377
376
376
376
376
376
376
376
376
376
376
376
376
376
376
376
376
376
376
376
376
376
376
376
376
375
375
375
375
375
375
375
375
375
375
375
375
375
375
375
375
375
374
374
374
374
374
374
374
374
374
374
374
374
374
374
374
374
374
374
374
374
374
374
374
374
374
374
373
373
373
373
373
373
373
373
373
373
373
373
373
373
373
373
373
373
373
373
372
372
372
372
372
372
372
372
372
372
372
372
372
372
372
372
372
372
372
372
372
371
371
371
371
371
371
371
371
371
371
371
371
371
371
371
371
371
371
371
371
371
371
371
371
370
370
370
370
370
370
370
370
370
370
370
370
370
370
370
370
370
370
370
369
369
369
369
369
369
369
369
369
369
369
369
369
369
369
369
369
369
369
369
368
368
368
368
368
368
368
368
368
368
368
368
368
368
368
368
368
368
368
368
368
368
367
367
367
367
367
367
367
367
367
367
367
367
367
367
367
367
367
367
367
367
367
367
367
367
367
367
367
367
366
366
366
366
366
366
366
366
366
366
366
366
366
366
366
366
366
366
366
366
366
366
365
365
365
365
365
365
365
365
365
365
365
365
365
365
365
365
365
365
365
365
365
365
365
365
365
364
364
364
364
364
364
364
364
364
364
364
364
364
364
364
364
364
364
364
364
364
364
364
363
363
363
363
363
363
363
363
363
363
363
363
363
363
363
363
363
363
363
363
363
362
362
362
362
362
362
362
362
362
362
362
362
362
362
362
362
362
362
362
362
362
362
362
362
362
362
362
362
362
362
361
361
361
361
361
361
361
361
361
361
361
361
361
361
361
361
361
361
361
361
361
361
361
360
360
360
360
360
360
360
360
360
360
360
360
360
360
360
360
360
360
360
360
360
360
360
360
360
359
359
359
359
359
359
359
359
359
359
359
359
359
359
359
359
359
359
359
359
359
358
358
358
358
358
358
358
358
358
358
358
358
358
358
358
358
358
358
358
358
358
358
358
358
358
358
357
357
357
357
357
357
357
357
357
357
357
357
357
357
357
357
357
357
357
357
357
357
357
357
357
357
357
357
357
357
356
356
356
356
356
356
356
356
356
356
356
356
356
356
356
356
356
356
356
356
356
356
356
356
356
356
356
355
355
355
355
355
355
355
355
355
355
355
355
355
355
355
355
355
355
355
355
355
354
354
354
354
354
354
354
354
354
354
354
354
354
354
354
354
354
354
354
353
353
353
353
353
353
353
353
353
353
353
353
353
353
353
353
353
353
353
353
353
353
353
353
353
353
353
353
353
352
352
352
352
352
352
352
352
352
352
352
352
352
352
352
352
352
352
352
352
352
352
352
352
352
352
352
352
352
351
351
351
351
351
351
351
351
351
351
351
351
351
351
351
351
351
351
351
351
351
350
350
350
350
350
350
350
350
350
350
350
350
350
350
350
350
350
350
350
350
350
350
350
349
349
349
349
349
349
349
349
349
349
349
349
349
349
349
349
349
349
349
349
349
349
349
349
349
349
348
348
348
348
348
348
348
348
348
348
348
348
348
348
348
348
348
348
348
348
348
348
348
348
348
348
348
348
348
348
347
347
347
347
347
347
347
347
347
347
347
347
347
347
347
347
347
347
347
347
346
346
346
346
346
346
346
346
346
346
346
346
346
346
346
346
346
346
346
346
346
346
346
346
345
345
345
345
345
345
345
345
345
345
345
345
345
345
345
345
345
345
345
345
345
345
345
345
345
345
345
344
344
344
344
344
344
344
344
344
344
344
344
344
344
344
344
344
344
344
344
344
344
344
344
344
344
344
344
343
343
343
343
343
343
343
343
343
343
343
343
343
343
343
343
343
343
343
343
343
343
343
343
343
343
343
343
342
342
342
342
342
342
342
342
342
342
342
342
342
342
342
342
342
342
342
342
342
342
342
342
342
342
342
342
342
341
341
341
341
341
341
341
341
341
341
341
341
341
341
341
341
341
341
341
341
341
341
341
340
340
340
340
340
340
340
340
340
340
340
340
340
340
340
340
340
340
340
340
340
340
340
340
340
340
339
339
339
339
339
339
339
339
339
339
339
339
339
339
339
339
339
339
339
339
339
339
338
338
338
338
338
338
338
338
338
338
338
338
338
338
338
338
338
338
338
338
338
338
338
337
337
337
337
337
337
337
337
337
337
337
337
337
337
337
337
337
337
337
337
337
337
337
336
336
336
336
336
336
336
336
336
336
336
336
336
336
336
336
336
336
336
336
336
336
336
336
336
336
336
335
335
335
335
335
335
335
335
335
335
335
335
335
335
335
335
335
335
335
335
335
335
335
335
335
335
335
335
334
334
334
334
334
334
334
334
334
334
334
334
334
334
334
334
334
334
334
334
334
334
334
334
334
333
333
333
333
333
333
333
333
333
333
333
333
333
333
333
333
333
333
333
333
333
333
333
333
333
333
333
333
333
333
333
333
333
333
333
333
332
332
332
332
332
332
332
332
332
332
332
332
332
332
332
332
332
332
332
332
332
332
332
332
332
332
332
332
332
331
331
331
331
331
331
331
331
331
331
331
331
331
331
331
331
331
331
331
331
331
331
331
330
330
330
330
330
330
330
330
330
330
330
330
330
330
330
330
330
330
330
330
330
330
330
330
330
330
330
330
330
330
330
329
329
329
329
329
329
329
329
329
329
329
329
329
329
329
329
329
329
329
329
329
329
329
328
328
328
328
328
328
328
328
328
328
328
328
328
328
328
328
328
328
328
328
328
328
328
328
328
328
328
328
328
328
328
328
327
327
327
327
327
327
327
327
327
327
327
327
327
327
327
327
327
327
327
327
327
327
327
327
327
327
327
327
327
327
326
326
326
326
326
326
326
326
326
326
326
326
326
326
326
326
326
326
326
326
326
326
326
326
326
326
326
326
326
326
326
325
325
325
325
325
325
325
325
325
325
325
325
325
325
325
325
325
325
325
325
325
325
325
325
325
325
325
325
325
325
324
324
324
324
324
324
324
324
324
324
324
324
324
324
324
324
324
324
324
324
324
324
324
324
324
324
324
324
324
324
324
324
323
323
323
323
323
323
323
323
323
323
323
323
323
323
323
323
323
323
323
323
323
323
323
323
323
323
323
323
323
323
323
323
323
323
323
323
323
323
323
323
323
323
323
323
323
323
323
323
323
323
323
323
323
322
322
322
322
322
322
322
322
322
322
322
322
322
322
322
322
322
322
322
322
322
322
322
321
321
321
321
321
321
321
321
321
321
321
321
321
321
321
321
321
321
321
321
321
321
321
321
321
321
321
321
321
321
321
320
320
320
320
320
320
320
320
320
320
320
320
320
320
320
320
320
320
320
320
320
320
320
320
319
319
319
319
319
319
319
319
319
319
319
319
319
319
319
319
319
319
319
319
319
319
319
319
319
319
319
318
318
318
318
318
318
318
318
318
318
318
318
318
318
318
318
318
318
318
318
318
318
318
318
318
318
318
318
318
318
317
317
317
317
317
317
317
317
317
317
317
317
317
317
317
317
317
317
317
317
316
316
316
316
316
316
316
316
316
316
316
316
316
316
316
316
316
316
316
316
316
316
316
316
316
316
316
315
315
315
315
315
315
315
315
315
315
315
315
315
315
315
315
315
315
315
315
315
315
315
315
315
315
315
315
315
315
315
315
315
315
315
315
315
314
314
314
314
314
314
314
314
314
314
314
314
314
314
314
314
314
314
314
314
314
314
314
314
314
314
314
313
313
313
313
313
313
313
313
313
313
313
313
313
313
313
313
313
313
313
313
313
313
313
313
313
312
312
312
312
312
312
312
312
312
312
312
312
312
312
312
312
312
312
312
312
312
312
312
312
312
312
312
312
312
312
312
312
312
312
312
312
312
311
311
311
311
311
311
311
311
311
311
311
311
311
311
311
311
311
311
311
311
311
311
311
311
311
311
311
311
311
311
311
311
311
311
311
311
311
310
310
310
310
310
310
310
310
310
310
310
310
310
310
310
310
310
310
310
310
310
310
309
309
309
309
309
309
309
309
309
309
309
309
309
309
309
309
309
309
309
309
309
309
309
309
309
309
309
309
309
308
308
308
308
308
308
308
308
308
308
308
308
308
308
308
308
308
308
308
308
308
308
308
308
308
308
308
308
308
308
308
308
308
307
307
307
307
307
307
307
307
307
307
307
307
307
307
307
306
306
306
306
306
306
306
306
306
306
306
306
306
306
306
306
306
306
306
306
306
306
306
306
306
306
306
306
306
306
306
306
306
306
306
306
306
306
306
306
306
306
306
306
306
306
306
306
305
305
305
305
305
305
305
305
305
305
305
305
305
305
305
305
305
305
305
305
305
305
305
305
305
305
305
305
304
304
304
304
304
304
304
304
304
304
304
304
304
304
304
304
304
304
304
304
304
304
304
304
304
304
304
304
304
304
304
304
304
304
304
303
303
303
303
303
303
303
303
303
303
303
303
303
303
303
303
303
303
303
303
303
303
303
303
303
303
303
303
303
303
303
303
303
303
303
303
303
303
303
303
303
302
302
302
302
302
302
302
302
302
302
302
302
302
302
302
302
302
302
302
302
302
302
302
302
302
302
302
302
302
302
302
302
302
302
302
302
302
302
302
301
301
301
301
301
301
301
301
301
301
301
301
301
301
301
301
301
301
301
301
301
301
301
301
301
301
301
301
301
301
301
301
301
301
301
301
301
301
301
301
301
301
301
301
300
300
300
300
300
300
300
300
300
300
300
300
300
300
300
300
300
300
300
300
300
300
300
300
300
299
299
299
299
299
299
299
299
299
299
299
299
299
299
299
299
299
299
299
299
299
299
299
299
299
299
299
299
299
299
299
299
299
299
299
299
298
298
298
298
298
298
298
298
298
298
298
298
298
298
298
298
298
298
298
298
298
298
298
298
298
298
298
298
298
298
298
298
298
297
297
297
297
297
297
297
297
297
297
297
297
297
297
297
297
297
297
297
297
297
297
297
297
297
297
297
297
297
297
297
297
297
297
297
296
296
296
296
296
296
296
296
296
296
296
296
296
296
296
296
296
296
296
296
296
296
296
296
296
296
296
296
296
296
296
296
295
295
295
295
295
295
295
295
295
295
295
295
295
295
295
295
295
295
295
295
295
295
295
295
295
295
295
295
295
295
295
295
295
295
295
295
295
295
295
295
295
295
295
295
294
294
294
294
294
294
294
294
294
294
294
294
294
294
294
294
294
294
294
294
294
294
294
294
294
294
294
294
294
294
294
294
294
294
294
293
293
293
293
293
293
293
293
293
293
293
293
293
293
293
293
293
293
293
293
293
293
293
293
293
293
293
293
293
293
293
293
293
293
293
293
293
293
293
292
292
292
292
292
292
292
292
292
292
292
292
292
292
292
292
292
292
292
292
292
292
292
292
292
292
292
292
292
292
292
292
291
291
291
291
291
291
291
291
291
291
291
291
291
291
291
291
291
291
291
291
291
291
291
291
291
291
291
291
291
291
291
291
291
291
291
291
291
291
290
290
290
290
290
290
290
290
290
290
290
290
290
290
290
290
290
290
290
290
290
290
290
290
290
290
290
290
290
290
290
290
290
290
290
290
290
290
289
289
289
289
289
289
289
289
289
289
289
289
289
289
289
289
289
289
289
289
289
289
289
289
289
289
289
289
289
289
289
289
289
289
288
288
288
288
288
288
288
288
288
288
288
288
288
288
288
288
288
288
288
288
288
288
288
288
288
288
288
288
288
287
287
287
287
287
287
287
287
287
287
287
287
287
287
287
287
287
287
287
287
287
287
287
287
287
287
287
287
287
287
287
287
287
287
287
287
287
287
287
287
287
287
286
286
286
286
286
286
286
286
286
286
286
286
286
286
286
286
286
286
286
286
286
286
286
285
285
285
285
285
285
285
285
285
285
285
285
285
285
285
285
285
285
285
285
285
285
285
285
285
285
285
285
285
285
285
285
285
285
285
285
285
285
285
285
285
285
285
285
285
285
285
285
285
284
284
284
284
284
284
284
284
284
284
284
284
284
284
284
284
284
284
284
284
284
284
284
284
284
284
284
284
284
284
284
284
284
284
284
284
284
284
283
283
283
283
283
283
283
283
283
283
283
283
283
283
283
283
283
283
283
283
283
283
283
283
283
283
283
283
283
283
283
283
283
283
283
283
283
283
283
282
282
282
282
282
282
282
282
282
282
282
282
282
282
282
282
282
282
282
282
282
282
282
282
282
282
282
282
282
282
282
282
282
281
281
281
281
281
281
281
281
281
281
281
281
281
281
281
281
281
281
281
281
281
281
281
281
281
281
281
281
281
281
281
281
281
281
281
281
281
281
281
281
281
281
281
281
281
281
281
280
280
280
280
280
280
280
280
280
280
280
280
280
280
280
280
280
280
280
280
280
280
280
280
280
280
280
280
280
280
280
280
280
280
280
280
280
279
279
279
279
279
279
279
279
279
279
279
279
279
279
279
279
279
279
279
279
279
