1111167
596873
417672
324667
268763
226822
201945
181163
161579
147012
135190
125894
118020
111253
103800
98632
93870
90928
86471
84175
81170
76478
73163
74560
70908
68220
67111
63227
62682
60468
57688
58204
56420
55156
52342
53653
51881
48635
49120
49357
49687
48665
44696
46170
44480
42790
44372
42719
42885
42598
41196
39736
39273
38334
38305
38205
38051
38225
36916
35711
36410
36646
38879
34326
34222
34674
32603
34225
33543
32948
32553
32918
32212
31637
31606
31126
30274
30576
30761
29452
30011
30331
29574
30740
28195
27863
29072
29248
29963
28793
26998
27517
27396
27767
25826
26285
26083
27701
26468
26098
26121
26098
26416
26518
24608
24234
25521
26196
25554
26300
25733
24969
24560
23920
24602
25073
24703
23679
23101
23576
23165
23905
23754
22590
23310
23161
23434
23302
22995
21859
23969
23816
21585
22024
22582
22515
22482
23074
21894
22613
22568
23163
20964
21120
23070
20433
20553
19869
21113
21960
20159
19276
23696
20903
21144
21765
21679
19040
21738
22384
21149
20024
19499
18698
20166
22696
20245
19109
19111
19540
19554
19739
20192
18642
18695
20145
19744
18543
19077
21188
18635
19411
18753
19273
18928
19312
18157
19032
19128
17974
20209
18174
17907
18506
18078
19241
18885
17123
18157
19155
18294
17555
17417
18896
18053
17576
18200
19264
18428
18680
17845
16373
18333
17221
18792
18086
17690
17108
16633
17089
16399
16785
16917
17641
18107
16580
17935
17488
18873
17761
19343
17616
17302
15912
17476
19126
16755
17704
16392
17922
17901
16378
18242
15903
16661
16365
15814
16872
17986
15688
16389
17174
17709
15404
15695
15130
16450
18000
18299
18023
16701
16177
17792
16504
15083
16436
16679
16620
17468
15158
17447
14567
15090
16526
18284
16388
15128
17769
16557
15929
15338
17220
16837
17501
15451
16350
15494
17078
18105
15523
15991
15604
15368
14891
16215
15978
15162
15963
16716
16589
15180
13929
17575
17085
13461
15934
14852
15529
15666
15041
14900
16517
13713
15041
16578
15626
13156
13990
16124
15780
15784
16005
15850
14233
14144
14280
15885
13960
16160
14941
16236
15834
14774
15066
14485
15612
14431
15720
15427
14802
14636
14972
15564
14434
14631
15091
15407
15206
15293
13744
16558
15001
14302
16183
13872
15617
15395
14974
15868
14817
16091
13400
14627
13829
14578
13203
13819
13232
15135
14640
15139
14853
15105
13942
14712
15128
16686
14690
14635
14433
15078
14918
14299
14546
16664
13939
14472
13781
14076
15319
15348
15121
13588
15561
15083
12934
13260
13955
14306
13807
14731
13109
15558
14160
13956
15993
14182
14875
14325
13883
13652
13901
16188
13920
13243
15589
13377
16100
14442
15452
12362
14249
14241
12823
12421
14654
12942
13692
14747
14761
14061
13558
12703
13868
13968
13160
16468
14143
14264
14754
13249
13731
14307
13884
13860
12057
14054
13785
13241
15163
14843
14599
13062
14396
14823
13342
13810
13479
13729
13166
14116
13289
13517
13119
13839
13502
15779
14857
14001
14342
14585
14202
13622
14354
14669
12313
13141
14455
14383
13034
14448
14031
14891
14460
12552
13248
13941
12220
12499
14376
13419
14092
12501
12662
12159
13152
13466
12762
12951
12666
14612
13810
13260
12117
12863
12905
14095
12961
12450
13626
13167
11656
14275
12686
13271
14036
16551
15194
12346
12205
12052
12128
12898
13219
13077
13293
13155
12033
12384
12966
12659
13446
14056
14518
12672
14235
11622
13662
12295
12785
12529
14268
13389
13107
14353
12946
13252
12880
13095
13449
12114
13293
12306
12976
13123
12400
12204
11852
13822
12119
12264
13148
13094
12724
14478
12709
13944
11993
10607
13627
11496
14009
13357
12607
13150
14621
11956
12036
13065
11563
11265
12510
11941
13005
14530
13615
12816
11850
13573
11776
13124
12356
11816
12223
13402
13491
11740
10966
12669
11615
11737
12777
13623
12673
13650
13988
12761
13087
12833
12783
14018
12698
12330
11871
12651
12949
12039
13159
14843
11712
13148
12151
13136
12630
11607
13965
11712
13019
14636
12713
12272
13832
13609
12923
13458
11527
11207
13167
12272
11478
12109
11848
11741
11772
13829
15510
12579
13763
11777
14066
13185
12257
11482
12232
11487
11087
14378
11148
11736
11045
11964
11177
11876
11664
11867
11856
11783
12180
11418
12445
11875
14361
12384
12283
11116
12567
13008
13146
12337
11710
12940
14806
11571
11455
11122
12101
14036
12279
14790
12010
12892
12812
12694
13149
13079
13398
11136
11292
11753
11912
11316
11582
12529
12595
11420
10911
11479
11968
13053
13733
11729
11024
11370
12713
11067
11423
13152
11252
12846
12273
13321
11704
10594
14188
11429
11025
13300
12469
12354
12709
11994
12496
12528
11687
12773
12930
12992
13251
11995
12309
14739
13686
11069
13324
10709
11633
12312
10988
11876
12127
11864
12754
11095
12509
11280
11819
12048
11952
12635
12334
10456
11418
11191
12045
11086
12455
12610
11343
13354
11622
11861
11234
11827
10892
12026
12549
13609
11616
11990
11674
11968
13667
11794
11393
11445
12726
13659
11257
11743
12244
12432
11670
12131
11115
12538
11328
12284
10528
10978
12214
12272
10709
11442
13100
10048
12501
14541
13207
11520
12138
11428
10534
11701
11656
12128
12511
11957
11357
12646
11823
10268
11249
10919
10939
11155
11408
12127
12655
12114
13164
13017
13067
11001
10885
12803
11036
12911
12907
11187
11883
12239
11859
13160
12993
11811
9186
12591
12384
12997
12059
13106
11123
10927
11733
12790
12271
11227
9967
10846
12003
11661
14466
10686
11174
11121
12995
10567
11704
12317
12518
11775
10178
11876
11204
11939
13623
10957
13243
11912
11776
11801
10450
14951
11433
10505
11674
12212
11535
15576
11647
11358
11256
12317
11265
11518
11686
12789
10672
9783
9960
11074
13027
10855
11572
12033
10050
12126
12025
10896
10804
12386
10546
13013
11315
11457
10727
11154
11315
13056
12952
9948
12340
11359
11532
11263
10084
10894
12952
12315
11205
11229
11183
11611
11084
13334
10370
12565
12343
11153
11495
12172
12876
10438
11682
10526
10580
12331
10632
10277
10862
10637
10760
11693
11683
10736
11663
12521
10816
13344
11467
10255
11840
11377
11761
11416
9561
12357
10948
14253
10803
12371
11943
12305
11917
13126
10516
11338
9178
11833
13601
9787
12324
11453
10862
10435
11096
12043
11040
11641
10794
11425
12001
12355
11429
11654
10370
11241
11724
11239
11978
12248
10944
9252
10787
13311
12017
11066
10830
11520
11352
9715
12016
10487
11598
11037
10996
10601
10649
9896
11638
12410
10527
10065
11123
10740
12450
11194
13073
10253
11281
10368
11154
11547
10941
10980
10041
10942
10045
12484
11046
10887
11759
10732
12348
11233
11031
10746
11712
11759
9791
10737
13151
10316
12494
11293
11256
10595
10995
11153
12300
11657
12196
11647
11797
10313
10584
10821
11373
11816
12681
12240
11577
11678
12391
11100
10603
10970
12021
10470
11464
9989
13874
11243
13866
9540
10061
13149
9700
9966
11187
11733
10889
9591
11201
10617
10922
10713
11266
12092
12167
9730
12342
9672
10038
10335
11589
11400
12279
12055
12194
10676
10881
12843
9800
12576
12035
10760
12422
12085
10207
11172
11629
11413
10715
10673
11789
10704
9722
9926
11905
11626
10983
10336
11483
12432
12106
11222
11571
12330
10618
10612
11684
11182
10816
10379
11401
12076
10963
10136
12087
11057
10331
10764
11390
10522
9346
13341
11422
11660
11266
10997
12003
11342
11842
9843
10141
10730
10469
11369
9671
13433
11659
12575
10342
10677
9733
10778
10054
10601
10267
13132
10864
10484
10469
11178
10789
10553
11539
10875
11590
10894
11214
10947
11975
11449
12184
10387
10862
11048
13230
12115
11341
10794
12202
10978
10480
9754
11633
11688
10256
10353
12221
11243
12249
11107
12454
10730
9781
11449
11309
11001
13921
11987
10750
10348
9719
13682
10529
10471
10879
11764
11501
10282
11540
10654
10439
11294
13381
12224
13514
10052
9458
10004
10495
10927
10062
11838
11684
11214
10210
9668
11435
9761
11971
12708
12008
10213
10258
11029
11336
10163
10679
11130
9486
10007
10481
11147
10841
11976
10084
11404
11735
11831
10913
10247
11611
12534
11375
10670
11257
11272
12059
10649
10470
10096
11085
12476
9680
10019
10164
11751
10103
11281
10547
10784
12115
10516
10337
12833
12877
10399
10166
11483
12163
11165
10479
11402
9802
12625
10165
9991
10202
10992
10721
10779
11494
10224
12596
10995
9340
10711
10237
11285
12063
8997
10841
10959
9050
11174
10003
11768
11986
9955
9222
11641
10623
10796
9444
12289
11537
10208
9811
10133
9885
10751
10880
11068
12182
11229
10445
9373
8401
10595
10229
11270
10447
11202
10845
10245
14793
10916
11297
11126
9291
9916
10370
12338
12245
11085
11023
8852
9106
11803
10113
10894
9972
12508
10742
10504
10434
11058
10450
9581
10734
11358
11052
9021
11006
11244
10234
11570
11823
9884
10613
10148
10976
11416
13111
10473
9818
13246
9991
11423
10656
11164
9418
11484
10815
10392
8315
10590
11819
8843
11187
12368
9998
10693
11630
10793
10426
10786
9849
9507
12204
9727
9634
10120
11179
9164
11993
9371
11889
12040
10643
9728
10118
11794
10870
10508
10463
10379
10541
10813
9737
10474
10687
10661
11496
10741
12198
10601
10945
9760
13096
13147
10262
10719
9675
11885
11152
8903
9343
10664
9567
10358
11022
10520
11339
10670
9048
9918
10420
9709
9945
9944
11180
9961
10155
10788
12305
10846
10382
10698
10380
9625
10212
10261
9667
10735
10795
12482
11483
9479
9201
11311
11317
11648
11773
10689
10249
9893
11129
12261
9929
11052
10147
10231
11001
12679
10523
11836
10351
10044
11770
11454
10660
11085
11379
9077
11943
10946
10682
10368
10437
11329
11057
10412
10199
9916
9890
11781
11443
10132
10862
10017
12977
11417
10348
10711
10336
11018
11412
9394
11323
9847
11322
10600
11112
10811
11107
11801
11212
11938
10891
11118
9898
10953
9620
11132
11102
11536
11085
9900
9876
8871
11280
10802
10914
10461
10132
12476
9706
10799
11104
10045
11412
8307
10185
10202
10301
11824
9945
11165
10177
11487
11728
10849
10506
10534
12270
9118
11495
11037
10696
10358
9883
10090
11858
11477
11068
10590
10581
9950
9209
10703
9954
10696
10560
10223
10327
11545
11645
11714
10132
9638
11040
11101
11645
11370
9974
10803
9916
9692
11093
10675
12702
10816
9897
11943
10995
9591
8906
10825
10575
10197
8565
10806
11490
11402
11501
10100
10512
9780
9264
10034
10039
10765
12436
11200
9791
10884
11059
11328
11647
9559
11265
8946
11730
12127
9164
11713
10505
10798
9727
11141
11238
10873
11336
11765
12054
11666
13149
10210
11150
9636
10039
9653
10686
10606
10561
9489
11315
11359
11941
9951
8946
9820
11442
10954
10760
10149
10732
11220
10204
8942
11012
9054
9031
8494
10912
11773
10164
10091
11570
11555
8727
11321
11161
11138
10903
9993
9681
10586
9345
10322
11310
9877
10905
11391
9327
9849
11728
12130
9222
11383
9288
9163
11552
10413
9681
12499
9641
10943
10771
10836
11272
10622
9813
10727
10890
10947
11351
11144
10953
10338
10154
10192
10332
10238
10152
9570
10745
10174
11232
11774
11249
9704
11338
10349
9937
11550
9900
11186
9921
10736
9398
10448
10428
9525
11494
10524
11433
10749
11253
10818
9428
10381
10599
10069
9754
12213
12220
10176
9565
10847
11119
10103
10533
13306
9465
10054
12185
10502
10854
10437
10866
10884
10369
10552
9093
10027
10688
11043
9507
11121
9722
10079
9713
10348
11286
9532
9036
11427
11867
11889
10675
11242
9882
10370
9848
10420
10758
10164
8687
11035
10152
10940
10335
9927
9690
10623
11922
10224
10086
11109
8936
12989
9497
9469
10357
9032
10691
9391
10134
11063
11136
11420
8965
11110
10511
11614
9662
12532
10682
10042
9825
9712
10658
10981
9003
10714
10873
9819
11179
10505
10366
9282
9891
11001
10448
12990
10030
10539
9278
9103
10875
11131
10785
9672
11725
10010
11969
11195
10708
10097
11252
8997
10102
9441
10905
12278
10240
8873
11159
10873
10287
12289
10185
10443
10643
8277
9739
10887
10741
10022
9287
11075
9474
12270
9738
10432
11032
12054
10516
8866
9343
11144
13354
11787
10199
10514
12017
10853
10474
10161
11045
12393
10799
10738
11712
11798
10106
10583
10252
9752
12374
9086
9709
9903
10557
9252
13094
10555
11544
11038
10340
10517
11088
9381
10119
10687
10933
9879
9076
9734
10470
13388
10752
7401
8552
12144
10816
10876
10634
9845
9990
10257
11464
10582
10915
8562
11070
11898
11201
10245
9638
9303
10242
10151
10239
11020
12307
10794
8492
9599
9253
9340
10031
11973
10675
10289
10466
9725
10850
10346
9550
9434
9688
11700
10034
9641
10584
9532
11029
8621
9867
9599
10191
10153
9545
12238
9654
10050
10598
10943
12212
10429
10030
9900
11646
10056
11085
10183
9054
11458
10514
11406
10193
11762
9333
10540
8947
10815
8773
9797
10424
10441
9431
11688
9636
10314
9622
9384
9953
9222
9940
10779
11605
10446
10544
10583
8895
9331
9324
10514
9486
9496
11704
10009
9235
9512
9884
10626
10791
11775
10549
9123
9583
9259
11115
11032
10229
10870
9494
10471
10731
9290
10107
10651
9169
8775
11267
11838
10273
12494
8369
11859
9537
9986
10848
11219
10282
11620
9909
9148
9329
11346
10578
9587
7782
10792
10530
11657
10193
9228
10543
9580
10577
9593
8944
9164
9445
10885
9925
10865
10538
10648
10024
10544
11855
11853
10451
10195
9073
10395
9049
12298
11094
12303
10290
10312
8367
8818
10610
11898
9201
10426
11441
10889
10621
10345
10577
11510
9734
10946
12000
10727
11771
9182
9662
10787
11149
9856
10983
10566
9324
10914
9006
8433
10691
10576
10734
12391
9979
9736
11038
8616
10893
10136
10199
11458
10121
11464
11197
8728
8370
9764
9638
9973
10560
9979
8883
10615
9299
8584
9673
13667
11609
11070
10196
10333
10238
10152
10089
11375
10606
10616
9273
10487
10514
12343
9695
10674
9448
10535
9029
10645
10800
10030
8298
10564
10796
10961
8352
9606
10063
11158
10734
10450
10234
10727
8762
9788
8782
9121
9732
9780
11329
9820
9508
11147
10168
10179
9029
9226
10003
10190
11971
10085
9760
11272
10989
9850
11431
8786
11119
10550
8233
10426
12637
11321
10271
8533
10841
10555
9525
12172
9127
11088
10402
11349
9833
10643
10841
11539
13570
9211
9886
10358
9677
11111
12188
11101
10074
9645
9887
10676
9161
8814
9850
11154
9172
10941
9499
11257
10485
11083
10110
10465
10826
10414
10749
10012
10362
10675
9803
11288
10498
11624
10339
12062
8789
9692
8398
10923
12105
10463
10353
10415
10896
11063
10040
10376
10067
8861
10238
8394
9146
11114
9434
10276
12221
10587
10825
9535
9618
11191
10257
11096
9119
9819
10590
9214
11359
10618
10437
10412
9677
11271
10710
8804
10022
9937
11867
10597
10950
12098
10076
12298
7952
10684
8972
8947
10010
8667
11496
9906
10788
9790
11754
9893
9516
8917
9351
9457
9970
10108
11241
10285
10097
10078
9324
9861
10349
9371
12955
9320
9509
10331
9115
10522
10226
9824
10677
11288
8588
9688
9339
10703
11131
9040
9772
9305
9357
11071
9385
9210
8507
9855
12064
10923
11329
8433
9283
8231
9742
9278
11033
9664
9590
10146
11009
10081
9947
9791
10465
10565
10773
10568
10438
9036
10877
11535
11480
10447
11850
11005
11125
10078
9763
10342
9761
10736
10443
9431
10186
11611
9077
9774
12294
10949
10329
9664
11619
9921
10080
10149
10815
9711
10732
9037
12582
8950
10516
8317
9192
8785
9981
9109
11844
9428
9866
10777
10370
8572
9638
10101
10412
9381
11371
10207
10506
9232
10412
10817
8807
11771
9343
11502
9888
10792
10998
10521
8072
10950
9098
9000
10104
11187
9747
11173
9448
8498
10549
12274
10125
11336
9861
9193
9698
10482
10197
11166
8766
10982
11545
9486
10016
10096
10570
9039
9374
9705
9057
10563
11568
12169
9658
9666
10956
9260
9906
8913
9742
10219
8998
10009
8932
10865
11160
9654
8249
12387
9887
9313
10392
10226
10688
11270
10211
11766
9799
9308
10622
10679
7849
9731
10233
10196
9702
11036
9655
11411
9759
10846
10581
10269
11118
10825
10197
10914
9771
11645
10445
10462
9295
10564
10482
9654
11700
10446
9567
9837
10379
11947
10429
9829
11138
11169
11644
10533
9588
7888
10672
10015
9331
10275
10094
9216
10578
8863
9408
9496
9302
9944
9119
10585
9080
10178
10580
9671
10162
11266
12325
10234
8807
10609
10488
10408
9632
9418
10209
9611
10871
10622
8764
11259
11621
8788
10508
8498
9505
9000
10756
9469
9144
9540
10596
8661
9158
8431
9989
11618
8730
9630
9559
11353
9418
9648
9246
9405
10358
10364
10113
11244
10354
9944
9755
10864
11380
9110
10604
9896
10771
10402
9671
9887
9499
9613
9377
11325
10942
8718
10768
9888
9683
12552
10199
11414
9308
8631
9832
10484
10088
7956
10055
10389
10448
10697
8552
10153
9849
10063
10875
9688
9249
8835
11537
10420
10583
12285
11957
8738
9160
9476
9199
10438
8873
8345
9170
9126
10494
9475
10976
11133
8802
9254
9357
9121
10455
9835
9736
10340
9905
9474
10721
9609
10061
11409
8353
11943
10793
10733
8822
9783
9448
8224
10722
12009
9486
9300
10492
9791
7956
10245
11282
9892
10109
10869
9888
10481
9197
9809
10212
12518
9512
10768
11993
9582
9998
10480
8451
10290
9900
12460
11669
10623
8783
10483
9935
10180
10230
11891
8502
10722
10675
11457
9276
10920
11383
9011
9831
11480
9485
10155
10260
10454
11087
9535
9145
9994
10574
10515
10365
11100
10387
10946
10106
11684
10931
9464
9086
9544
10146
12786
9852
8205
9041
10030
10011
9302
10418
9559
10350
9947
11479
9809
11197
9548
10679
9248
11408
11482
12115
9624
10858
10460
10462
11354
9189
8869
9308
11032
10134
7831
9143
9952
9453
10787
9714
9903
9621
11059
9091
9976
10460
10187
9402
9966
9848
12968
8470
9669
10891
8193
9821
10826
10128
9534
8980
11191
9706
10172
9489
9000
10025
8149
9451
9660
10611
9316
11376
9575
9855
10118
10204
8762
9822
8714
9559
10963
9469
10176
10880
10300
10767
9629
9655
10494
9849
11469
9431
9394
9865
9923
9918
9324
10594
10953
10469
8600
9126
9011
10547
9534
10644
9348
8496
9975
10711
10961
8700
9683
10469
9484
10096
10329
9104
9537
11610
9512
11030
10543
9593
9453
10471
10775
9585
8567
9951
11029
10598
11344
11457
10456
10896
9081
9973
10237
9273
9447
11787
10257
8747
10630
9385
10516
10508
9916
10432
12331
9665
9357
9945
9149
10391
10643
9152
10089
11566
11255
9415
11823
10021
9494
9542
9004
8940
9818
9291
9452
10559
10199
9369
8807
8638
11279
10345
9591
9763
11336
11916
10548
9768
8996
9698
10491
10278
11029
9357
10968
10235
9585
9338
12377
9986
10594
11830
8854
9577
9653
12094
9385
9843
9925
9095
10419
11281
10432
9559
11068
10249
10311
11259
10408
9036
11178
10238
10417
10734
11295
9841
8912
10447
10563
9499
9993
12066
9507
10604
8887
10441
7429
11716
10811
10741
9700
10198
8412
10569
10727
8644
10622
10029
9116
9428
9692
9046
11606
9205
10148
9669
9623
9553
9738
11283
9782
9830
8860
10112
8987
9493
9755
10852
9157
9771
9233
10762
10598
9786
10233
10245
10063
9362
9122
10307
11164
11593
10933
13262
11395
10297
9201
10156
10394
11172
9696
11189
8452
10323
9242
9061
8362
9878
10141
8948
9037
10946
11706
9753
7948
9701
10652
10782
10174
10458
10229
11477
10499
9512
8135
9692
9865
8087
10299
10322
10275
9711
9496
10234
8539
10382
11101
10978
10561
9797
10444
9774
12467
12229
8352
9263
10271
9857
9435
10434
8695
10192
7431
9953
10508
9287
9773
9687
9589
9658
10146
10590
9772
9238
8710
9952
9010
8866
9446
9766
11286
8986
11937
11367
9521
9190
9428
10364
10279
10359
9525
9288
9567
9190
10551
9228
9214
9418
10934
9760
8415
9313
9997
10140
10190
10448
9435
10963
11114
9337
9125
10379
10847
9186
10011
10522
10192
9973
10060
9658
9969
9824
9260
9981
9437
11315
9449
10092
9125
12327
10240
10745
10581
10175
9489
8841
10110
9166
8789
9647
10137
8373
9796
11079
11075
8218
11356
10269
10054
10469
8900
9070
11008
8846
11409
10460
10374
11454
9647
9177
10414
8483
10724
9009
11441
9366
9254
8958
9218
8464
9548
8784
9079
8535
9526
8412
9377
9412
11280
10102
9690
7761
11063
9900
8849
10106
9953
10363
10602
9002
10279
10243
10718
9665
10944
10011
9804
11482
9399
9532
9437
10862
10111
11351
11135
9392
8900
9412
9620
11103
9075
11356
9825
10668
10234
9968
13542
10188
8369
9226
11495
8896
10417
9490
10686
10101
8838
11642
8985
11057
10339
9004
9445
8818
10435
10020
9618
9819
10012
8731
10050
10556
8565
10147
8370
8361
10629
10367
10601
9997
9342
9154
11693
10470
9739
9623
10522
11698
9632
10242
10147
9290
11656
10395
10650
8988
11257
8970
8691
9192
9500
11540
9889
10155
8359
10190
9625
10580
10277
10847
10469
10279
9606
10679
9650
11467
10708
10232
10100
9879
10919
10144
9372
11027
9085
9968
9766
8419
9103
9344
10502
9392
10727
9719
9835
9171
7884
9622
10481
9331
10475
10692
10564
10275
8394
11392
9232
9544
9470
9545
10711
10934
8766
10204
10079
9634
8947
10458
7908
11945
9547
13081
8646
10465
10386
9194
9274
8826
9201
9258
9607
10950
9737
9796
9743
11894
10847
9921
10040
9160
9233
8143
8585
8944
10166
8956
10867
9611
9484
11060
9937
11334
10833
9335
8994
9524
10098
12575
9533
13124
9667
8868
11990
10815
9819
9767
10286
8999
10467
11360
9178
11740
9815
9260
8631
11465
10042
9744
9968
9672
9146
12301
10048
9442
9129
9763
10686
9790
12198
10739
9547
9579
11776
9492
11389
11467
9737
10995
10628
11458
9199
8663
9377
9884
9474
10007
8348
8633
9798
9894
10628
8704
8311
10826
10401
10997
10410
8783
9794
11826
9762
8883
10048
8275
9061
10008
9238
9881
10218
8831
10285
9569
9665
8983
9827
10727
8301
11251
9460
8008
9045
9109
11838
9745
10999
9468
10094
10567
10070
9825
8140
10239
10533
7988
8931
11949
11695
9628
9462
11096
9983
9804
8985
10366
10207
11160
9601
9145
9342
9929
10110
8850
10255
9056
11723
6927
10048
9909
8524
10870
10040
9003
9622
8656
9980
9209
8557
11825
10633
9496
8961
9377
9342
8922
9524
9481
10132
9338
7619
9983
9181
9286
10153
10151
8873
7820
9233
11079
12058
9535
9641
9888
9065
11362
9205
9839
9566
9283
9975
9219
8958
8753
8921
8570
9944
10719
9201
9801
10102
9937
9505
9392
8797
9911
9018
9310
10074
9900
9477
7706
10253
9241
10339
8956
10146
9535
10521
9381
9905
9141
11304
9459
10467
11057
10696
10432
9537
10710
9217
10182
10800
10736
9575
10847
8106
9407
9243
9582
8883
10019
9339
8902
10357
10893
10191
9233
8958
9368
9551
9600
9394
9895
9215
8941
10174
10474
8202
10159
10121
8808
9979
9200
9750
8941
11538
9732
10043
9914
11408
10639
10140
11467
9448
10272
9527
11147
9738
9767
9565
10460
11257
9472
9756
10227
10381
8458
10136
10680
9440
9730
9781
11054
8157
8032
9163
9456
8993
10243
8345
10120
9208
11400
10219
9271
9725
9136
9537
9009
9350
8648
10444
8644
8055
11606
11474
9612
9763
10121
9986
9034
9702
8843
9535
10567
7946
9479
10735
10180
9584
9837
9167
9241
8913
10628
9717
9968
8630
10153
9653
11463
10727
9066
8915
10215
9655
9700
9801
8455
9942
12410
9903
8813
11778
9248
11537
10097
10060
9847
9694
9344
9394
8622
10392
9591
9229
8912
10979
10389
10937
8824
9590
10532
8950
11576
11250
10506
9579
10440
7716
9357
10743
8822
9901
9843
8804
9543
9102
9104
9121
11084
9875
9335
9581
9943
9418
10945
12391
11115
10204
9971
10613
9031
9110
8895
9848
9158
7959
8663
9818
8873
10293
11191
9155
11512
9325
10257
9997
8272
9001
10541
10438
8510
10483
9690
9791
10544
9929
9258
9047
12024
9551
9498
9856
9276
10277
11195
9836
8157
9813
9647
9025
9726
10001
10927
8406
9108
8588
8954
10670
9260
9245
8758
9362
10403
11198
8904
9807
10407
10906
11496
10271
9828
9694
9631
10476
10941
9661
8523
9739
9767
9004
9937
11650
9841
10567
10159
11165
10728
8699
10539
9968
9528
12024
10941
12983
9629
9787
9728
10090
9697
11314
8828
8958
8582
10102
11105
8997
9804
8546
9932
10767
9201
10063
9287
11255
9639
9900
10523
10839
8373
9797
9054
9065
9929
8822
11101
9040
11179
11057
10572
9235
9427
12764
8996
8765
10382
11140
10230
11126
9766
11597
9621
8687
10208
10290
10012
10370
9796
8984
12317
9486
11522
8118
8987
8936
9686
8585
11162
10897
11209
10654
9355
8954
8725
10139
8963
10234
7405
10402
11088
8236
9252
9404
10052
9929
10305
9112
10257
9407
12244
8466
9612
10041
9595
9847
10351
10372
11719
10174
8939
8953
9616
9601
7845
9272
10896
8548
10782
8804
9360
10257
10603
9746
9442
8923
11512
9177
9905
9260
8764
9139
11059
8918
9385
9727
8334
8284
10040
10153
10220
8983
8984
9264
10762
11017
10319
10407
10553
10477
8534
9579
11458
12164
11039
7896
11498
8619
10107
11633
12423
7957
8721
9251
9222
8711
9572
7817
10580
8526
9985
8863
9815
9854
11645
8624
8043
10187
9925
10606
9232
9596
11182
9163
9931
9861
9705
11109
10557
10286
10574
10080
9760
9112
8622
10452
8716
9201
9477
8417
8979
8910
10152
9157
10088
9147
11572
9465
9560
11918
9787
11019
7969
10775
10746
10090
10448
11355
9381
10407
8923
8952
10867
9700
11798
10719
10155
8632
9337
9766
9438
8314
11571
11689
8263
10073
10858
11063
9404
10543
10241
10351
10049
10253
10264
8399
10487
11037
9495
10982
9854
9423
8789
10125
8981
9770
10118
10819
10709
8182
9883
9869
11857
9345
10570
10629
10231
7959
10679
10437
12036
9730
10937
9632
8662
11809
9752
10359
10435
10885
8865
9809
12415
10149
9482
9291
10660
10540
11787
11336
11480
11670
10030
9703
8485
9637
10234
9209
11057
9448
10715
11153
9271
9925
9177
9545
9429
10248
9395
10952
8752
9943
8937
9274
8945
8207
9692
9418
8924
7909
9834
11470
9495
11382
8708
10448
8761
8706
8915
10253
9339
10391
9020
9798
9223
8704
11407
10144
12383
9229
11792
9212
9476
10236
9582
10604
10069
8994
8668
8513
10180
10120
9577
10873
9722
10399
11032
9804
7992
9385
10070
8910
11214
9733
10471
10853
9295
9586
10384
9862
10817
11005
8141
11654
9883
10679
9001
10292
9145
11264
10029
8468
11085
9398
10329
8702
9397
8829
9470
9305
11732
9240
9086
9114
9670
11087
8280
10897
10014
12396
9750
11063
9282
9512
10124
9260
9682
9172
9070
8923
8939
10713
10037
9637
10317
9329
10997
9655
9272
10070
10157
10359
9223
9353
10004
9616
10463
8978
9999
9897
8220
9985
9015
10721
11088
8872
8045
7896
7943
9106
9429
10111
10238
9660
10299
9884
10292
9907
10060
10533
10843
11030
12252
8603
9950
9235
9456
9107
9318
9671
11001
9798
8969
10661
10805
9332
10658
9212
9606
9845
11595
9665
11652
9237
9750
9685
10429
9966
9762
7763
9737
10443
11823
8370
9023
8805
7975
9137
8414
9736
9743
9486
9672
10037
10300
10074
9901
10490
9589
9737
10531
11692
10321
10429
10155
9404
8474
10039
9830
9327
9575
9299
9629
10362
9482
9926
11692
10809
8802
10073
8978
10417
10577
9510
10309
11141
9429
9664
10595
9685
11333
11154
9278
9934
9264
10109
10433
10204
10204
9638
9632
9870
9034
10787
10711
8390
9394
8643
10423
10392
7706
9721
9744
10890
10028
9078
11144
10331
10015
9553
11070
8178
9688
10120
8997
9944
9451
10084
11187
9056
10170
10785
8168
10204
10074
8175
9811
8508
9098
9650
9492
9906
10311
10336
9395
9752
9685
11088
7744
11832
9192
9364
11289
8471
9732
10265
8506
8711
9756
10466
11526
8771
10226
11465
9539
9788
8548
9530
9103
9272
9181
9372
12351
8273
10517
9605
12558
10352
10947
9795
10615
9148
9877
9980
8470
8887
9106
9033
10346
9245
12435
11305
8852
9546
9685
9535
9013
9468
8357
8780
8891
10182
10520
8990
9631
10887
10022
9162
8258
10488
10155
9213
9732
10825
10151
9948
9216
10284
9260
9022
9968
8189
10437
9123
9346
10711
9675
9192
9863
11327
10449
7863
9740
10731
9091
8192
9091
9275
9274
11668
7590
8421
10736
9160
10741
10164
9337
10425
10988
11186
9203
11249
9789
10041
8935
9047
10091
9108
8589
12261
9852
8849
10133
9338
8510
12810
8833
9429
12690
9063
9794
10323
12177
9030
10152
8543
9760
8655
9002
10718
8566
9469
9311
7205
9331
9036
9505
9456
9507
10737
10149
8224
9582
10371
9095
9669
9253
10796
8519
9048
9023
10659
11608
9114
9509
10622
8634
10489
9857
7908
10949
9454
9474
10739
8736
10405
8917
8070
10403
9493
9970
9800
10363
9708
10242
9582
10814
8298
10475
8644
9863
9600
8699
9889
9709
9357
10290
9516
9929
11272
11663
8606
10558
7477
10770
9134
8052
8997
8784
11132
9343
9782
9988
12237
12825
10131
9173
9090
9389
10748
10676
11064
9553
12882
9847
8390
8334
8966
9037
9989
9706
11677
9462
9348
10253
9046
11680
9340
11006
9373
10571
11224
10170
7384
9369
8630
8695
10096
8502
9371
9331
8072
9231
10560
8721
10064
9140
10547
9350
12969
9302
10730
10320
9295
11635
10509
8309
9942
9001
8837
9137
11270
9480
10516
10774
8648
10097
9825
9997
9881
9492
7896
11831
9774
9015
9748
10136
9665
11229
8868
10739
8517
10353
11478
9822
11095
9189
9220
8442
8428
10444
10090
10433
9059
8317
8619
10066
9114
9419
8357
9152
8994
10040
11398
10362
9500
9771
9549
10737
8125
11085
9471
9856
9732
9712
8272
8474
9444
10100
10957
8208
9767
9149
9457
9212
10313
9006
10578
10580
9970
10678
10203
11081
8999
9293
8181
10721
9360
10194
11672
9675
9314
10118
8894
9020
9911
10238
10033
11336
9293
11894
10364
10086
8391
9875
10379
10239
11037
11031
10217
9865
9979
7842
8700
10970
9469
11033
10871
8014
9849
8268
10432
10790
8975
8761
8954
11390
8469
8665
8202
10139
10331
9828
10095
8469
9849
9226
8869
10679
9678
8863
9289
7963
11104
9852
10425
9963
8994
9025
11566
9572
10033
10177
9825
10219
9402
7790
10255
9939
10941
10132
10502
10730
8356
10136
9410
9711
10628
8224
10187
9045
10149
9263
9860
8965
12421
10126
9790
11031
7406
10092
7956
9366
10418
8823
9002
9951
10546
10896
10597
9171
10149
10490
9335
8498
9238
10465
9665
10717
10368
9078
10077
9906
9084
9701
10096
10435
7518
8717
8238
10448
9601
7974
10438
10665
10172
9889
10060
8430
9801
9613
9760
10503
9039
10651
9305
10301
11147
9271
10549
9982
8318
10564
10703
9798
9348
9831
9408
9466
9002
9730
9725
12722
11062
9787
10385
8896
9469
8887
9015
11195
9813
9611
9934
10079
10305
11429
10870
8802
10656
10342
12092
10126
11054
9690
10166
8946
9635
10437
9474
10502
10153
8013
8847
10947
11179
10821
10391
10643
10234
8265
9313
10018
9076
10029
8636
10912
8390
9835
9825
9958
10608
10577
10332
8789
10134
9141
10376
8455
9752
7748
9192
10184
10829
11228
9809
9530
10287
7849
9162
10192
8975
11192
8802
9081
9173
10934
9432
8461
9832
9046
11275
8936
9219
9309
9369
9593
10201
9528
10581
10392
9590
9648
10284
8655
11719
9105
8799
11207
9765
11470
8771
9293
8663
10520
9295
10280
9283
9737
8594
10528
10306
7583
11195
11264
8605
11143
9600
9354
9651
9080
8333
8468
10174
10242
9658
9461
10142
10794
9357
9177
9389
8748
7653
10013
10088
11796
10082
9572
9422
12463
11802
10257
11175
8993
9881
10571
10184
9101
9320
8722
10267
9057
9286
8606
9638
9423
8400
13107
9897
11113
9764
9620
8252
9913
9747
12651
9780
8970
11867
9159
9295
10018
9898
9553
8473
11331
10292
11001
9360
10028
7917
8933
8763
9973
8969
10452
10270
9346
9985
9937
12192
9215
9998
10471
8068
9265
8795
9431
9845
10220
10539
10326
11479
10465
10149
8651
9062
8887
9432
8496
9148
10637
11184
9416
9845
10164
7638
9408
10023
9086
9331
10658
10313
9380
7916
10150
8833
8334
8345
11181
9146
9086
11215
8465
9208
8909
9345
8582
9654
10320
9131
9057
9798
8988
9428
8289
7687
8606
8626
9020
8831
9579
11319
9706
8541
10561
10165
10037
8417
10069
9754
11228
9489
9437
10701
9427
8742
9795
10022
10245
9639
10609
9117
10843
9243
9514
11317
12165
9666
9053
7987
10665
10010
9799
8873
9325
9535
10666
9031
8496
9146
9385
9524
9875
8532
10004
9015
13417
11608
9318
9103
7973
8658
8733
10490
11826
10311
8531
9712
8218
8042
9516
10523
9167
8600
8699
11160
10043
9490
9439
7766
10893
9235
8238
9672
8523
9842
10622
10353
10650
10089
10421
10096
9840
9662
11087
10290
8627
11009
9825
10353
9278
10063
10417
10493
11151
9726
10208
8580
9939
9686
9712
9588
10079
8631
8851
9399
9469
10790
9698
8298
7753
9031
9472
9092
9463
9542
10770
12058
9065
9952
8498
9265
11093
8789
9243
10102
10733
9852
11160
9469
9551
9123
9903
7990
9050
10943
9732
9114
10111
10629
10432
10471
9103
9271
8973
9906
7946
10485
9034
9729
9389
10429
9939
8478
9712
9181
8873
9253
9288
11057
8228
9548
9987
10079
9343
8984
8208
9469
11327
10275
9835
8704
10101
9614
9654
9070
8802
9000
11545
9090
10237
9086
10304
9470
10077
9417
10416
9797
8300
11383
11024
10394
10532
8655
9017
9448
12534
9599
10499
9036
9499
9734
10982
11279
9544
9985
7712
9452
10419
9665
8484
9622
9238
10755
10541
11087
9319
10234
8765
9661
9770
9516
8176
8870
9744
8572
9091
9895
9167
11109
9419
9506
10906
11574
9111
9897
10635
9578
9357
10458
10000
9854
10516
10919
11922
9237
9921
10473
8986
10387
9190
10060
10487
8771
9194
10424
9334
7568
8834
8275
9352
9091
8722
9392
10787
9773
8921
9422
9545
10425
12445
10279
9775
8886
10006
10070
9647
9530
7806
9961
9392
9057
8941
9915
9493
9140
9909
10021
9818
9582
9990
10408
10946
12512
10698
12767
8146
9121
9370
9110
9249
8712
7993
9402
10419
11021
9325
10822
10006
9114
10735
8658
9843
8866
9146
9103
10985
10379
8890
9559
9558
9125
8640
9832
9929
8413
9954
9136
8586
9005
8106
9831
9110
10903
9079
10520
10288
9736
9585
7669
9146
10073
9658
9000
8492
9822
9636
9841
8891
12127
9628
10458
10006
9354
10009
10786
10141
9593
8606
10302
9368
9603
8979
9973
9685
9542
10713
8602
8866
8348
7834
8438
11259
9953
11709
9613
9451
9243
9750
8999
8745
8986
9712
10869
8898
8817
10636
9370
10476
9820
10776
8492
9029
10476
9905
9086
9397
9847
8175
8525
9980
8411
10565
10219
8763
10594
9558
10282
9495
8937
10569
10084
9740
9752
11322
9804
10003
9010
9389
10345
9696
9119
10937
9887
10565
9969
9458
9736
10794
10248
10473
10818
8728
9112
8893
10424
9037
9331
9134
9349
12955
9373
9125
11964
10817
9345
10578
9875
8837
9091
10716
10126
8468
8453
9600
9844
8179
9472
8726
9685
8176
9578
10772
8548
9324
10060
8252
10130
9355
8603
12131
9731
9534
8272
10483
8822
10055
10864
7517
9256
10082
9918
10011
9712
8594
9246
8702
10323
9516
9911
11094
8717
9415
8725
9765
9354
10213
11322
9700
8705
11936
11160
8983
10884
8931
9389
8725
8633
9701
9225
10570
11833
10448
10836
11695
10467
8480
9838
8818
11824
9350
9929
9106
10251
9188
9906
9328
9960
8661
8784
9392
10450
11101
9264
8220
9142
11469
8433
9484
10224
9586
9331
11913
11023
8903
10983
10577
11070
8950
9623
9036
8681
9901
10045
11116
8815
9308
10262
7506
9655
10381
9903
9673
9650
8469
9764
10552
9791
10282
9156
9881
9546
8882
9694
9773
9188
8531
9987
10290
8148
9445
9601
10010
9722
10782
10102
10573
9706
10230
9104
7904
10628
8717
11143
9098
9797
7994
10606
10407
9502
7965
9637
9585
9062
9813
7906
9523
9752
10104
9223
8873
9291
9130
11022
10304
8168
9817
11629
8752
10944
10688
8478
11686
8119
8298
9932
10226
10672
8700
9148
9011
9631
10488
8566
12920
8993
9044
10550
10081
11086
9263
10923
9302
8819
8641
10788
9107
10244
10020
8828
8644
9685
11437
8526
9495
9211
9077
7260
9841
10435
9454
9673
9076
8273
8480
10131
11268
10140
10557
10881
8112
10149
10407
10022
8496
9714
10806
8970
7945
10633
9498
9458
8435
10204
10849
8882
10776
10919
9535
8165
9253
9032
8478
9226
9540
9209
8902
9029
10804
9509
8391
12033
10204
9494
9493
8508
8275
9791
9575
11113
10951
10225
9820
10504
8558
10903
9659
9376
11432
9738
9402
10262
9311
9666
9893
10635
11051
9181
10692
10375
8218
9043
10301
9937
9121
8942
10120
9177
11479
9750
9625
10159
11205
9186
9506
9484
9694
9951
9856
12129
9742
9154
9243
10503
9575
8224
10538
8793
8835
8359
8808
9491
12563
11387
10226
8903
8902
9679
9835
7896
9906
11228
10279
9659
10176
8866
10091
8397
8084
11169
10133
8626
8825
11339
11185
7435
10152
10465
9017
8954
8914
9437
11467
9884
9813
9875
6872
7712
10273
9056
8969
8762
10313
11446
9955
10597
9089
8406
8042
9015
8860
9383
8638
7863
8952
9342
9642
9849
8866
11958
9655
10933
9323
8802
8988
10095
9125
9006
11236
8722
10204
9851
9864
10106
9868
9556
9597
8941
9606
9127
9291
10308
9103
9201
8961
10274
7888
8602
8921
8502
9165
8870
10338
9772
9074
10403
10827
8455
10742
9104
9917
10091
8783
11896
9589
9739
10155
10104
11838
9331
8154
10495
10338
10074
10187
11455
10218
9601
8167
10001
8472
8918
9892
9276
8534
11081
10243
10048
12479
9923
9325
9780
9832
10458
10818
10467
10851
9160
9163
9141
9140
11647
8902
9896
7649
9548
10714
10204
7920
9801
8347
11183
9343
8534
8243
12155
9205
10503
9896
9477
9547
8043
9639
10192
10385
8714
10040
10056
8563
9518
9052
8516
9936
10322
11414
10813
10617
8533
9292
9874
9926
9454
12625
9278
8838
8780
9286
10460
9940
9054
11910
9386
8985
11057
9063
11048
9362
7320
10557
10435
9526
9752
8978
9114
7900
10608
10039
8970
8146
10947
9052
9861
8997
8119
10286
9482
8925
11634
9011
7906
9246
7583
10477
10576
10470
9415
9884
10671
11129
8130
7959
9370
9231
8045
9472
8826
11122
8745
9345
8870
9039
8831
9790
10325
11409
10195
8486
9507
8130
9091
9762
10297
9849
9723
9583
9870
9046
10004
9243
9251
8661
8224
10622
10489
8326
7987
10865
9429
10919
9956
8702
8766
8533
8453
8704
7251
9231
9511
9328
11964
9701
9303
8155
8961
9733
9585
9544
10236
9921
9995
8140
7124
10141
9581
8558
8347
9953
10194
10488
10242
8246
8620
12185
11073
10014
10300
10208
8671
9681
10867
11107
10364
10052
8914
7956
12076
9661
8248
9308
9516
8155
8120
10286
7914
8611
9546
12078
9869
8728
11788
9851
9876
11052
10305
9022
9942
8053
10916
8336
11080
10680
9546
9274
12406
9909
8238
10627
9346
9655
10308
10603
10010
8784
9841
10231
9400
10533
9896
9302
9357
7653
9992
9429
11086
10479
10092
9137
9735
8545
10097
8412
8931
10419
9988
8882
9679
10366
9650
8023
9104
8760
10152
10255
8886
10038
8932
9718
9490
8478
9007
9110
9287
9107
8485
10006
9020
9188
10713
9493
8681
8572
8747
10515
9854
9632
10606
10151
10215
8771
9682
10175
10815
10118
8524
11344
11566
9770
8632
10465
9551
7852
10506
10520
9484
11979
9807
8753
9547
9263
9832
9775
8258
8921
9141
9835
10956
7868
9763
9134
7649
9472
10262
11323
8893
10461
10011
10243
9190
9381
9077
10557
8958
9561
10890
8950
9325
8241
9149
9877
8538
9890
10051
10270
11413
7712
10529
9079
9664
11446
9360
10214
11760
9264
9167
10216
12317
9848
9825
9052
8691
9915
10517
9484
8650
10609
9104
9276
9767
9632
8406
8862
9502
8699
8512
9177
8913
10411
8622
10003
10367
9224
10075
9690
8969
9407
11288
9747
10081
9813
9942
11131
9431
8655
10601
10688
9915
10045
10140
8438
9539
9854
11143
9441
8925
9613
10152
10098
9634
8818
9475
9316
9948
8027
8861
9789
9620
10238
9175
9582
8513
8630
7233
10280
9295
10067
10391
9165
9199
8937
9869
7842
8240
10383
7540
9200
10322
8347
8808
9628
9303
9228
9697
9091
10440
8318
8809
10133
9327
9546
9418
9305
9645
10719
9134
9315
9798
9135
10746
10417
8817
8924
10737
10689
9392
9570
10576
9079
11416
8813
9091
9686
10062
8774
9831
8624
9127
8822
8829
9465
8106
8733
8638
9074
9512
9565
9683
8983
9006
8813
11178
9243
10300
10363
7701
9831
10944
9088
9284
8837
11220
10242
9192
7937
9041
11272
12217
8966
8081
9491
9984
9431
9721
10177
7528
10367
9631
9622
9308
10964
9630
8622
8990
9698
9932
10427
9500
9718
8411
11806
10174
10376
11420
9345
10805
9200
9200
9767
11116
10735
9041
7655
10722
8802
9272
10323
10349
9199
9354
9903
9437
9175
10364
10953
8049
10767
9650
8910
10079
10025
9013
8712
9374
8502
10599
10823
8972
9160
8948
9114
8937
10378
10575
10243
9739
9323
9894
10851
8714
8293
10226
9983
8251
8731
9663
10189
10654
10279
9897
8632
10007
10350
8712
11048
9190
9685
11497
9269
8252
9850
8644
8702
9072
8775
9625
9820
7320
9589
10508
9108
9394
10727
9375
9135
10215
9547
10523
9782
9331
9909
9201
9790
11080
9107
8633
8899
8113
8435
9017
9681
8120
10335
9581
9606
9738
9078
11143
10462
8904
9015
10098
8588
10487
9888
9613
8935
9990
8779
9512
10645
8336
9228
9611
9256
10643
9558
9063
9530
7638
10424
11875
9105
9049
10360
10714
12072
8584
8585
10096
9333
10809
11571
11102
10111
10533
9392
8980
9685
8825
9274
10407
7748
9052
10067
8414
9137
10508
9536
10850
10955
7531
10327
9053
9392
9818
9921
8862
8928
10506
9624
9078
10473
8992
9193
10275
8257
10021
10760
7927
7687
8524
10668
9679
10774
11458
10969
10687
9670
12343
9858
10956
8248
9073
9405
10312
8691
9556
9330
9903
11280
9357
8983
9263
9345
12965
9304
10685
8993
9525
7649
9073
9181
8909
9615
11108
10644
8562
9820
8797
9291
10846
9833
10245
8155
8987
10578
9346
9380
8394
10212
8449
8966
8936
10742
9241
10182
10412
9918
9558
7863
7892
10727
9269
8644
9033
7643
9356
9156
9369
9043
11538
10609
10837
8966
7863
8496
12149
9502
10668
8410
8624
10799
8326
10322
9638
9855
9106
8899
8413
8182
8946
9015
10871
9101
8983
10628
9121
9729
9714
9684
9650
9040
8397
9343
10072
10893
9963
7992
8403
10144
9795
11223
9370
9385
9422
10920
8436
8835
8356
8827
8836
10920
7892
10570
10147
7761
11407
10826
12015
8644
9392
9199
9545
8405
10191
8125
8831
8146
8981
9477
11018
9374
9430
9040
10110
9480
7420
9110
10445
8205
10127
12208
8633
9218
10460
9063
9289
10067
8508
10139
9948
7761
10575
11257
10134
9449
10408
9731
9781
10082
9916
9421
8668
9325
9147
8990
7817
9422
9935
9348
9868
9938
9241
9462
8834
10527
7956
8941
9314
9318
9122
8000
10226
9547
9271
9580
8814
8353
11039
8309
8325
8541
11071
8883
10012
8397
9353
10688
9098
9737
12510
9372
7925
9650
9622
9472
10868
8430
8829
10535
9003
8861
9460
9265
9706
8135
7559
10111
8348
9603
9890
8218
9215
9425
9400
9345
7950
9540
8874
9787
8458
10120
9333
8949
9274
10170
8445
8893
9894
9661
10151
9939
10420
10362
9081
11574
10301
10313
9838
11049
9037
8873
9585
9874
12000
11263
10897
8993
9215
11076
10198
9462
9034
10910
7749
10218
9960
8772
11033
9145
10245
9392
8695
8497
9050
10301
10878
10128
10903
9210
8999
10008
9830
9086
9725
8244
9182
10215
9222
10783
8146
8766
10775
10675
7888
8914
9841
9859
9031
9871
8983
10432
8804
11501
9385
9925
8263
8891
9036
11093
8421
9862
8517
9955
9106
9445
9490
9295
10470
9135
11615
10177
10748
8631
10413
10853
9218
8829
9343
9449
9975
7859
9201
9200
10121
9685
9523
10065
10448
9231
9685
10405
9165
9224
9987
9774
10473
9693
8894
10111
8983
7429
9584
10016
9160
9332
9605
10006
8621
9548
9125
10782
9017
8541
9005
9459
9137
9577
10567
8691
9679
9800
8396
9335
9369
9357
9101
8192
8840
9248
9798
9102
10001
9854
9171
9893
10028
9124
11661
9514
8728
9073
10539
9995
9807
9766
8999
9679
9798
8658
12011
8937
9586
9567
9430
9800
9468
8289
11203
10010
8946
9512
8726
10276
9678
10204
8370
10583
8994
9654
9784
10262
7701
8822
9590
7895
9803
9961
8990
9272
8835
9158
7896
7806
9688
10555
9648
8763
9618
11317
10604
10596
10448
9516
8760
9748
12028
9909
9320
8192
8706
9916
9736
10196
9839
9611
11479
9231
9705
10204
10020
10165
9575
10992
10174
9462
9717
11189
9217
11288
8414
10862
9375
9326
8845
9348
8462
9948
9386
10287
11476
10218
9320
8887
9534
8468
9752
9178
9521
9894
8898
9496
10470
10897
8731
9430
9437
8539
8726
10037
9611
11030
9025
7569
8820
9758
11424
9002
9320
9679
8775
10282
9516
9269
9446
8714
10490
10524
8716
9955
9614
9479
8567
10564
9576
11295
10325
9009
10696
7712
9114
8847
10006
9489
10893
9540
8762
8358
8765
9630
10783
12409
9763
10014
10052
10739
9539
8895
8812
9229
9072
10755
8910
11823
9493
10999
9628
10020
8797
10242
9430
9292
8828
8586
12590
9331
9046
11223
10845
9368
7476
8837
8948
10547
8760
9496
9510
8134
7559
9445
8829
9241
10243
8704
7829
8154
9671
9177
10136
9956
8762
11047
11136
9279
8708
9164
9827
8797
8189
9694
8900
9597
8988
8804
10618
8995
9925
7669
9496
9861
10894
10012
9472
9040
9968
11553
9788
9139
9833
9953
9802
9065
8988
10194
10066
9849
10104
8191
9938
10944
8478
9385
7908
10103
9685
10398
9036
8150
10189
9539
8118
9263
8940
9354
9956
8796
9252
9622
7619
8914
8685
8021
9849
8013
9244
10325
9125
11061
8702
10291
9190
8042
9802
10273
9865
8999
9675
9759
10402
10322
10526
11936
9806
10462
10073
8837
10939
7260
9349
9451
9787
8567
9201
8932
9039
10201
9049
8484
9480
10739
11006
8140
12520
8696
8543
11064
9786
10322
8293
8119
9865
9401
9761
10321
8706
9084
10553
9707
9026
8125
10391
10563
11423
9101
9864
9763
12159
7420
11134
9679
8758
10762
9052
9551
9157
9956
9623
9493
8417
9140
8901
8570
8539
10533
9089
9995
9892
9373
10323
9551
7792
9342
10511
10037
7909
9641
10260
10924
10175
11010
10021
8808
8626
9253
7945
9949
10039
9544
11254
9054
8409
9074
8360
9291
9448
8874
8434
9550
10424
10672
9311
9274
10782
8797
10004
9373
7896
10679
10579
9512
9791
8988
8410
8900
8241
9831
9536
9818
10220
9078
9505
9917
10103
10816
10708
9615
9819
9600
8922
9575
10541
11018
12501
9639
10307
12824
8473
10483
9419
9700
10157
9970
10067
8869
10752
9116
9321
10376
9189
8580
9747
10089
9829
9662
8483
8914
10974
9547
11113
10408
9475
10346
9791
8987
7753
7712
9304
9886
11051
9505
9732
9848
9409
10806
9439
8119
9750
8711
9119
11468
9445
10437
9031
9252
9431
10120
9328
10060
11536
10234
7987
9762
10694
8993
8993
9650
9977
8543
9079
9315
9110
8021
9318
8965
9342
8349
8898
10047
11144
10000
8970
10598
11172
8831
9373
10384
9249
9462
9072
8437
9926
10361
10056
9260
9086
9665
9735
10637
10768
8277
9404
10384
10469
8543
9288
8811
9346
8946
10564
9848
8352
9098
8381
10867
7429
9490
8070
9996
10197
9710
9409
9782
10719
9238
8329
11382
9770
9700
10102
9125
8376
10712
9385
9217
8755
10548
8582
8772
10060
8796
9186
11431
10112
8209
10023
8572
10177
9439
9037
10401
9448
7528
9088
7921
10184
10149
9145
9480
9732
11055
9934
9747
9850
10502
9323
9291
9263
10570
11280
8122
9263
9980
8912
8558
9527
9586
8893
9534
9507
9385
9254
10691
7707
9958
8978
10412
8721
10594
7925
10578
10021
9122
11186
10815
8936
9990
9032
8298
9591
8972
9817
8582
8359
8535
9855
9102
9841
9725
8444
9217
10297
9138
10260
8866
9712
10964
11431
9694
10535
11383
10317
8324
9303
10483
9944
8837
9275
9406
9169
9050
9660
8954
10715
9681
9611
10346
9288
8122
9726
7517
8462
9614
10534
8324
10830
10018
9700
10555
8784
10596
11565
11557
9422
9964
9463
9736
10880
8984
8541
8839
7914
12102
9182
9209
10756
9630
9849
9651
8044
10273
9328
9004
10512
10434
9098
8634
8552
11020
9148
11118
10235
10479
9050
9980
10049
10996
9271
9418
9760
8742
9311
7712
9567
8853
8550
8081
10147
9761
8181
10307
9627
10511
8890
8453
9324
9108
10133
9249
9017
9072
10125
10937
9528
8983
10058
9364
9485
9327
9575
11369
10089
10346
9231
10218
8314
9252
9152
10166
7531
11051
9548
8562
8970
10199
11409
7101
8325
8728
11319
8857
9802
9971
9056
10106
10127
10480
8714
10286
8695
9486
9664
11053
9295
10402
9399
10301
8534
8535
7863
8818
8496
12975
9291
10001
8698
9993
8718
7993
9900
9313
11411
11739
10226
10476
9431
9474
9771
11710
7987
9046
9490
9004
9715
8468
10304
8406
9303
9126
7766
9593
10279
9287
9346
10673
9126
9611
8917
9735
8333
10961
9950
9734
9705
7999
10735
9243
10750
8991
9816
9547
10199
9449
7653
9316
9073
7956
8981
9683
10252
10711
11273
8193
8627
11143
9422
8913
9232
11277
8502
9682
9518
9586
9260
11555
8208
9853
10412
8555
9705
11408
9927
9556
10656
9969
9188
9896
9507
9619
9914
9502
9385
11331
13723
8911
8881
9302
9527
7965
9349
10561
9431
9738
9293
9410
8797
9369
9879
9781
9681
8789
8273
11647
8150
9222
9989
8070
9618
7861
9631
8682
8621
8125
9732
8819
10245
9641
10029
10307
9439
8760
10292
10854
9567
10606
12572
11129
8834
10219
9199
8987
9394
8356
10070
8544
9828
9979
8437
8768
11356
8973
9123
9532
9925
8512
9861
9918
10675
11086
9565
11918
8786
9530
9536
9031
10689
8559
11133
9131
11089
9613
9472
10208
10564
9679
10489
8350
8398
9721
10159
9274
11412
11174
9949
10227
8144
10260
8746
9595
10056
9706
10878
9094
9476
8316
7774
8915
10010
9947
9424
9275
10643
8027
7766
8329
8863
7435
9952
7921
8727
9546
9377
8209
9243
10845
11081
9589
9285
10371
9298
7067
8023
8808
9518
9122
10150
9369
9740
8455
9223
9997
9525
9377
9463
8516
10309
9495
12119
11225
8654
9815
7677
9493
8727
9209
11526
9327
9029
10365
8949
8891
8847
8892
9374
8760
10157
9849
9951
11710
10287
10089
10139
9227
10836
9926
9816
10001
8936
9447
9906
9944
9997
8417
10302
9738
9290
9939
11399
10149
8350
10204
9203
9816
10311
8961
8886
9463
8557
8567
11141
10799
8797
10191
9021
9634
9411
10274
10476
10392
9655
11304
8851
13338
9511
9071
8559
10485
9963
10511
9090
10113
9479
8192
8486
8486
8021
10037
9134
9137
7476
9437
9585
10940
10017
9276
8928
10118
9694
10307
9311
11057
8583
9895
9949
9510
9685
9496
9852
8281
9472
9987
9061
8972
7766
9551
9509
10379
11132
9289
10237
8914
8626
9586
9603
9162
11111
9432
11111
10963
8780
9182
9714
10307
8862
10420
8219
9324
9010
9320
9725
11621
9229
10831
9197
9475
9815
9744
9337
9730
9829
10335
9727
9354
8193
10096
7914
8831
12109
10618
10049
12244
10578
9683
8407
9575
9421
11136
8072
9061
7896
10634
8442
9511
11179
10300
8514
9238
11084
10401
9291
9858
10168
9949
9235
9245
9419
7999
9661
9575
10024
10520
9389
9612
10594
8219
9346
8861
10305
9419
8165
8712
10354
9167
11163
13444
9833
9951
9357
10822
10342
9125
9867
8748
9580
10370
9309
8773
9422
8175
9509
8768
9842
9883
8514
8279
10102
11389
9264
10363
7937
9628
8055
8050
11173
10320
9214
9110
8209
9106
8954
10049
9412
9311
8120
8854
10522
9996
10954
9175
8244
9579
13542
10448
8863
8165
9593
7645
9466
11707
8804
10567
9237
9861
9632
9200
9240
8588
8486
9110
10223
10063
9739
8268
9146
9986
9349
8552
9998
8806
10061
9803
9276
9211
7928
9768
10372
9411
11177
9575
10307
10692
11698
9888
11031
9611
8658
11123
9489
10081
9186
11186
8370
9957
8230
9762
8671
10671
9618
7032
10853
8014
9223
10842
9947
10234
8818
8797
7996
9472
9660
7731
10270
8634
10074
10119
9958
9272
9873
10154
9209
9546
9252
9056
8774
10637
7974
10950
11526
10518
8036
8560
9136
8477
9972
9864
8607
9278
8374
10322
9276
9762
9435
7987
9320
11775
9702
10590
9685
8924
10347
11964
9209
8747
9293
10455
9932
9975
9948
9447
11197
8548
9048
10204
7712
11141
11790
9945
9532
9431
8333
9990
9169
10893
8993
8677
9628
9739
9218
9243
9664
8496
10098
9319
11359
10153
8563
8606
9437
10085
10114
9881
10132
9110
8983
8043
10814
8549
9091
9678
9686
10640
8584
11902
9619
10506
10133
10543
10042
10419
8532
9142
9474
8470
10683
8763
10329
9858
9285
8978
10740
8667
9209
10506
9512
8818
10315
10369
9795
9072
9188
8958
10571
9692
8345
10775
8428
9932
9394
9535
10438
10112
9324
8893
11320
9842
8985
11184
8301
11082
8458
10012
11037
9352
9273
9037
8345
9254
9603
8946
10623
8357
9470
9948
9004
8462
9921
10490
9612
10895
10570
8248
8415
10621
9849
8888
8939
8417
8890
10329
10464
9078
9168
9093
10041
9371
9149
8272
10474
8850
10701
9359
9914
10629
10324
10401
8997
9615
10218
9600
9302
9659
9238
8534
9445
10468
8992
9159
9498
9045
9800
9321
9391
8654
9961
11530
10085
8822
8993
8988
10597
9527
9141
9780
10252
9844
9311
11225
9072
8923
8967
11607
11002
11937
11223
7918
10632
8730
9050
9050
9557
10449
9094
8210
9010
9434
8218
10681
11871
9990
10275
8543
7920
8192
9235
9773
10282
8279
10687
6824
9119
8502
8291
8837
9763
7653
9422
9347
10662
9989
9167
9763
11185
9394
7761
9411
9134
9929
9290
9081
10424
10029
8862
9023
9318
9604
10154
9293
9377
9036
9560
10253
7969
9410
8586
9415
9385
9600
8854
9771
9146
9943
9683
9735
8453
8316
9391
9192
9551
8862
8353
8330
9852
9861
9182
9244
9709
10286
9491
9149
9848
9018
9527
9709
9061
8869
9136
8621
8436
9542
9357
10937
8972
9330
8784
10693
8369
9512
10819
9389
9145
8995
9770
10569
9856
9514
9335
8394
10595
9883
9048
9086
9861
9428
9435
9819
8586
10990
8910
9578
8891
8932
9768
9139
9664
9103
10817
11186
8517
10235
9046
6784
9020
8961
9072
9169
9547
10709
11545
9135
10158
9463
8803
9260
8913
9675
9680
10760
8141
9098
8632
10273
9824
11862
8525
10102
7842
9141
10546
9819
9315
9545
8995
9744
10725
11138
9429
9773
7541
9796
9537
8635
10363
9948
9937
10674
8009
8167
9848
8545
11948
10580
7974
7766
9135
8683
9432
9305
10061
8496
8972
8496
10364
8240
10470
8854
9181
10095
10292
10279
10440
9463
10943
10331
8221
7569
9271
9252
11053
9669
8498
9126
9059
8010
8514
9737
8837
9603
9704
9734
9929
9125
8923
9986
8956
8486
9730
9316
9918
10027
9293
9177
9254
9971
9291
9852
12545
8452
11111
9459
9325
9606
8949
10437
8988
10635
10090
9588
9525
8580
8823
9861
9023
8984
9452
8710
9759
10915
10524
10556
9303
8753
9572
9442
9952
10466
9675
10307
10207
8472
9394
7055
9156
9233
8236
7864
9944
8983
9911
9486
9537
9389
8439
9813
8946
8866
9303
11283
9339
8896
9704
9152
9726
9269
9167
9374
8845
9260
9030
9119
8356
10744
9932
9321
10817
10622
9305
11412
9372
10163
9031
11026
7543
9575
9535
9748
8541
9736
8656
7904
8272
9405
7405
9820
11748
10350
9896
7687
8732
10563
9146
9304
10048
8552
9584
7944
9585
8311
10037
9977
8240
8143
9186
11300
9089
9039
9677
10870
9326
8941
9596
8414
10212
12422
9852
9071
11378
9681
10767
10320
9923
8772
9914
9173
8451
10601
9455
9798
11569
8238
9059
9798
9190
8726
8797
10696
11251
9925
10564
8541
9156
8351
9244
9732
9882
9625
9576
10085
9638
9190
9134
10762
9238
8802
9008
7959
10785
10239
8068
7944
10152
9735
8808
8372
9896
8704
9616
7900
9148
9323
10488
9982
8272
9505
10191
8326
9327
8532
9033
9225
8748
8700
10348
9582
9701
9177
11320
10379
9263
11498
10735
10752
11196
9744
8586
9591
11161
10469
11141
9257
9175
11261
10590
7638
9004
8993
10831
10089
10191
8993
8891
8119
9130
9286
8772
8982
9840
8400
9998
10365
10595
10218
10165
10067
9915
8808
9624
9431
10830
8316
11931
9869
10618
10279
9763
10269
10775
9945
9825
9768
8731
8464
10062
10190
9675
9249
10199
9551
9452
10120
10673
10335
9140
9419
9149
8932
10873
10182
8954
9476
9766
9476
11396
7506
10848
8982
10128
9752
10670
11336
9633
9542
9542
9509
11377
8662
8785
7925
9109
10471
11026
9231
8566
9275
9386
8939
10815
9345
9431
9516
9175
8304
10346
9079
10079
7863
9985
9126
10465
10127
9798
8497
9828
8549
9830
8408
9190
10028
10278
7506
8822
8413
9345
9374
10760
9841
9140
9324
10337
11229
8630
10282
10439
9985
10307
10098
8439
9906
9457
10441
9454
9945
9445
9148
9440
9402
9630
9476
8334
8704
8249
9285
9854
10238
10074
9092
9847
10048
9445
9685
9964
9952
8914
9320
9160
9313
8935
9289
10737
8997
8671
8560
8831
8775
9146
8818
8945
8189
9077
8302
10097
8010
8898
10741
10930
9472
11301
11978
9588
10366
9215
10126
9149
10420
10422
8993
9696
10936
12194
9996
9740
9603
10320
10703
8713
12215
9514
9660
8525
9190
10054
8668
10395
10622
9776
7470
7512
7470
10015
8837
10733
9801
8446
9104
7943
10546
8472
10417
9223
9493
9340
9330
9781
9429
8825
9888
9921
9548
8997
11716
9072
8284
7868
9037
8430
8936
10703
9340
9655
8414
9103
11412
9384
8050
10199
9289
9763
8839
10001
10238
9411
8626
9397
11259
8391
9152
9556
9871
9651
8812
9900
10144
9071
10764
9706
8733
9078
9784
9066
9871
9013
9160
10378
9253
9278
10305
8376
9809
8941
9342
9770
8374
9106
8648
7945
9175
10847
10796
8939
8635
9273
10164
11020
9801
9654
8325
9787
10941
9074
10715
9853
9339
9444
9313
8052
9698
10231
10165
7852
12534
9985
11320
9308
11047
8785
8923
9567
9807
12548
8485
8988
9995
10675
9936
8983
9127
9268
11266
8910
10779
7766
8978
8359
10164
11462
7638
10150
8146
8995
10100
12251
9685
10897
10034
10590
8979
8700
9812
11957
9418
9349
9706
10120
10039
7868
10524
7559
9885
8799
9692
8689
10084
9293
9551
9448
9606
8309
9448
9849
10175
10301
8755
9438
10633
10349
9475
10100
10861
8278
10238
8498
10297
10144
9560
9948
8143
8266
9770
8277
8586
8865
10160
10014
9695
8984
8853
9702
9551
10696
9253
8721
8985
10114
8376
8621
8802
9722
9567
9732
9859
9256
10142
9626
9809
11377
8202
8811
7600
8661
10340
9709
8626
10070
10435
9760
9895
12837
8873
9951
9681
10921
9663
10555
9415
9019
10547
8125
9668
9323
8215
9629
10257
9011
8760
11523
9086
10770
9339
9850
10279
11349
9201
10381
9820
10004
10841
9772
9323
9680
8263
10009
10448
10463
9593
9825
8209
10037
7677
8167
8208
9810
9527
7716
10180
9474
8634
9980
10020
8236
9134
11891
9747
8897
9509
10976
9292
8881
8272
8316
9711
10725
9790
8947
9402
8620
12626
9451
8862
9291
8616
10153
9141
9523
9125
7101
9718
11250
8963
10903
11470
10776
9746
10444
9851
8942
9391
9357
8263
9622
8480
10014
8257
10312
10472
10142
7767
9747
9308
9736
9419
8141
10226
8893
10719
9578
10037
8209
10595
9737
12184
7669
10195
9626
9558
8050
9532
9241
10784
9324
9660
9635
7293
8732
9909
9718
10110
9773
9144
7506
8396
8010
9725
9734
8992
9135
9727
9491
10227
9205
7517
9884
10528
9895
8548
9760
8421
9845
10887
9344
8654
8112
8419
11138
7649
10715
10081
9683
8944
8989
9462
9750
8948
7831
9037
9532
10801
10727
9243
10179
8586
11187
9381
10199
9877
9711
10643
11232
9511
10567
10208
7506
7561
8728
9351
10523
9877
8860
10764
10096
9017
7950
9630
11236
9103
8607
9220
9986
9271
8728
9494
9406
9705
10399
8899
9901
9293
9134
9767
9934
7842
8981
8978
10727
9925
8935
10224
9883
8192
11118
8438
12441
9937
11171
10896
8548
9088
9428
9584
10070
7731
9882
9492
9860
11021
10199
9690
9273
7767
8545
9462
8336
9575
9553
9654
9226
8671
9760
11442
9125
10508
10367
11526
9108
9253
9229
8941
10211
7384
9410
9110
9567
10257
10072
9462
9949
9046
10425
9351
8650
10219
11510
9313
9241
8901
9474
10551
9596
9567
9252
10307
9036
10324
10475
9370
8700
10350
10559
9994
10191
9583
8532
9209
7861
9031
10570
9071
8042
9318
10691
9915
9670
9243
8049
9357
8887
10138
8496
11517
8683
9182
8497
8084
9975
11229
8872
11266
9449
9726
9855
10292
8140
10817
8975
9229
10469
8236
8630
10622
11490
8755
9727
9860
8258
10954
9698
9324
8391
9344
8140
8008
9231
7766
8656
9828
10101
9223
8512
10447
9288
10835
8155
9160
9232
9766
8947
9323
10375
9551
9177
9717
7829
10450
9369
8966
8304
9537
9258
10661
7845
9222
8419
9897
10353
8127
9660
9189
12882
7531
9780
10155
9462
8630
7716
8776
9243
9740
