1111172
596870
417675
324662
268762
226820
201941
181161
161578
147013
135192
125894
118023
111254
103800
98631
93869
90929
86468
84177
81164
76476
73164
74565
70908
68221
67109
63227
62682
60465
57689
58205
56420
55159
52341
53652
51881
48631
49120
49356
49687
48664
44697
46168
44481
42791
44373
42720
42887
42599
41197
39734
39272
38334
38305
38203
38052
38223
36918
35714
36411
36646
38878
34326
34223
34674
32604
34223
33544
32942
32554
32917
32215
31637
31607
31128
30280
30576
30761
29458
30010
30333
29574
30741
28196
27862
29070
29249
29963
28793
26997
27518
27397
27766
25824
26285
26084
27699
26468
26097
26122
26097
26419
26518
24608
24234
25523
26193
25555
26302
25736
24970
24560
23919
24601
25074
24703
23681
23100
23576
23164
23906
23754
22590
23310
23161
23434
23302
22994
21858
23969
23816
21586
22025
22582
22516
22480
23074
21895
22612
22566
23162
20968
21120
23072
20433
20556
19866
21112
21961
20158
19276
23699
20903
21143
21763
21679
19042
21739
22384
21147
20024
19498
18699
20168
22696
20245
19109
19111
19539
19553
19738
20191
18642
18695
20145
19743
18544
19075
21188
18635
19412
18750
19268
18928
19312
18158
19031
19128
17974
20209
18172
17905
18509
18078
19239
18881
17123
18156
19155
18293
17555
17418
18896
18054
17577
18200
19264
18428
18680
17845
16373
18333
17220
18791
18086
17689
17110
16632
17091
16399
16784
16918
17641
18107
16581
17936
17487
18873
17762
19342
17614
17302
15912
17475
19126
16753
17703
16391
17922
17902
16377
18242
15904
16661
16365
15817
16870
17985
15688
16388
17171
17707
15405
15695
15127
16449
18002
18299
18022
16702
16178
17791
16503
15083
16436
16678
16620
17469
15157
17447
14567
15088
16527
18285
16388
15128
17768
16557
15928
15338
17220
16835
17503
15453
16352
15494
17078
18109
15522
15990
15603
15367
14888
16216
15978
15161
15965
16716
16588
15183
13929
17575
17085
13461
15934
14850
15529
15667
15041
14900
16514
13713
15040
16578
15625
13155
13990
16125
15780
15783
16005
15850
14234
14145
14280
15885
13961
16160
14941
16234
15836
14773
15066
14485
15612
14432
15720
15427
14802
14636
14972
15564
14434
14632
15091
15406
15202
15293
13744
16558
15001
14301
16183
13869
15617
15397
14974
15871
14816
16089
13401
14627
13831
14578
13202
13819
13234
15134
14641
15139
14852
15108
13942
14712
15128
16685
14690
14635
14433
15081
14921
14300
14546
16665
13939
14472
13780
14076
15317
15348
15121
13587
15560
15084
12934
13260
13955
14308
13807
14730
13110
15560
14158
13956
15994
14182
14875
14324
13885
13652
13901
16187
13922
13243
15591
13377
16100
14442
15452
12362
14247
14241
12822
12422
14653
12942
13694
14751
14761
14062
13558
12703
13869
13968
13159
16469
14144
14265
14755
13247
13731
14308
13885
13860
12056
14053
13785
13241
15165
14845
14600
13062
14396
14824
13344
13811
13481
13728
13167
14119
13288
13516
13119
13839
13500
15779
14857
14001
14343
14585
14202
13622
14352
14669
12313
13141
14449
14383
13033
14449
14031
14892
14460
12552
13245
13940
12218
12499
14376
13417
14090
12502
12663
12159
13152
13466
12763
12952
12667
14612
13809
13257
12117
12865
12905
14096
12960
12450
13627
13167
11657
14277
12686
13273
14037
16552
15194
12346
12205
12051
12128
12898
13219
13077
13294
13154
12033
12384
12967
12660
13446
14055
14517
12671
14236
11622
13660
12295
12785
12529
14266
13389
13106
14352
12946
13250
12880
13092
13449
12114
13293
12306
12976
13124
12401
12206
11851
13823
12117
12263
13145
13096
12726
14479
12709
13944
11993
10605
13629
11495
14009
13359
12605
13150
14621
11957
12036
13064
11563
11266
12513
11941
13003
14533
13613
12815
11850
13574
11776
13124
12356
11815
12224
13404
13491
11741
10964
12669
11614
11737
12777
13623
12672
13650
13988
12761
13085
12834
12783
14018
12697
12329
11871
12651
12949
12037
13159
14844
11710
13148
12151
13136
12629
11607
13966
11714
13019
14636
12712
12274
13832
13610
12923
13458
11528
11206
13168
12269
11479
12109
11849
11740
11772
13830
15510
12578
13760
11777
14067
13186
12257
11482
12234
11488
11087
14377
11148
11736
11046
11964
11176
11876
11664
11867
11856
11783
12180
11418
12445
11874
14361
12384
12283
11116
12567
13008
13146
12337
11710
12942
14806
11570
11455
11120
12101
14037
12279
14789
12011
12891
12817
12694
13151
13080
13397
11136
11292
11753
11912
11316
11582
12531
12595
11420
10912
11480
11968
13053
13733
11730
11024
11372
12709
11067
11423
13152
11253
12847
12273
13326
11705
10594
14188
11430
11026
13300
12468
12356
12711
11994
12495
12530
11686
12773
12930
12992
13250
11997
12309
14739
13684
11069
13326
10709
11633
12312
10990
11876
12127
11864
12755
11095
12511
11281
11820
12048
11952
12636
12335
10456
11417
11193
12046
11085
12454
12611
11343
13355
11620
11859
11234
11827
10891
12028
12549
13610
11616
11991
11675
11966
13667
11794
11394
11446
12726
13659
11257
11743
12245
12432
11673
12131
11115
12539
11328
12283
10528
10978
12213
12274
10709
11442
13100
10048
12503
14541
13208
11520
12137
11428
10534
11701
11657
12128
12512
11957
11357
12648
11823
10269
11249
10919
10939
11153
11407
12129
12656
12115
13164
13017
13068
11002
10884
12803
11036
12911
12907
11187
11882
12239
11860
13159
12994
11811
9185
12591
12385
12996
12060
13107
11124
10928
11732
12791
12269
11229
9968
10845
12003
11661
14466
10686
11177
11122
12994
10567
11703
12317
12518
11776
10176
11877
11203
11937
13622
10957
13243
11913
11778
11801
10449
14951
11433
10505
11673
12210
11536
15579
11645
11359
11257
12318
11265
11518
11684
12789
10672
9782
9960
11074
13026
10856
11573
12032
10050
12126
12025
10896
10806
12388
10545
13013
11315
11457
10726
11153
11313
13055
12952
9948
12340
11360
11532
11263
10084
10895
12952
12314
11205
11229
11185
11611
11084
13334
10370
12566
12346
11154
11494
12173
12874
10438
11680
10525
10580
12331
10632
10277
10863
10637
10761
11693
11683
10737
11663
12521
10817
13344
11466
10256
11840
11377
11761
11416
9560
12359
10949
14254
10807
12374
11942
12304
11917
13126
10516
11340
9180
11834
13602
9787
12324
11452
10862
10436
11095
12043
11042
11641
10787
11425
12004
12355
11429
11654
10369
11242
11725
11239
11978
12248
10944
9253
10788
13311
12019
11066
10830
11520
11352
9718
12016
10487
11598
11037
10996
10601
10649
9894
11637
12410
10528
10065
11123
10740
12450
11194
13072
10253
11281
10368
11154
11547
10940
10982
10043
10941
10045
12482
11046
10888
11759
10732
12347
11233
11027
10746
11711
11759
9794
10738
13152
10316
12494
11292
11257
10596
10995
11152
12301
11659
12196
11647
11798
10313
10586
10821
11373
11815
12681
12240
11577
11676
12391
11100
10603
10970
12023
10470
11465
9988
13875
11243
13867
9540
10062
13152
9701
9965
11188
11732
10890
9591
11201
10616
10922
10713
11267
12093
12167
9731
12343
9671
10038
10335
11590
11400
12279
12055
12194
10676
10882
12842
9800
12575
12035
10761
12421
12086
10207
11172
11629
11413
10715
10673
11790
10703
9723
9927
11906
11627
10983
10336
11483
12432
12106
11220
11571
12330
10618
10612
11686
11180
10817
10379
11401
12078
10963
10136
12087
11057
10329
10766
11390
10522
9346
13340
11423
11660
11267
10997
12003
11341
11842
9844
10142
10730
10469
11369
9671
13431
11660
12576
10342
10677
9733
10779
10054
10602
10267
13132
10862
10484
10469
11178
10789
10551
11539
10875
11590
10894
11214
10947
11972
11449
12184
10387
10861
11048
13229
12114
11340
10793
12202
10978
10479
9753
11634
11688
10255
10352
12221
11242
12249
11107
12454
10732
9781
11449
11309
11000
13920
11987
10750
10348
9720
13682
10528
10471
10879
11764
11501
10282
11537
10655
10438
11294
13379
12222
13514
10052
9459
10003
10496
10929
10063
11837
11685
11214
10210
9668
11435
9760
11970
12708
12009
10214
10258
11029
11337
10162
10679
11129
9486
10007
10481
11147
10841
11977
10084
11404
11734
11832
10913
10247
11611
12532
11376
10670
11258
11273
12059
10648
10471
10094
11085
12476
9680
10020
10164
11751
10103
11281
10546
10784
12113
10516
10335
12833
12877
10399
10165
11482
12162
11165
10479
11401
9803
12625
10169
9991
10202
10995
10721
10779
11495
10224
12597
10995
9340
10710
10236
11285
12064
8996
10841
10957
9050
11175
10003
11767
11986
9955
9220
11641
10623
10796
9446
12289
11537
10206
9810
10130
9883
10749
10880
11068
12182
11229
10445
9373
8401
10596
10228
11270
10448
11201
10843
10246
14792
10916
11297
11127
9291
9916
10368
12338
12247
11082
11023
8852
9106
11804
10113
10895
9972
12512
10742
10503
10431
11058
10449
9581
10734
11358
11052
9021
11006
11245
10234
11570
11824
9883
10613
10151
10976
11417
13111
10474
9820
13246
9991
11424
10656
11164
9418
11485
10814
10392
8314
10591
11819
8845
11189
12367
9999
10692
11632
10792
10426
10787
9849
9508
12205
9722
9636
10120
11180
9164
11992
9373
11889
12039
10643
9728
10118
11794
10870
10508
10465
10379
10541
10813
9736
10474
10687
10661
11496
10739
12198
10602
10945
9760
13097
13146
10260
10718
9675
11885
11151
8903
9343
10663
9567
10359
11022
10520
11337
10670
9046
9918
10420
9709
9945
9944
11179
9962
10155
10787
12305
10845
10382
10701
10379
9625
10212
10260
9667
10736
10796
12481
11483
9481
9202
11311
11317
11648
11773
10689
10249
9892
11129
12259
9929
11052
10147
10232
11001
12681
10523
11836
10351
10043
11770
11454
10659
11084
11379
9076
11942
10946
10683
10368
10438
11327
11059
10412
10201
9915
9889
11782
11443
10133
10862
10017
12976
11417
10348
10710
10336
11017
11411
9393
11323
9847
11322
10599
11111
10811
11107
11801
11212
11937
10893
11119
9898
10954
9620
11131
11102
11537
11086
9900
9875
8871
11281
10801
10914
10461
10131
12476
9706
10798
11103
10045
11412
8308
10186
10202
10301
11825
9945
11163
10177
11487
11726
10849
10505
10535
12270
9118
11496
11036
10695
10358
9884
10091
11858
11477
11069
10589
10580
9948
9212
10703
9954
10696
10560
10223
10327
11548
11645
11714
10130
9637
11040
11102
11645
11374
9974
10804
9916
9693
11093
10675
12702
10815
9898
11944
10995
9590
8906
10826
10576
10196
8566
10806
11491
11403
11502
10098
10513
9782
9264
10035
10039
10765
12436
11200
9791
10885
11057
11328
11645
9560
11267
8946
11732
12127
9164
11713
10505
10799
9727
11140
11240
10876
11337
11767
12054
11669
13149
10210
11150
9636
10039
9653
10686
10606
10562
9487
11318
11358
11944
9952
8945
9818
11442
10961
10760
10148
10731
11221
10203
8942
11012
9054
9031
8494
10912
11774
10164
10090
11570
11555
8724
11321
11161
11139
10903
9992
9681
10586
9345
10322
11310
9876
10905
11392
9327
9849
11726
12130
9221
11382
9289
9163
11552
10413
9681
12501
9641
10944
10771
10836
11272
10621
9813
10726
10891
10951
11352
11146
10951
10338
10154
10195
10332
10238
10152
9570
10743
10174
11235
11773
11249
9704
11339
10349
9938
11550
9899
11185
9921
10736
9399
10447
10429
9525
11491
10523
11433
10748
11253
10818
9427
10381
10599
10069
9752
12213
12220
10175
9565
10846
11119
10101
10533
13307
9465
10055
12185
10502
10854
10435
10866
10884
10369
10552
9093
10027
10688
11043
9508
11122
9721
10080
9713
10348
11286
9533
9036
11428
11867
11889
10673
11242
9882
10370
9848
10419
10755
10161
8687
11035
10152
10939
10335
9927
9691
10623
11923
10226
10087
11109
8936
12988
9501
9471
10357
9031
10690
9391
10134
11062
11136
11421
8966
11109
10511
11615
9662
12530
10681
10043
9825
9712
10658
10982
9003
10715
10874
9819
11179
10504
10369
9282
9889
11001
10448
12990
10030
10539
9277
9104
10874
11131
10784
9671
11724
10010
11969
11195
10707
10100
11252
8996
10103
9441
10905
12276
10239
8874
11160
10874
10285
12289
10186
10442
10643
8275
9739
10887
10740
10023
9286
11075
9474
12270
9739
10433
11033
12053
10516
8867
9343
11143
13355
11788
10200
10514
12017
10851
10474
10160
11045
12395
10801
10738
11712
11800
10106
10583
10252
9752
12373
9085
9709
9905
10557
9252
13093
10556
11544
11038
10341
10517
11087
9381
10119
10687
10933
9879
9076
9733
10470
13388
10752
7400
8552
12145
10816
10877
10633
9845
9990
10258
11464
10582
10917
8561
11070
11897
11200
10245
9638
9303
10242
10150
10238
11020
12306
10787
8492
9600
9253
9340
10029
11974
10673
10289
10466
9727
10850
10345
9552
9434
9687
11700
10034
9642
10584
9532
11029
8621
9866
9599
10191
10153
9544
12237
9654
10050
10597
10944
12211
10429
10033
9899
11647
10056
11086
10183
9054
11460
10513
11406
10194
11760
9332
10540
8947
10815
8773
9797
10426
10443
9431
11688
9636
10314
9621
9384
9953
9222
9940
10777
11605
10446
10544
10582
8896
9331
9324
10515
9488
9496
11704
10010
9236
9510
9884
10628
10791
11775
10549
9124
9582
9259
11114
11034
10228
10870
9495
10471
10731
9290
10105
10651
9169
8776
11267
11838
10273
12494
8369
11859
9537
9986
10848
11218
10283
11620
9909
9152
9329
11345
10578
9588
7782
10790
10528
11656
10192
9228
10543
9579
10576
9593
8944
9164
9445
10885
9925
10865
10538
10649
10024
10546
11856
11854
10453
10196
9074
10395
9049
12300
11094
12304
10289
10312
8366
8819
10609
11900
9202
10426
11438
10891
10620
10346
10576
11510
9733
10946
12000
10727
11773
9182
9663
10791
11149
9856
10983
10568
9324
10914
9006
8434
10691
10575
10734
12393
9980
9736
11040
8616
10893
10136
10199
11458
10119
11463
11198
8728
8370
9764
9639
9973
10558
9980
8882
10615
9298
8584
9673
13666
11609
11068
10197
10333
10239
10152
10090
11374
10606
10616
9273
10486
10515
12346
9694
10674
9447
10535
9030
10645
10800
10030
8298
10562
10796
10960
8348
9606
10064
11158
10736
10450
10232
10726
8763
9788
8782
9120
9728
9780
11327
9821
9508
11147
10168
10179
9029
9226
10002
10189
11971
10088
9760
11273
10988
9850
11432
8786
11118
10551
8233
10426
12637
11322
10271
8533
10840
10558
9525
12173
9128
11087
10402
11351
9833
10643
10840
11539
13570
9212
9885
10358
9674
11111
12188
11103
10074
9645
9888
10675
9163
8814
9848
11154
9171
10942
9499
11257
10484
11082
10110
10464
10826
10414
10748
10014
10362
10675
9804
11288
10497
11623
10339
12063
8790
9692
8398
10922
12105
10463
10353
10415
10896
11063
10042
10377
10067
8859
10239
8395
9145
11113
9434
10276
12223
10584
10825
9535
9618
11191
10257
11102
9119
9818
10590
9216
11357
10618
10440
10412
9678
11271
10710
8804
10021
9936
11867
10597
10947
12098
10078
12295
7952
10684
8971
8947
10011
8668
11496
9909
10788
9790
11752
9892
9516
8917
9352
9457
9970
10107
11238
10284
10098
10076
9325
9861
10348
9371
12953
9320
9508
10333
9114
10523
10228
9824
10677
11288
8588
9686
9340
10704
11131
9040
9772
9307
9357
11070
9385
9210
8508
9855
12064
10925
11330
8433
9280
8231
9742
9281
11033
9660
9589
10146
11009
10082
9947
9791
10467
10565
10774
10568
10438
9036
10876
11537
11480
10446
11850
11004
11126
10076
9763
10342
9760
10735
10442
9431
10185
11611
9077
9773
12294
10952
10329
9663
11619
9920
10080
10149
10815
9711
10732
9037
12581
8948
10516
8319
9193
8785
9980
9109
11845
9429
9866
10777
10369
8573
9639
10100
10412
9381
11369
10207
10505
9234
10412
10817
8807
11769
9343
11502
9888
10790
10999
10521
8071
10949
9098
8999
10105
11187
9747
11171
9447
8496
10549
12273
10126
11336
9862
9193
9698
10481
10198
11166
8765
10982
11545
9486
10016
10096
10570
9038
9375
9705
9057
10563
11569
12166
9659
9666
10953
9260
9906
8913
9742
10220
8998
10009
8932
10865
11158
9652
8252
12386
9887
9313
10392
10226
10687
11270
10211
11765
9799
9308
10624
10681
7848
9731
10232
10197
9701
11033
9655
11412
9760
10847
10580
10267
11119
10825
10198
10914
9771
11644
10444
10461
9297
10563
10480
9653
11700
10447
9567
9837
10378
11947
10429
9829
11138
11170
11644
10533
9588
7888
10672
10015
9331
10275
10095
9217
10578
8861
9408
9496
9302
9944
9118
10585
9080
10176
10579
9671
10162
11267
12325
10234
8807
10609
10488
10408
9634
9418
10208
9610
10871
10622
8763
11259
11620
8788
10507
8499
9506
9000
10756
9469
9144
9540
10596
8661
9160
8432
9988
11618
8730
9629
9559
11353
9418
9646
9246
9405
10359
10364
10113
11244
10354
9944
9755
10864
11380
9110
10603
9897
10771
10402
9671
9886
9499
9611
9377
11325
10943
8718
10769
9888
9683
12553
10199
11415
9308
8629
9832
10484
10087
7956
10055
10389
10448
10696
8552
10153
9850
10063
10874
9687
9249
8835
11537
10420
10583
12286
11957
8738
9160
9472
9199
10438
8874
8345
9169
9125
10495
9475
10975
11134
8802
9253
9355
9121
10454
9835
9735
10340
9906
9474
10721
9610
10061
11409
8354
11944
10794
10728
8822
9782
9447
8224
10721
12007
9486
9298
10492
9792
7956
10248
11281
9891
10109
10869
9888
10481
9197
9807
10212
12518
9512
10770
11993
9581
9998
10476
8450
10291
9899
12460
11668
10621
8782
10483
9934
10180
10230
11891
8502
10721
10673
11457
9275
10921
11384
9011
9830
11480
9485
10155
10260
10454
11085
9532
9146
9992
10574
10514
10365
11100
10387
10946
10108
11684
10932
9464
9086
9544
10148
12785
9854
8200
9040
10031
10011
9301
10418
9560
10349
9947
11482
9810
11197
9547
10681
9247
11407
11481
12117
9626
10859
10460
10462
11355
9187
8869
9308
11032
10134
7831
9143
9952
9453
10791
9714
9904
9621
11057
9091
9976
10460
10187
9402
9966
9847
12967
8471
9668
10891
8191
9821
10826
10129
9534
8980
11191
9706
10173
9487
9000
10024
8151
9450
9660
10611
9315
11377
9575
9855
10117
10204
8762
9822
8714
9561
10962
9469
10174
10879
10299
10767
9629
9652
10495
9849
11469
9431
9394
9867
9923
9917
9324
10595
10951
10469
8601
9125
9011
10546
9534
10643
9348
8496
9973
10712
10962
8700
9682
10469
9483
10097
10329
9103
9537
11611
9512
11030
10544
9593
9453
10472
10775
9585
8568
9952
11029
10598
11345
11457
10456
10896
9081
9974
10238
9275
9447
11789
10257
8748
10631
9385
10516
10508
9915
10432
12331
9665
9357
9945
9151
10391
10643
9152
10089
11567
11255
9415
11823
10020
9494
9542
9004
8939
9817
9291
9453
10558
10199
9369
8807
8638
11277
10345
9591
9764
11336
11916
10547
9767
8997
9698
10491
10279
11030
9358
10968
10232
9586
9336
12377
9986
10592
11833
8854
9577
9651
12092
9385
9843
9925
9095
10420
11280
10432
9561
11068
10248
10310
11259
10408
9034
11180
10239
10418
10733
11294
9841
8912
10448
10563
9499
9994
12067
9508
10603
8886
10443
7429
11715
10808
10742
9700
10198
8412
10568
10727
8643
10621
10029
9116
9427
9693
9047
11606
9205
10147
9668
9623
9554
9739
11283
9782
9830
8860
10112
8988
9494
9755
10851
9156
9772
9234
10761
10598
9786
10232
10245
10063
9362
9122
10307
11164
11592
10933
13263
11395
10298
9201
10155
10394
11170
9695
11189
8452
10321
9241
9060
8362
9878
10142
8948
9037
10946
11705
9752
7948
9701
10652
10780
10174
10458
10229
11477
10499
9510
8131
9693
9866
8087
10299
10323
10276
9711
9496
10234
8539
10382
11103
10977
10561
9797
10444
9775
12467
12229
8354
9262
10271
9857
9435
10434
8694
10195
7431
9949
10507
9288
9773
9687
9589
9657
10147
10591
9772
9238
8710
9954
9010
8863
9447
9767
11286
8986
11939
11368
9519
9189
9427
10364
10279
10357
9525
9288
9567
9190
10551
9227
9214
9418
10933
9760
8415
9313
9997
10140
10189
10448
9431
10965
11113
9335
9126
10379
10847
9186
10011
10522
10194
9974
10060
9659
9968
9827
9261
9980
9438
11314
9450
10090
9125
12329
10237
10749
10581
10175
9489
8840
10110
9166
8790
9646
10137
8373
9796
11080
11076
8218
11356
10268
10055
10469
8899
9071
11011
8843
11409
10460
10374
11454
9647
9177
10414
8483
10723
9008
11438
9366
9256
8958
9216
8464
9547
8784
9079
8535
9527
8412
9376
9411
11280
10103
9689
7762
11062
9901
8849
10108
9953
10363
10602
9003
10279
10243
10718
9664
10944
10011
9806
11481
9400
9534
9437
10862
10111
11352
11134
9394
8900
9411
9620
11103
9075
11356
9825
10668
10234
9968
13542
10187
8368
9225
11494
8896
10417
9490
10684
10100
8838
11642
8985
11055
10339
9003
9445
8815
10435
10021
9618
9818
10009
8731
10050
10556
8565
10146
8369
8361
10625
10367
10601
9996
9342
9154
11693
10470
9740
9623
10523
11696
9632
10242
10147
9290
11656
10395
10651
8991
11257
8970
8691
9193
9502
11539
9889
10155
8360
10190
9625
10580
10277
10846
10469
10280
9606
10678
9651
11468
10708
10233
10098
9879
10919
10145
9371
11027
9085
9968
9766
8419
9103
9344
10502
9393
10730
9720
9835
9170
7887
9622
10480
9331
10475
10692
10566
10275
8394
11392
9232
9544
9471
9545
10710
10933
8765
10205
10080
9636
8947
10458
7908
11945
9548
13080
8646
10464
10386
9194
9274
8826
9201
9257
9607
10947
9738
9796
9743
11894
10846
9920
10040
9161
9234
8143
8585
8944
10166
8957
10868
9613
9485
11057
9937
11333
10833
9337
8994
9524
10098
12575
9532
13124
9667
8867
11991
10815
9818
9766
10285
8999
10467
11360
9178
11739
9815
9260
8631
11466
10041
9744
9968
9670
9145
12302
10050
9442
9129
9764
10684
9790
12198
10742
9548
9579
11776
9491
11388
11466
9738
10995
10628
11456
9199
8661
9377
9884
9474
10005
8348
8634
9798
9893
10629
8705
8311
10826
10400
10995
10410
8782
9793
11827
9762
8882
10048
8275
9063
10006
9238
9881
10217
8830
10284
9569
9664
8983
9826
10728
8301
11251
9462
8008
9045
9109
11835
9746
10999
9468
10095
10568
10070
9825
8140
10238
10533
7988
8931
11948
11694
9627
9462
11096
9983
9804
8985
10366
10207
11159
9603
9145
9342
9929
10110
8851
10253
9054
11722
6928
10048
9909
8524
10870
10038
9003
9622
8656
9980
9212
8558
11826
10633
9496
8961
9376
9342
8922
9524
9484
10130
9338
7620
9983
9182
9286
10153
10151
8874
7820
9233
11079
12055
9535
9640
9888
9067
11362
9205
9839
9567
9280
9975
9219
8957
8752
8921
8570
9944
10719
9202
9801
10103
9938
9506
9393
8796
9910
9018
9310
10074
9899
9477
7706
10253
9240
10339
8957
10148
9535
10521
9379
9903
9141
11305
9459
10467
11057
10696
10431
9537
10709
9217
10181
10799
10736
9575
10847
8107
9407
9243
9582
8882
10018
9340
8902
10357
10893
10191
9233
8956
9369
9551
9600
9394
9895
9215
8941
10173
10474
8203
10157
10121
8808
9979
9200
9750
8940
11538
9734
10041
9913
11408
10641
10140
11466
9447
10272
9528
11146
9739
9767
9568
10459
11257
9472
9758
10225
10380
8458
10136
10681
9441
9730
9782
11053
8156
8032
9163
9456
8993
10243
8345
10120
9208
11400
10219
9270
9727
9134
9536
9009
9349
8648
10444
8644
8055
11606
11474
9611
9762
10123
9986
9035
9703
8845
9535
10567
7947
9481
10736
10177
9584
9837
9167
9238
8912
10628
9718
9968
8630
10153
9653
11463
10727
9065
8916
10214
9656
9700
9801
8455
9942
12410
9903
8813
11777
9247
11537
10100
10061
9846
9694
9344
9394
8621
10392
9591
9229
8913
10979
10389
10938
8825
9589
10532
8948
11575
11250
10507
9579
10442
7716
9357
10743
8821
9900
9843
8803
9543
9101
9104
9120
11084
9874
9335
9582
9943
9418
10943
12391
11114
10204
9972
10613
9031
9111
8894
9847
9158
7960
8663
9818
8871
10292
11191
9155
11511
9327
10257
9997
8272
9002
10541
10438
8510
10483
9691
9792
10544
9929
9257
9045
12024
9552
9498
9856
9275
10277
11195
9836
8156
9813
9647
9028
9725
10001
10926
8406
9108
8588
8954
10670
9261
9244
8757
9362
10402
11198
8904
9807
10405
10906
11496
10271
9825
9694
9633
10476
10940
9661
8523
9738
9768
9003
9937
11650
9842
10567
10157
11163
10727
8699
10539
9967
9527
12024
10942
12983
9627
9787
9728
10088
9698
11315
8830
8956
8581
10103
11105
8997
9804
8546
9932
10767
9201
10063
9288
11255
9640
9898
10524
10839
8373
9795
9054
9067
9929
8823
11101
9040
11179
11055
10569
9236
9426
12763
8997
8764
10382
11140
10230
11126
9767
11595
9623
8687
10209
10291
10009
10370
9797
8984
12317
9486
11521
8118
8987
8936
9686
8585
11162
10897
11210
10654
9355
8954
8726
10139
8963
10234
7403
10401
11088
8236
9252
9403
10050
9929
10305
9111
10257
9407
12245
8466
9612
10041
9595
9847
10350
10372
11719
10173
8939
8953
9618
9600
7845
9272
10896
8547
10780
8804
9360
10258
10602
9746
9445
8924
11513
9178
9905
9261
8763
9139
11059
8917
9385
9725
8335
8284
10038
10154
10220
8983
8988
9264
10761
11018
10319
10406
10554
10479
8533
9577
11456
12166
11041
7897
11498
8621
10105
11631
12422
7958
8721
9249
9222
8711
9574
7818
10580
8526
9985
8863
9817
9854
11645
8624
8043
10188
9925
10606
9232
9596
11180
9163
9931
9862
9707
11109
10557
10288
10574
10080
9760
9112
8621
10452
8716
9201
9477
8417
8979
8910
10152
9156
10087
9147
11573
9465
9558
11918
9787
11020
7969
10775
10743
10088
10448
11355
9381
10410
8924
8952
10868
9701
11798
10720
10155
8632
9335
9766
9438
8314
11569
11688
8263
10074
10859
11063
9404
10543
10241
10350
10051
10254
10264
8398
10487
11038
9495
10982
9853
9423
8789
10125
8981
9770
10116
10816
10709
8182
9882
9868
11857
9345
10570
10629
10232
7960
10680
10440
12036
9730
10938
9632
8662
11810
9751
10362
10435
10884
8866
9808
12416
10148
9482
9293
10659
10541
11787
11337
11480
11673
10030
9703
8485
9632
10234
9209
11059
9448
10715
11154
9271
9925
9179
9545
9429
10248
9395
10952
8752
9944
8937
9275
8945
8207
9693
9418
8925
7908
9835
11470
9495
11383
8709
10448
8762
8706
8916
10253
9340
10391
9021
9798
9222
8703
11407
10145
12383
9229
11792
9212
9475
10236
9582
10606
10068
8994
8668
8514
10177
10120
9577
10873
9723
10399
11033
9804
7990
9383
10071
8909
11214
9733
10472
10851
9296
9586
10384
9862
10817
11005
8141
11654
9882
10680
9002
10292
9145
11264
10030
8468
11085
9399
10330
8702
9397
8829
9471
9305
11732
9242
9086
9114
9670
11088
8279
10896
10015
12396
9750
11063
9282
9512
10124
9261
9682
9171
9070
8923
8938
10713
10036
9632
10317
9329
10995
9655
9269
10070
10158
10362
9221
9355
10001
9618
10464
8978
10000
9898
8220
9985
9015
10721
11088
8873
8045
7896
7943
9107
9429
10111
10238
9659
10299
9884
10291
9908
10060
10532
10844
11030
12252
8605
9948
9236
9456
9107
9318
9671
11000
9798
8969
10661
10805
9332
10659
9212
9606
9845
11595
9664
11653
9236
9750
9684
10429
9967
9762
7763
9738
10442
11824
8369
9023
8805
7975
9137
8416
9735
9743
9486
9671
10037
10300
10074
9901
10490
9589
9736
10530
11692
10322
10430
10155
9404
8474
10039
9828
9328
9575
9301
9630
10363
9482
9926
11693
10811
8803
10074
8978
10418
10576
9511
10308
11141
9429
9664
10595
9686
11333
11153
9278
9932
9264
10109
10432
10204
10204
9637
9632
9870
9035
10787
10710
8390
9394
8641
10423
10392
7706
9721
9744
10895
10028
9079
11146
10331
10015
9554
11068
8177
9688
10120
8996
9944
9450
10084
11187
9056
10171
10785
8170
10205
10074
8174
9811
8508
9098
9651
9491
9906
10309
10336
9396
9752
9683
11087
7744
11833
9191
9364
11289
8470
9732
10265
8506
8711
9758
10466
11526
8771
10226
11465
9542
9788
8548
9531
9103
9271
9180
9371
12352
8273
10517
9603
12558
10353
10947
9795
10613
9147
9877
9980
8471
8886
9106
9033
10347
9244
12435
11305
8852
9546
9686
9535
9012
9468
8358
8780
8890
10182
10520
8990
9633
10887
10021
9161
8257
10485
10155
9213
9732
10826
10151
9948
9217
10288
9261
9021
9968
8189
10435
9119
9346
10710
9676
9193
9863
11328
10449
7865
9740
10731
9091
8192
9091
9273
9274
11668
7589
8420
10736
9159
10740
10165
9335
10425
10990
11186
9202
11249
9788
10041
8936
9045
10091
9108
8588
12261
9852
8849
10134
9338
8510
12811
8833
9429
12689
9063
9793
10321
12177
9030
10152
8543
9760
8655
9002
10718
8566
9471
9310
7203
9332
9037
9506
9456
9507
10738
10149
8224
9581
10368
9095
9668
9253
10796
8521
9049
9023
10658
11607
9113
9509
10621
8636
10489
9857
7908
10952
9454
9474
10740
8736
10409
8917
8071
10402
9492
9970
9801
10363
9707
10243
9582
10816
8298
10475
8644
9863
9600
8700
9889
9709
9358
10291
9516
9929
11273
11663
8605
10559
7477
10770
9134
8051
8996
8784
11132
9344
9782
9988
12240
12826
10130
9173
9089
9390
10750
10676
11064
9553
12882
9847
8390
8335
8964
9037
9989
9706
11678
9465
9348
10251
9047
11680
9342
11006
9373
10571
11223
10170
7384
9368
8630
8694
10097
8500
9373
9332
8071
9231
10558
8722
10064
9140
10545
9349
12968
9302
10730
10321
9295
11635
10511
8309
9942
9002
8837
9137
11270
9482
10516
10773
8649
10098
9824
9996
9881
9492
7896
11833
9773
9015
9748
10136
9665
11226
8867
10741
8518
10353
11476
9820
11095
9187
9219
8441
8426
10444
10088
10434
9060
8319
8621
10066
9114
9420
8357
9152
8997
10038
11398
10363
9502
9772
9549
10737
8123
11082
9471
9856
9732
9713
8272
8475
9444
10101
10956
8207
9768
9149
9458
9212
10313
9005
10578
10580
9970
10678
10203
11081
8999
9292
8182
10721
9360
10196
11669
9674
9314
10118
8893
9019
9910
10239
10036
11336
9292
11894
10362
10088
8391
9874
10379
10239
11036
11031
10217
9866
9980
7842
8700
10972
9467
11034
10874
8014
9847
8268
10433
10790
8974
8762
8954
11388
8470
8665
8203
10139
10331
9825
10095
8470
9849
9226
8869
10678
9678
8863
9289
7962
11103
9856
10424
9963
8997
9025
11567
9572
10036
10180
9824
10219
9402
7790
10253
9939
10942
10131
10502
10730
8356
10135
9410
9711
10626
8224
10187
9045
10148
9263
9860
8965
12419
10127
9790
11030
7406
10093
7956
9366
10418
8823
9003
9952
10546
10896
10597
9170
10149
10490
9335
8499
9237
10465
9665
10717
10368
9078
10077
9909
9084
9698
10097
10435
7518
8718
8238
10448
9600
7974
10438
10665
10173
9890
10060
8430
9801
9611
9760
10503
9038
10650
9305
10301
11147
9271
10549
9982
8318
10563
10704
9798
9348
9831
9406
9466
9003
9730
9725
12722
11062
9787
10385
8896
9469
8888
9015
11195
9814
9611
9935
10079
10304
11428
10870
8802
10655
10342
12092
10126
11053
9690
10166
8947
9634
10437
9474
10502
10154
8014
8847
10951
11179
10821
10391
10643
10232
8263
9313
10018
9076
10029
8635
10912
8390
9835
9823
9959
10608
10576
10332
8790
10134
9142
10376
8455
9752
7750
9191
10184
10830
11228
9810
9531
10287
7848
9161
10192
8974
11192
8802
9081
9173
10935
9432
8460
9832
9047
11278
8937
9219
9308
9369
9593
10200
9527
10581
10392
9590
9646
10284
8655
11719
9105
8798
11207
9765
11470
8771
9293
8663
10520
9296
10280
9281
9738
8593
10528
10308
7583
11195
11262
8605
11143
9600
9354
9651
9080
8332
8468
10173
10243
9657
9459
10142
10794
9358
9178
9389
8748
7655
10013
10087
11798
10082
9572
9421
12463
11802
10257
11174
8993
9881
10571
10184
9100
9320
8722
10267
9057
9286
8605
9638
9422
8400
13107
9898
11113
9764
9620
8252
9913
9746
12651
9778
8971
11867
9159
9295
10016
9898
9552
8472
11331
10292
11000
9358
10028
7917
8933
8763
9973
8969
10452
10271
9345
9984
9938
12192
9214
9998
10472
8067
9267
8795
9431
9843
10220
10539
10320
11479
10464
10149
8651
9059
8886
9432
8495
9152
10637
11182
9418
9843
10161
7639
9406
10023
9086
9332
10659
10312
9378
7918
10150
8833
8334
8345
11181
9146
9086
11216
8465
9208
8909
9344
8581
9654
10322
9130
9057
9798
8991
9427
8289
7686
8606
8626
9019
8831
9577
11319
9706
8541
10561
10167
10035
8420
10069
9753
11228
9487
9437
10706
9426
8742
9795
10023
10245
9639
10610
9117
10846
9242
9516
11317
12166
9666
9053
7987
10664
10011
9799
8874
9325
9535
10668
9031
8497
9146
9386
9524
9876
8531
10003
9015
13417
11607
9318
9101
7974
8658
8733
10490
11823
10310
8529
9713
8218
8042
9514
10523
9166
8600
8700
11160
10042
9489
9439
7766
10893
9234
8237
9670
8523
9845
10622
10352
10651
10089
10418
10094
9839
9662
11086
10290
8627
11009
9823
10352
9278
10064
10418
10493
11152
9725
10209
8580
9939
9685
9712
9587
10081
8631
8849
9400
9471
10788
9698
8298
7754
9031
9472
9091
9461
9542
10770
12055
9065
9954
8496
9267
11093
8789
9243
10101
10728
9854
11160
9467
9551
9119
9904
7989
9050
10943
9734
9113
10111
10628
10431
10471
9104
9270
8974
9906
7947
10484
9035
9729
9390
10429
9940
8479
9713
9180
8874
9253
9288
11061
8227
9547
9989
10081
9343
8986
8207
9469
11326
10275
9836
8701
10100
9614
9652
9068
8803
9000
11545
9089
10237
9085
10304
9470
10077
9417
10417
9797
8300
11383
11023
10394
10534
8655
9017
9448
12532
9599
10500
9036
9499
9735
10983
11279
9544
9984
7712
9453
10419
9665
8484
9622
9237
10755
10541
11086
9319
10232
8764
9659
9770
9514
8176
8869
9744
8573
9091
9896
9168
11109
9420
9507
10906
11574
9111
9898
10635
9578
9355
10460
9998
9853
10516
10919
11923
9235
9920
10473
8985
10387
9190
10061
10487
8771
9194
10427
9334
7568
8831
8277
9352
9091
8722
9392
10787
9773
8921
9423
9545
10427
12445
10279
9774
8886
10005
10070
9646
9531
7806
9960
9391
9058
8941
9914
9493
9140
9909
10020
9819
9582
9991
10407
10947
12512
10700
12767
8145
9121
9369
9109
9249
8712
7993
9402
10420
11021
9327
10822
10006
9114
10738
8658
9843
8863
9145
9104
10986
10379
8890
9561
9557
9126
8640
9833
9929
8412
9954
9134
8587
9006
8105
9830
9109
10900
9079
10518
10289
9736
9584
7669
9145
10073
9657
8999
8492
9822
9636
9842
8892
12127
9629
10458
10005
9354
10010
10785
10141
9593
8605
10302
9369
9601
8979
9973
9683
9542
10713
8602
8868
8348
7834
8437
11259
9953
11708
9611
9451
9240
9750
8999
8743
8986
9713
10867
8900
8818
10634
9370
10475
9822
10772
8492
9028
10476
9905
9086
9397
9847
8174
8523
9981
8412
10565
10219
8763
10595
9558
10282
9494
8937
10568
10084
9740
9753
11322
9804
10003
9010
9389
10346
9696
9119
10938
9887
10565
9968
9459
9736
10787
10248
10474
10817
8728
9112
8894
10427
9037
9331
9134
9349
12953
9373
9126
11964
10817
9346
10579
9876
8837
9091
10715
10126
8468
8452
9600
9844
8179
9471
8727
9686
8176
9578
10772
8547
9324
10061
8252
10130
9355
8605
12131
9731
9534
8273
10483
8823
10055
10862
7518
9255
10082
9921
10013
9713
8593
9246
8704
10324
9516
9910
11094
8717
9415
8725
9765
9354
10214
11322
9700
8708
11936
11160
8984
10883
8931
9389
8726
8633
9702
9229
10570
11834
10447
10836
11694
10467
8480
9838
8815
11824
9349
9929
9106
10251
9186
9904
9328
9960
8661
8784
9392
10450
11101
9264
8220
9141
11468
8433
9483
10226
9586
9332
11916
11022
8902
10981
10576
11072
8948
9623
9037
8681
9900
10045
11116
8817
9308
10265
7506
9656
10381
9904
9673
9649
8470
9764
10552
9791
10281
9156
9881
9546
8881
9694
9773
9186
8529
9987
10290
8148
9445
9603
10010
9721
10780
10103
10573
9706
10230
9103
7904
10628
8718
11143
9098
9797
7994
10606
10405
9504
7965
9632
9584
9062
9813
7909
9525
9754
10103
9221
8871
9293
9130
11022
10304
8170
9817
11630
8752
10944
10689
8478
11684
8119
8298
9931
10226
10672
8702
9148
9011
9630
10488
8566
12922
8993
9044
10550
10081
11087
9263
10922
9302
8820
8641
10787
9107
10244
10020
8830
8647
9683
11434
8526
9495
9212
9077
7259
9841
10436
9453
9673
9076
8273
8480
10130
11268
10140
10557
10881
8112
10149
10406
10024
8494
9714
10806
8969
7946
10633
9498
9459
8436
10205
10849
8881
10777
10919
9534
8165
9254
9031
8478
9226
9540
9209
8902
9029
10806
9509
8391
12033
10204
9495
9493
8508
8275
9789
9575
11113
10952
10225
9820
10503
8557
10905
9659
9376
11432
9741
9400
10265
9311
9666
9893
10635
11052
9180
10692
10375
8217
9043
10301
9938
9120
8942
10119
9177
11477
9750
9625
10159
11207
9186
9507
9485
9694
9951
9856
12129
9742
9154
9240
10504
9575
8224
10538
8793
8836
8360
8808
9490
12561
11386
10228
8902
8902
9679
9836
7896
9906
11227
10277
9659
10175
8868
10091
8397
8082
11173
10136
8626
8822
11337
11185
7439
10152
10465
9014
8954
8913
9438
11468
9883
9813
9874
6872
7712
10273
9054
8969
8762
10313
11446
9953
10596
9089
8406
8042
9015
8860
9384
8638
7865
8952
9343
9642
9849
8867
11958
9652
10934
9324
8802
8988
10095
9125
9005
11237
8722
10204
9853
9865
10105
9868
9556
9597
8941
9606
9126
9293
10308
9103
9202
8961
10274
7888
8602
8921
8502
9165
8869
10338
9772
9074
10404
10827
8456
10742
9104
9918
10090
8782
11896
9588
9737
10155
10105
11835
9331
8155
10496
10340
10074
10188
11455
10217
9600
8167
10002
8472
8917
9892
9276
8533
11081
10244
10050
12479
9923
9327
9782
9832
10459
10818
10467
10851
9159
9163
9141
9140
11645
8902
9894
7651
9550
10716
10203
7921
9801
8347
11184
9343
8534
8244
12155
9205
10504
9897
9477
9545
8043
9640
10192
10385
8713
10038
10056
8562
9516
9052
8515
9939
10323
11415
10813
10620
8533
9294
9874
9926
9454
12624
9277
8838
8781
9286
10459
9940
9054
11910
9386
8985
11061
9063
11049
9362
7320
10557
10432
9527
9754
8978
9114
7900
10608
10039
8970
8145
10947
9052
9862
8996
8119
10286
9482
8925
11634
9011
7909
9246
7583
10477
10575
10470
9415
9883
10671
11130
8130
7960
9369
9231
8045
9472
8826
11120
8743
9345
8869
9038
8834
9790
10325
11409
10196
8486
9507
8130
9091
9762
10298
9847
9722
9584
9870
9046
10001
9242
9249
8661
8224
10621
10489
8325
7987
10865
9429
10919
9957
8702
8765
8534
8452
8705
7251
9231
9511
9329
11964
9701
9304
8155
8961
9733
9584
9544
10236
9921
9994
8140
7122
10142
9582
8557
8347
9953
10196
10485
10243
8246
8619
12185
11074
10015
10300
10208
8670
9681
10868
11107
10364
10050
8915
7957
12075
9661
8248
9308
9516
8155
8120
10286
7914
8612
9546
12078
9869
8728
11790
9849
9875
11052
10305
9021
9942
8052
10917
8336
11078
10681
9545
9275
12405
9909
8238
10627
9346
9655
10308
10603
10011
8784
9841
10232
9400
10532
9894
9301
9357
7655
9992
9429
11087
10481
10093
9138
9735
8546
10098
8412
8931
10419
9988
8881
9677
10369
9651
8023
9103
8760
10153
10255
8886
10038
8932
9718
9491
8478
9007
9111
9290
9105
8485
10005
9021
9186
10713
9493
8681
8573
8748
10514
9853
9634
10606
10150
10214
8771
9682
10175
10817
10117
8524
11345
11567
9768
8632
10467
9551
7852
10507
10521
9485
11979
9807
8752
9545
9263
9832
9774
8257
8923
9142
9836
10956
7868
9764
9136
7651
9472
10265
11321
8893
10461
10013
10243
9190
9379
9077
10557
8956
9560
10895
8950
9325
8241
9149
9876
8538
9890
10051
10270
11413
7712
10528
9078
9663
11446
9358
10215
11761
9264
9167
10216
12317
9848
9825
9052
8691
9914
10517
9485
8651
10610
9104
9275
9768
9634
8406
8862
9502
8699
8514
9179
8912
10412
8621
10003
10367
9223
10074
9690
8969
9407
11288
9746
10081
9813
9941
11131
9431
8655
10601
10688
9915
10045
10140
8437
9539
9853
11143
9441
8925
9613
10152
10097
9633
8819
9475
9315
9948
8028
8859
9788
9620
10238
9175
9581
8514
8630
7233
10280
9297
10067
10391
9165
9197
8937
9868
7842
8240
10382
7540
9200
10322
8347
8808
9627
9303
9228
9698
9091
10442
8318
8809
10133
9327
9546
9418
9305
9645
10719
9134
9316
9797
9136
10745
10417
8818
8925
10737
10690
9392
9570
10575
9079
11416
8813
9091
9685
10063
8774
9831
8624
9128
8821
8829
9465
8105
8733
8638
9074
9512
9565
9683
8984
9006
8813
11180
9240
10299
10363
7701
9831
10944
9088
9284
8836
11220
10243
9191
7937
9040
11273
12218
8965
8082
9490
9984
9431
9721
10177
7528
10367
9633
9622
9308
10964
9630
8623
8991
9698
9931
10426
9502
9718
8412
11808
10172
10376
11421
9345
10805
9200
9200
9766
11116
10738
9041
7654
10721
8803
9272
10323
10349
9199
9356
9902
9437
9172
10362
10953
8049
10764
9651
8909
10079
10024
9012
8712
9374
8500
10599
10823
8972
9160
8948
9113
8937
10376
10577
10242
9740
9323
9893
10851
8714
8293
10228
9983
8251
8731
9666
10191
10654
10279
9898
8632
10005
10349
8712
11049
9190
9683
11497
9269
8252
9849
8643
8702
9072
8776
9625
9818
7320
9589
10508
9108
9393
10727
9375
9136
10215
9547
10522
9782
9331
9909
9202
9790
11081
9105
8634
8899
8114
8436
9017
9681
8120
10335
9582
9606
9741
9078
11143
10462
8904
9015
10098
8588
10486
9888
9611
8936
9990
8779
9512
10645
8336
9228
9610
9255
10643
9558
9063
9531
7639
10426
11875
9105
9049
10360
10715
12070
8584
8585
10096
9332
10811
11569
11103
10111
10532
9391
8980
9683
8823
9275
10410
7750
9052
10067
8414
9137
10505
9536
10851
10955
7531
10327
9053
9391
9820
9921
8862
8928
10506
9624
9078
10474
8990
9193
10274
8257
10020
10760
7930
7686
8524
10668
9679
10773
11458
10968
10687
9671
12345
9859
10956
8248
9073
9405
10312
8691
9557
9327
9902
11281
9357
8983
9262
9345
12964
9304
10685
8994
9525
7651
9074
9182
8911
9615
11109
10643
8561
9820
8796
9293
10846
9833
10245
8155
8987
10578
9346
9378
8394
10212
8448
8965
8937
10742
9240
10182
10412
9921
9558
7863
7893
10727
9269
8643
9033
7643
9356
9156
9370
9043
11538
10608
10837
8964
7863
8494
12149
9504
10668
8410
8624
10801
8325
10323
9639
9855
9106
8899
8412
8182
8946
9015
10874
9100
8982
10629
9121
9729
9713
9684
9650
9040
8397
9343
10072
10893
9963
7990
8403
10144
9795
11223
9370
9386
9422
10920
8436
8836
8357
8826
8836
10920
7893
10570
10147
7762
11407
10826
12015
8644
9394
9199
9544
8405
10192
8122
8830
8145
8981
9477
11017
9374
9430
9040
10110
9479
7421
9111
10445
8205
10127
12208
8633
9218
10459
9063
9289
10067
8508
10140
9948
7762
10576
11257
10134
9449
10408
9731
9782
10082
9916
9421
8668
9327
9147
8991
7818
9423
9936
9348
9868
9939
9240
9462
8831
10525
7956
8941
9314
9318
9122
8000
10226
9547
9271
9580
8814
8354
11040
8308
8325
8541
11071
8883
10012
8397
9355
10689
9098
9738
12511
9371
7925
9651
9622
9472
10868
8430
8829
10535
9003
8859
9462
9267
9706
8135
7559
10111
8348
9603
9890
8218
9214
9424
9401
9346
7950
9540
8873
9788
8458
10120
9332
8949
9275
10170
8445
8893
9893
9659
10151
9940
10419
10363
9081
11574
10301
10313
9838
11049
9037
8871
9585
9874
12000
11260
10897
8993
9214
11077
10198
9462
9035
10910
7749
10218
9960
8773
11034
9145
10246
9392
8694
8497
9050
10301
10877
10128
10900
9210
8998
10006
9830
9086
9724
8247
9182
10215
9222
10784
8147
8765
10775
10675
7888
8913
9841
9859
9031
9871
8983
10433
8803
11501
9383
9925
8263
8890
9035
11093
8420
9862
8517
9955
9106
9445
9491
9295
10470
9135
11614
10177
10750
8629
10413
10851
9218
8828
9343
9450
9973
7859
9201
9201
10119
9683
9528
10065
10448
9231
9683
10406
9165
9223
9987
9775
10475
9693
8893
10110
8984
7429
9584
10016
9160
9332
9603
10005
8621
9550
9125
10780
9017
8540
9006
9459
9137
9577
10567
8691
9679
9800
8396
9337
9370
9357
9100
8192
8839
9248
9798
9101
10001
9854
9170
9893
10028
9124
11661
9516
8728
9074
10539
9995
9807
9767
8999
9677
9797
8658
12010
8937
9586
9567
9430
9801
9468
8289
11205
10010
8946
9512
8727
10276
9678
10205
8369
10583
8994
9653
9784
10265
7701
8823
9590
7895
9804
9962
8991
9269
8835
9158
7896
7806
9688
10558
9648
8763
9618
11317
10603
10596
10448
9516
8760
9748
12028
9909
9320
8192
8706
9916
9736
10196
9839
9611
11477
9231
9707
10204
10020
10167
9575
10995
10173
9462
9720
11189
9217
11288
8414
10862
9375
9326
8844
9348
8462
9947
9386
10287
11477
10218
9320
8888
9534
8468
9752
9177
9519
9893
8900
9496
10470
10896
8731
9430
9437
8541
8725
10036
9610
11030
9028
7568
8820
9758
11424
9003
9320
9679
8776
10282
9516
9269
9447
8713
10490
10523
8716
9953
9614
9479
8568
10563
9577
11294
10325
9009
10696
7712
9114
8847
10006
9489
10893
9540
8762
8358
8764
9630
10782
12409
9763
10013
10052
10742
9542
8894
8812
9229
9073
10753
8910
11823
9494
10999
9629
10020
8796
10243
9430
9294
8828
8587
12589
9331
9046
11222
10844
9369
7478
8837
8948
10546
8760
9496
9511
8135
7559
9447
8828
9241
10242
8705
7830
8155
9671
9177
10136
9957
8762
11043
11136
9279
8709
9164
9828
8793
8190
9696
8900
9597
8988
8804
10618
8996
9925
7669
9496
9863
10894
10012
9472
9040
9967
11551
9788
9140
9833
9953
9802
9065
8988
10196
10066
9850
10103
8190
9939
10944
8479
9386
7908
10101
9687
10399
9035
8150
10191
9537
8118
9263
8939
9356
9956
8796
9252
9622
7620
8913
8685
8021
9850
8013
9244
10325
9126
11061
8704
10291
9189
8042
9802
10271
9867
8999
9676
9760
10402
10323
10525
11936
9806
10461
10074
8836
10939
7259
9349
9451
9788
8568
9201
8932
9038
10201
9049
8484
9479
10741
11009
8140
12520
8695
8543
11064
9790
10322
8293
8119
9867
9402
9760
10322
8706
9084
10553
9707
9026
8123
10391
10563
11423
9100
9865
9762
12159
7421
11134
9679
8757
10762
9052
9551
9156
9956
9623
9494
8420
9140
8900
8570
8541
10533
9089
9994
9892
9373
10321
9551
7792
9342
10514
10036
7909
9642
10260
10923
10175
11010
10022
8808
8626
9253
7946
9947
10039
9544
11257
9054
8410
9074
8360
9291
9447
8873
8432
9552
10427
10672
9311
9275
10780
8796
10001
9373
7897
10681
10579
9510
9789
8988
8410
8900
8241
9830
9536
9817
10220
9078
9506
9918
10104
10816
10708
9615
9818
9600
8922
9575
10541
11017
12501
9640
10309
12824
8472
10483
9419
9701
10158
9970
10067
8869
10756
9116
9321
10377
9187
8580
9748
10090
9829
9663
8483
8913
10975
9548
11113
10409
9475
10345
9792
8987
7754
7712
9304
9886
11051
9506
9728
9848
9410
10807
9439
8119
9750
8711
9119
11468
9445
10440
9031
9252
9432
10120
9329
10060
11534
10234
7987
9762
10694
8996
8993
9650
9977
8543
9079
9316
9109
8021
9318
8966
9342
8349
8898
10047
11143
9998
8969
10598
11171
8834
9373
10385
9249
9463
9072
8437
9927
10361
10056
9260
9086
9664
9735
10637
10768
8277
9406
10383
10469
8543
9289
8811
9346
8947
10563
9848
8354
9098
8380
10867
7429
9489
8071
9998
10200
9710
9410
9782
10719
9237
8328
11383
9769
9701
10103
9126
8377
10712
9385
9216
8755
10547
8581
8773
10060
8796
9185
11430
10112
8209
10023
8572
10177
9439
9037
10401
9448
7529
9088
7922
10184
10149
9146
9482
9732
11057
9932
9746
9849
10502
9324
9291
9262
10570
11280
8123
9263
9980
8913
8558
9528
9586
8893
9534
9507
9385
9253
10691
7707
9959
8977
10412
8721
10595
7925
10578
10020
9122
11186
10814
8937
9990
9032
8298
9591
8971
9815
8581
8360
8535
9855
9101
9841
9725
8446
9217
10298
9139
10260
8868
9712
10964
11431
9694
10535
11383
10317
8325
9303
10483
9944
8837
9274
9405
9169
9050
9660
8954
10715
9680
9610
10347
9288
8123
9725
7517
8462
9614
10535
8325
10830
10018
9700
10556
8784
10596
11563
11557
9422
9965
9463
9736
10880
8984
8541
8839
7914
12103
9182
9209
10756
9629
9849
9651
8045
10271
9329
9004
10512
10433
9098
8636
8552
11019
9148
11119
10235
10479
9052
9980
10049
10997
9270
9418
9760
8744
9311
7712
9568
8853
8548
8082
10146
9760
8182
10307
9626
10511
8890
8452
9324
9108
10133
9249
9014
9072
10125
10938
9528
8982
10058
9364
9485
9327
9575
11369
10089
10345
9231
10217
8314
9252
9152
10165
7531
11051
9550
8561
8969
10200
11409
7101
8324
8728
11319
8858
9803
9972
9057
10108
10127
10476
8714
10288
8694
9488
9664
11053
9297
10402
9400
10301
8533
8535
7863
8819
8497
12975
9291
10001
8700
9994
8718
7993
9899
9313
11411
11739
10226
10476
9431
9474
9771
11710
7987
9046
9491
9006
9718
8468
10304
8406
9303
9125
7765
9593
10277
9290
9345
10672
9125
9612
8917
9734
8332
10964
9951
9733
9707
7999
10736
9243
10749
8990
9817
9547
10200
9449
7653
9315
9074
7957
8980
9682
10251
10710
11273
8191
8627
11143
9421
8913
9232
11278
8500
9684
9516
9586
9260
11555
8207
9853
10412
8553
9707
11408
9925
9556
10654
9968
9186
9893
9507
9619
9913
9502
9385
11330
13723
8911
8881
9301
9527
7965
9349
10561
9431
9741
9293
9410
8796
9368
9879
9780
9680
8789
8272
11645
8150
9222
9989
8071
9618
7861
9630
8683
8621
8123
9732
8820
10246
9640
10029
10305
9439
8760
10291
10853
9567
10606
12574
11130
8834
10219
9197
8987
9392
8357
10071
8545
9828
9979
8437
8767
11356
8974
9124
9534
9925
8512
9863
9918
10675
11087
9568
11918
8786
9528
9536
9031
10689
8559
11133
9131
11088
9611
9472
10208
10563
9677
10489
8350
8398
9721
10160
9274
11410
11175
9949
10227
8145
10260
8746
9595
10056
9706
10878
9094
9476
8318
7774
8916
10010
9946
9423
9274
10643
8028
7765
8328
8860
7439
9952
7922
8724
9546
9377
8209
9240
10843
11081
9589
9285
10368
9297
7067
8023
8808
9516
9123
10150
9368
9740
8456
9222
9997
9525
9377
9461
8515
10309
9495
12119
11226
8654
9816
7677
9494
8727
9209
11528
9327
9029
10364
8949
8892
8847
8893
9375
8760
10158
9849
9951
11710
10285
10090
10139
9227
10836
9926
9816
10001
8936
9446
9909
9942
9997
8420
10302
9741
9290
9939
11399
10148
8349
10205
9202
9816
10311
8961
8886
9463
8558
8568
11141
10801
8796
10191
9021
9636
9411
10274
10475
10392
9655
11305
8849
13338
9511
9071
8559
10484
9963
10514
9089
10113
9481
8192
8486
8487
8021
10036
9134
9137
7478
9438
9585
10940
10017
9275
8928
10117
9696
10305
9310
11057
8582
9895
9949
9511
9683
9496
9854
8281
9472
9988
9063
8972
7765
9551
9509
10379
11131
9289
10237
8913
8626
9586
9601
9161
11112
9432
11111
10965
8781
9182
9714
10309
8862
10419
8219
9324
9010
9320
9725
11621
9229
10831
9197
9476
9817
9744
9335
9730
9829
10335
9725
9354
8191
10097
7914
8831
12107
10618
10049
12243
10578
9682
8407
9575
9421
11136
8071
9060
7896
10633
8441
9511
11179
10299
8513
9237
11085
10401
9291
9859
10168
9947
9236
9244
9419
7999
9659
9575
10024
10520
9390
9612
10592
8219
9346
8859
10305
9419
8165
8712
10354
9168
11164
13443
9833
9951
9357
10822
10342
9125
9868
8748
9580
10370
9308
8773
9422
8174
9509
8767
9842
9882
8513
8280
10103
11389
9264
10363
7937
9629
8055
8049
11174
10321
9214
9110
8209
9106
8954
10049
9411
9311
8120
8854
10522
9998
10954
9175
8247
9579
13542
10448
8860
8165
9594
7646
9466
11707
8803
10568
9235
9862
9632
9201
9242
8588
8486
9111
10223
10063
9738
8268
9145
9987
9349
8552
9999
8807
10062
9803
9275
9212
7929
9767
10372
9411
11176
9575
10307
10693
11698
9888
11031
9611
8658
11124
9487
10082
9185
11185
8370
9957
8230
9762
8670
10671
9618
7032
10854
8014
9221
10843
9946
10234
8815
8796
7998
9472
9661
7730
10270
8636
10074
10119
9959
9269
9873
10154
9209
9546
9252
9057
8774
10637
7974
10949
11526
10517
8038
8561
9134
8476
9974
9865
8607
9277
8372
10322
9275
9762
9435
7987
9320
11775
9701
10589
9684
8925
10346
11965
9209
8748
9293
10454
9931
9975
9948
9446
11198
8547
9046
10203
7712
11141
11790
9945
9534
9432
8332
9991
9169
10893
8993
8677
9629
9738
9218
9243
9664
8494
10100
9319
11357
10153
8561
8605
9437
10086
10114
9881
10132
9111
8982
8043
10816
8549
9091
9678
9686
10640
8584
11903
9617
10506
10135
10543
10043
10419
8531
9142
9474
8471
10683
8763
10329
9859
9285
8977
10740
8668
9212
10506
9510
8819
10316
10367
9795
9073
9186
8958
10571
9690
8345
10775
8426
9932
9393
9535
10438
10113
9325
8894
11322
9845
8985
11182
8301
11082
8458
10012
11039
9352
9273
9037
8345
9256
9601
8947
10626
8357
9470
9948
9003
8462
9921
10490
9611
10893
10570
8248
8415
10621
9847
8888
8938
8414
8890
10330
10464
9079
9166
9093
10041
9373
9149
8273
10474
8851
10706
9359
9914
10628
10326
10401
8996
9615
10217
9600
9302
9659
9238
8534
9445
10467
8993
9159
9498
9045
9800
9321
9391
8654
9960
11530
10086
8823
8993
8991
10596
9528
9141
9778
10251
9844
9310
11226
9073
8923
8968
11606
11002
11937
11223
7918
10632
8730
9050
9052
9560
10449
9094
8210
9010
9434
8218
10681
11871
9991
10275
8543
7921
8191
9236
9773
10281
8280
10686
6824
9119
8500
8291
8837
9763
7655
9423
9346
10662
9989
9168
9764
11185
9392
7762
9412
9134
9929
9290
9081
10427
10030
8862
9023
9318
9604
10154
9293
9377
9036
9558
10253
7969
9410
8588
9415
9386
9600
8854
9771
9145
9943
9682
9734
8452
8318
9391
9192
9552
8862
8354
8330
9854
9862
9182
9244
9709
10288
9490
9149
9848
9018
9527
9709
9060
8869
9137
8621
8436
9542
9357
10938
8972
9327
8784
10696
8368
9512
10816
9390
9146
8996
9768
10569
9856
9516
9337
8394
10596
9884
9049
9086
9863
9427
9431
9818
8587
10990
8910
9578
8890
8932
9767
9140
9664
9103
10817
11186
8518
10232
9047
6784
9019
8961
9073
9169
9547
10710
11546
9135
10158
9461
8803
9261
8912
9675
9680
10761
8141
9098
8632
10271
9824
11862
8523
10103
7842
9140
10546
9818
9316
9544
8996
9744
10726
11137
9429
9773
7541
9796
9536
8636
10363
9948
9938
10674
8009
8167
9847
8546
11947
10580
7974
7765
9135
8683
9432
9305
10061
8497
8971
8495
10364
8239
10470
8854
9182
10094
10292
10279
10442
9463
10942
10331
8221
7568
9271
9253
11053
9670
8499
9125
9060
8010
8513
9737
8837
9601
9705
9733
9929
9125
8923
9986
8957
8486
9731
9315
9921
10027
9293
9178
9254
9971
9291
9852
12544
8452
11111
9459
9327
9606
8949
10440
8988
10635
10091
9587
9525
8580
8823
9862
9023
8986
9453
8710
9760
10917
10524
10557
9304
8752
9572
9445
9954
10466
9675
10307
10207
8472
9392
7056
9156
9233
8236
7866
9942
8983
9911
9486
9536
9390
8440
9813
8945
8863
9303
11283
9340
8896
9705
9152
9725
9269
9167
9375
8844
9261
9030
9119
8356
10745
9931
9321
10818
10622
9307
11411
9371
10162
9031
11027
7543
9575
9534
9748
8541
9735
8656
7904
8273
9405
7403
9820
11749
10353
9897
7686
8731
10563
9145
9302
10048
8552
9585
7944
9586
8311
10036
9977
8240
8143
9186
11300
9089
9038
9678
10868
9326
8941
9598
8414
10212
12423
9852
9071
11379
9680
10766
10321
9923
8773
9914
9175
8450
10601
9455
9798
11571
8238
9060
9797
9190
8725
8793
10696
11251
9925
10563
8540
9156
8352
9244
9734
9882
9625
9577
10086
9639
9190
9136
10762
9238
8803
9006
7960
10785
10239
8067
7944
10153
9734
8808
8373
9897
8703
9618
7900
9148
9323
10488
9982
8273
9506
10192
8325
9327
8531
9033
9229
8748
8702
10348
9581
9701
9178
11320
10378
9262
11498
10736
10756
11198
9744
8588
9591
11163
10469
11140
9258
9175
11260
10590
7638
9006
8993
10831
10090
10188
8994
8890
8119
9130
9286
8773
8982
9839
8400
9999
10364
10595
10218
10167
10067
9915
8808
9624
9432
10829
8318
11931
9869
10618
10279
9762
10268
10775
9945
9825
9767
8731
8464
10063
10189
9676
9249
10200
9551
9453
10122
10674
10335
9140
9419
9151
8932
10874
10181
8954
9476
9766
9472
11396
7506
10848
8982
10128
9754
10670
11337
9633
9542
9542
9509
11377
8661
8785
7925
9109
10472
11027
9231
8566
9273
9386
8938
10815
9344
9432
9514
9175
8304
10347
9078
10079
7864
9985
9125
10464
10127
9798
8497
9828
8549
9828
8408
9189
10028
10279
7506
8823
8412
9344
9374
10760
9841
9140
9324
10335
11229
8629
10282
10438
9985
10305
10097
8440
9909
9457
10443
9454
9945
9445
9147
9441
9400
9629
9476
8334
8703
8252
9285
9854
10239
10074
9091
9847
10048
9445
9686
9965
9950
8915
9320
9161
9313
8936
9289
10737
8997
8670
8561
8831
8776
9145
8819
8945
8190
9076
8302
10098
8010
8900
10739
10928
9472
11301
11978
9588
10366
9214
10127
9151
10420
10422
8994
9696
10936
12194
9998
9740
9601
10322
10704
8712
12214
9516
9661
8523
9190
10055
8668
10395
10621
9776
7469
7511
7469
10015
8837
10728
9801
8446
9103
7943
10546
8472
10417
9222
9492
9340
9327
9782
9429
8823
9888
9920
9550
8996
11715
9072
8284
7868
9037
8429
8937
10703
9342
9655
8416
9103
11411
9385
8049
10199
9289
9763
8839
10001
10238
9412
8626
9397
11259
8391
9152
9556
9872
9651
8812
9900
10144
9071
10764
9706
8733
9078
9784
9065
9872
9012
9161
10376
9253
9281
10305
8377
9807
8941
9343
9769
8372
9106
8649
7946
9172
10846
10796
8938
8636
9275
10163
11020
9801
9653
8324
9787
10942
9074
10714
9853
9340
9446
9313
8051
9698
10232
10169
7852
12539
9985
11320
9308
11047
8785
8924
9567
9807
12548
8485
8991
9995
10673
9939
8982
9128
9267
11267
8909
10779
7765
8978
8360
10161
11462
7638
10150
8147
8996
10101
12251
9687
10897
10035
10591
8979
8698
9812
11957
9418
9349
9706
10120
10040
7868
10523
7559
9883
8798
9693
8689
10084
9293
9551
9448
9606
8309
9448
9849
10175
10301
8755
9438
10633
10348
9475
10098
10860
8279
10238
8496
10298
10145
9558
9948
8142
8265
9768
8277
8588
8866
10161
10013
9695
8985
8853
9703
9552
10695
9254
8722
8985
10114
8377
8621
8803
9721
9567
9732
9859
9255
10142
9628
9807
11377
8203
8811
7600
8661
10340
9709
8626
10070
10435
9760
9895
12837
8874
9951
9680
10920
9666
10556
9415
9019
10545
8122
9668
9323
8215
9627
10257
9011
8760
11523
9086
10770
9340
9849
10280
11351
9201
10380
9822
10001
10841
9772
9323
9680
8263
10010
10449
10463
9593
9825
8209
10035
7677
8167
8207
9809
9527
7716
10177
9474
8636
9980
10021
8236
9134
11891
9747
8896
9509
10975
9294
8881
8272
8316
9711
10726
9790
8947
9400
8620
12625
9451
8862
9291
8616
10154
9141
9528
9125
7101
9718
11249
8963
10900
11465
10777
9746
10445
9853
8942
9391
9357
8263
9622
8480
10013
8257
10312
10472
10142
7767
9748
9308
9735
9419
8141
10226
8894
10719
9578
10035
8209
10595
9738
12187
7669
10193
9626
9557
8049
9532
9241
10784
9325
9660
9634
7293
8731
9909
9718
10110
9773
9144
7506
8396
8010
9724
9736
8993
9136
9726
9490
10225
9207
7518
9883
10528
9896
8548
9760
8420
9843
10887
9344
8654
8112
8419
11139
7651
10715
10082
9683
8945
8989
9465
9750
8948
7831
9037
9532
10802
10726
9243
10179
8587
11187
9381
10200
9877
9711
10643
11233
9511
10568
10206
7506
7561
8728
9352
10522
9876
8860
10763
10096
9017
7950
9630
11236
9103
8607
9219
9987
9270
8728
9495
9405
9705
10399
8899
9900
9293
9134
9766
9933
7842
8980
8978
10726
9925
8936
10224
9884
8192
11119
8437
12441
9936
11171
10896
8547
9088
9429
9585
10070
7730
9882
9492
9860
11021
10199
9690
9273
7767
8546
9462
8336
9575
9553
9654
9225
8670
9760
11442
9125
10508
10367
11526
9108
9253
9229
8941
10211
7384
9410
9109
9567
10258
10072
9462
9949
9046
10427
9352
8651
10220
11510
9313
9241
8900
9474
10553
9596
9567
9252
10309
9037
10323
10475
9369
8698
10349
10559
9994
10192
9582
8531
9209
7861
9031
10570
9071
8042
9318
10690
9914
9671
9242
8049
9358
8888
10138
8495
11516
8683
9182
8497
8082
9975
11229
8872
11267
9449
9725
9855
10292
8140
10817
8978
9229
10469
8236
8629
10622
11491
8755
9725
9860
8257
10954
9698
9324
8391
9344
8140
8008
9231
7765
8656
9828
10100
9221
8514
10447
9288
10837
8155
9160
9234
9766
8947
9323
10375
9551
9178
9720
7830
10450
9370
8964
8304
9537
9257
10661
7845
9221
8419
9897
10352
8126
9660
9187
12883
7531
9778
10155
9463
8630
7716
8775
9240
9740
