1111172
596876
417675
324664
268762
226820
201947
181161
161578
147011
135192
125894
118022
111254
103800
98631
93869
90926
86466
84177
81167
76478
73164
74561
70907
68218
67110
63227
62682
60464
57689
58205
56420
55157
52341
53649
51881
48631
49119
49355
49687
48663
44697
46170
44481
42790
44373
42716
42887
42599
41197
39734
39273
38333
38305
38203
38051
38223
36918
35713
36411
36645
38877
34326
34223
34674
32604
34225
33547
32946
32554
32920
32215
31638
31608
31128
30277
30576
30761
29453
30010
30330
29574
30740
28196
27865
29070
29249
29961
28793
26997
27518
27397
27766
25825
26285
26084
27700
26468
26097
26122
26097
26419
26518
24608
24234
25523
26196
25555
26299
25733
24969
24559
23919
24602
25074
24703
23681
23102
23576
23164
23906
23754
22589
23310
23161
23434
23302
22994
21859
23969
23816
21587
22025
22581
22516
22480
23073
21895
22612
22568
23162
20965
21120
23072
20432
20554
19867
21112
21959
20158
19276
23697
20903
21143
21765
21678
19040
21738
22384
21147
20024
19498
18698
20166
22696
20245
19108
19111
19539
19552
19738
20191
18642
18695
20143
19743
18544
19075
21188
18635
19410
18753
19271
18928
19313
18157
19032
19128
17976
20209
18174
17905
18509
18078
19239
18885
17123
18155
19155
18294
17555
17418
18896
18053
17576
18200
19264
18428
18680
17845
16374
18329
17220
18791
18086
17689
17107
16633
17091
16399
16784
16918
17641
18107
16581
17936
17487
18873
17762
19342
17615
17302
15912
17475
19123
16753
17703
16391
17922
17902
16377
18242
15903
16661
16365
15817
16870
17986
15688
16389
17171
17709
15403
15695
15129
16451
18002
18299
18023
16703
16178
17791
16503
15083
16436
16678
16620
17469
15157
17447
14567
15088
16527
18285
16388
15128
17768
16556
15930
15338
17220
16835
17503
15451
16351
15491
17077
18106
15521
15990
15603
15367
14890
16215
15977
15161
15965
16716
16587
15180
13929
17575
17085
13461
15934
14851
15530
15665
15041
14900
16516
13712
15040
16577
15625
13156
13990
16125
15780
15784
16005
15850
14234
14144
14280
15885
13960
16159
14941
16238
15834
14769
15066
14485
15612
14431
15720
15427
14802
14636
14972
15564
14434
14632
15091
15406
15204
15293
13744
16558
15001
14301
16183
13869
15617
15401
14974
15868
14816
16091
13401
14627
13831
14578
13203
13819
13233
15134
14640
15138
14852
15104
13942
14710
15128
16685
14690
14634
14433
15081
14918
14300
14545
16665
13939
14471
13780
14076
15317
15348
15121
13587
15560
15084
12934
13260
13955
14306
13806
14731
13109
15560
14160
13955
15993
14182
14875
14325
13885
13652
13901
16187
13921
13243
15588
13377
16099
14442
15452
12362
14249
14241
12822
12420
14653
12941
13692
14747
14761
14061
13558
12703
13869
13968
13160
16470
14144
14265
14754
13247
13731
14307
13884
13860
12057
14053
13785
13241
15165
14845
14600
13062
14396
14824
13344
13811
13481
13728
13167
14116
13288
13516
13119
13839
13501
15779
14856
14001
14343
14585
14202
13622
14352
14669
12313
13141
14452
14383
13032
14449
14030
14890
14460
12552
13249
13940
12218
12499
14376
13417
14091
12502
12663
12159
13152
13466
12763
12951
12666
14612
13811
13260
12117
12863
12905
14096
12960
12450
13626
13167
11656
14277
12686
13271
14036
16551
15195
12346
12205
12051
12128
12898
13219
13077
13293
13154
12033
12384
12967
12659
13446
14055
14518
12672
14237
11619
13660
12295
12785
12529
14267
13389
13106
14353
12946
13251
12877
13094
13449
12114
13293
12306
12976
13124
12401
12204
11851
13823
12117
12263
13145
13095
12721
14478
12709
13943
11993
10607
13629
11495
14009
13359
12607
13150
14621
11956
12036
13063
11563
11265
12510
11941
13005
14531
13615
12815
11850
13573
11776
13124
12356
11816
12223
13402
13491
11740
10966
12669
11614
11737
12778
13623
12672
13651
13987
12761
13085
12833
12783
14018
12697
12330
11872
12651
12949
12038
13159
14844
11710
13149
12151
13136
12627
11607
13966
11715
13019
14636
12712
12274
13832
13610
12923
13458
11527
11206
13168
12271
11479
12109
11848
11740
11772
13829
15510
12578
13762
11776
14066
13185
12257
11482
12233
11488
11087
14377
11148
11736
11046
11965
11177
11876
11664
11867
11857
11782
12180
11418
12445
11874
14361
12384
12283
11116
12568
13008
13146
12337
11710
12942
14806
11572
11455
11120
12100
14037
12279
14790
12011
12892
12813
12694
13151
13079
13397
11135
11292
11753
11912
11316
11582
12529
12595
11419
10912
11479
11968
13053
13733
11730
11024
11372
12713
11066
11423
13152
11252
12847
12273
13321
11705
10594
14188
11430
11024
13300
12469
12354
12711
11994
12495
12528
11686
12773
12930
12992
13250
11995
12309
14735
13685
11068
13324
10706
11633
12312
10988
11876
12126
11864
12754
11094
12512
11279
11820
12047
11952
12636
12335
10456
11418
11191
12046
11086
12454
12611
11342
13355
11622
11859
11234
11827
10891
12027
12549
13609
11616
11991
11675
11968
13667
11794
11392
11446
12726
13659
11257
11743
12244
12432
11670
12131
11115
12539
11328
12284
10528
10977
12214
12270
10709
11442
13100
10048
12503
14541
13210
11520
12137
11428
10534
11701
11656
12128
12512
11957
11357
12646
11823
10269
11249
10918
10939
11155
11407
12127
12655
12114
13164
13017
13068
11002
10884
12803
11036
12911
12907
11187
11882
12239
11859
13159
12994
11811
9185
12591
12384
12997
12060
13106
11123
10928
11732
12790
12271
11229
9967
10845
12003
11660
14465
10686
11177
11122
12994
10567
11703
12317
12518
11776
10175
11876
11203
11937
13623
10957
13243
11915
11778
11801
10449
14951
11433
10505
11674
12212
11535
15579
11647
11359
11257
12318
11265
11518
11685
12789
10672
9783
9960
11074
13026
10856
11573
12033
10050
12126
12025
10896
10806
12386
10545
13013
11315
11457
10727
11154
11313
13055
12953
9948
12340
11360
11532
11263
10084
10895
12953
12314
11205
11229
11186
11611
11084
13334
10370
12565
12343
11153
11495
12172
12874
10439
11681
10525
10580
12331
10632
10277
10863
10637
10760
11693
11683
10737
11663
12521
10817
13344
11466
10256
11840
11375
11761
11416
9560
12357
10949
14254
10804
12373
11944
12304
11916
13126
10516
11337
9178
11833
13601
9787
12325
11453
10862
10436
11095
12043
11040
11641
10791
11425
12001
12355
11429
11654
10369
11241
11725
11239
11978
12247
10944
9254
10787
13312
12019
11066
10830
11519
11352
9715
12016
10487
11598
11037
10996
10601
10647
9894
11638
12410
10528
10064
11123
10740
12450
11194
13073
10253
11281
10368
11154
11547
10940
10981
10041
10941
10045
12483
11046
10888
11758
10732
12348
11233
11031
10746
11711
11759
9794
10737
13152
10316
12494
11291
11256
10595
10995
11153
12300
11659
12196
11647
11798
10313
10585
10821
11373
11815
12681
12239
11577
11678
12390
11100
10604
10970
12023
10470
11464
9988
13874
11243
13867
9540
10062
13148
9701
9966
11187
11731
10890
9592
11201
10616
10922
10713
11267
12092
12169
9731
12342
9672
10038
10335
11590
11400
12279
12055
12193
10676
10881
12842
9800
12575
12034
10761
12421
12085
10207
11174
11628
11411
10715
10673
11790
10703
9723
9925
11904
11625
10983
10336
11483
12433
12106
11223
11570
12330
10618
10612
11686
11180
10816
10379
11401
12078
10963
10136
12087
11056
10330
10764
11390
10522
9344
13341
11423
11660
11267
10996
12003
11341
11842
9840
10142
10730
10469
11369
9671
13432
11658
12576
10344
10677
9732
10778
10054
10602
10267
13131
10862
10483
10467
11178
10789
10552
11539
10875
11590
10894
11213
10947
11971
11449
12184
10387
10861
11048
13229
12115
11340
10792
12202
10978
10480
9753
11633
11688
10257
10352
12221
11243
12248
11107
12453
10732
9781
11449
11309
11000
13920
11987
10750
10348
9720
13682
10529
10471
10879
11764
11500
10282
11538
10654
10438
11294
13380
12222
13514
10052
9458
10002
10496
10929
10062
11837
11684
11214
10210
9668
11435
9760
11971
12708
12009
10213
10258
11029
11337
10164
10679
11130
9486
10007
10481
11147
10841
11976
10084
11404
11734
11832
10913
10247
11612
12534
11373
10670
11258
11273
12058
10649
10471
10096
11085
12476
9680
10020
10164
11751
10103
11281
10546
10784
12114
10516
10335
12832
12877
10398
10166
11483
12162
11165
10479
11401
9803
12625
10168
9991
10202
10993
10721
10779
11498
10224
12596
10994
9340
10710
10236
11285
12064
8996
10841
10957
9050
11173
10003
11768
11986
9955
9220
11641
10623
10796
9446
12289
11537
10208
9810
10133
9884
10750
10880
11068
12182
11227
10445
9373
8401
10595
10229
11270
10447
11201
10843
10246
14792
10916
11297
11126
9291
9916
10370
12338
12245
11084
11023
8852
9106
11804
10113
10895
9972
12508
10741
10503
10434
11056
10449
9581
10734
11358
11051
9021
11006
11244
10234
11570
11824
9883
10613
10148
10976
11416
13111
10475
9819
13246
9990
11423
10656
11163
9416
11485
10815
10392
8315
10591
11819
8844
11189
12367
9997
10692
11631
10793
10426
10787
9849
9507
12203
9727
9634
10120
11180
9164
11991
9371
11888
12039
10642
9728
10118
11795
10870
10508
10463
10379
10541
10813
9736
10474
10687
10661
11496
10741
12198
10602
10945
9760
13097
13146
10262
10718
9675
11885
11151
8903
9343
10665
9567
10359
11022
10520
11339
10670
9046
9918
10420
9708
9945
9944
11180
9960
10155
10788
12305
10845
10380
10698
10379
9625
10212
10261
9667
10736
10795
12481
11483
9481
9202
11308
11317
11648
11773
10689
10249
9892
11129
12259
9929
11052
10147
10231
11001
12679
10523
11836
10351
10042
11770
11454
10659
11085
11379
9077
11942
10946
10683
10368
10437
11329
11057
10412
10201
9915
9889
11781
11443
10133
10862
10017
12977
11417
10348
10709
10336
11017
11411
9393
11322
9847
11322
10600
11111
10811
11107
11801
11212
11938
10892
11119
9898
10955
9620
11132
11102
11537
11085
9900
9875
8870
11280
10801
10914
10461
10132
12476
9706
10798
11103
10045
11412
8308
10186
10201
10299
11825
9945
11163
10178
11487
11728
10849
10506
10535
12270
9118
11496
11037
10696
10358
9884
10091
11858
11475
11066
10589
10581
9948
9209
10703
9954
10694
10560
10223
10327
11546
11645
11714
10129
9637
11040
11102
11645
11371
9974
10804
9916
9692
11093
10675
12702
10815
9897
11943
10994
9590
8907
10826
10576
10196
8566
10806
11490
11401
11498
10099
10513
9782
9264
10035
10038
10764
12436
11200
9791
10885
11059
11328
11647
9560
11266
8946
11732
12126
9164
11712
10505
10798
9727
11140
11240
10872
11337
11764
12054
11666
13149
10210
11150
9636
10039
9654
10686
10606
10562
9484
11315
11359
11940
9952
8945
9820
11442
10959
10760
10149
10731
11220
10203
8942
11012
9053
9031
8494
10912
11774
10164
10091
11570
11555
8727
11321
11161
11138
10903
9996
9681
10586
9345
10321
11310
9876
10902
11392
9327
9849
11728
12130
9222
11382
9288
9163
11552
10413
9681
12500
9641
10944
10771
10836
11272
10622
9813
10726
10890
10947
11350
11144
10951
10338
10154
10191
10332
10238
10152
9570
10745
10173
11231
11773
11249
9704
11338
10349
9937
11550
9899
11185
9921
10736
9398
10447
10428
9525
11494
10523
11433
10748
11254
10818
9428
10381
10599
10069
9752
12213
12220
10175
9565
10847
11116
10101
10533
13307
9465
10055
12185
10502
10854
10436
10866
10884
10369
10551
9093
10027
10688
11043
9507
11122
9721
10081
9713
10348
11286
9532
9036
11428
11867
11888
10675
11242
9882
10370
9848
10419
10758
10161
8687
11035
10152
10940
10335
9928
9691
10623
11923
10226
10087
11109
8936
12989
9497
9469
10357
9031
10691
9391
10133
11061
11135
11421
8965
11109
10511
11617
9662
12530
10681
10043
9825
9712
10658
10982
9003
10714
10872
9819
11179
10504
10369
9282
9889
11001
10448
12989
10030
10539
9278
9104
10874
11131
10785
9672
11724
10010
11969
11195
10708
10098
11252
8997
10102
9441
10905
12275
10240
8874
11160
10874
10287
12289
10185
10442
10643
8275
9739
10887
10740
10023
9288
11075
9474
12270
9739
10432
11032
12052
10516
8866
9343
11143
13355
11788
10200
10514
12017
10851
10474
10161
11045
12393
10801
10738
11712
11798
10106
10583
10252
9750
12373
9085
9708
9905
10557
9252
13093
10556
11545
11037
10341
10517
11087
9381
10119
10687
10933
9879
9076
9733
10470
13388
10752
7401
8552
12144
10816
10876
10634
9845
9990
10258
11463
10582
10914
8565
11071
11897
11200
10245
9638
9303
10241
10150
10238
11020
12308
10791
8491
9599
9253
9340
10029
11973
10674
10289
10466
9727
10850
10346
9550
9433
9688
11700
10034
9642
10583
9532
11029
8621
9867
9599
10189
10153
9545
12238
9654
10050
10597
10944
12210
10429
10033
9899
11647
10056
11085
10183
9054
11460
10514
11406
10194
11760
9333
10541
8947
10815
8773
9797
10424
10443
9431
11688
9636
10313
9621
9384
9954
9222
9940
10779
11605
10446
10544
10582
8896
9332
9324
10515
9486
9496
11704
10010
9236
9512
9884
10627
10791
11775
10549
9125
9582
9257
11114
11032
10228
10870
9495
10471
10731
9289
10105
10651
9169
8776
11268
11838
10273
12494
8369
11856
9537
9986
10848
11218
10283
11620
9909
9152
9329
11346
10578
9588
7782
10791
10525
11655
10193
9228
10543
9580
10574
9593
8944
9164
9445
10885
9925
10865
10538
10648
10027
10546
11855
11852
10453
10194
9074
10395
9049
12300
11094
12303
10289
10312
8366
8819
10608
11899
9202
10425
11441
10889
10621
10346
10577
11510
9733
10946
12000
10727
11772
9182
9662
10789
11149
9856
10982
10567
9325
10913
9005
8431
10691
10576
10734
12390
9980
9736
11040
8616
10893
10136
10199
11457
10121
11464
11198
8728
8370
9764
9639
9973
10559
9980
8882
10615
9298
8584
9673
13666
11608
11071
10197
10333
10239
10152
10089
11374
10606
10615
9275
10487
10514
12343
9695
10674
9447
10535
9030
10644
10800
10030
8298
10564
10796
10961
8352
9606
10064
11158
10734
10450
10233
10726
8762
9788
8782
9121
9728
9780
11329
9821
9507
11147
10168
10179
9029
9226
10002
10189
11971
10085
9760
11273
10988
9850
11432
8786
11118
10550
8233
10425
12637
11322
10271
8533
10841
10555
9525
12172
9127
11087
10402
11351
9833
10643
10841
11539
13569
9212
9885
10358
9675
11111
12188
11103
10074
9645
9888
10674
9161
8814
9849
11154
9169
10942
9498
11257
10484
11083
10110
10464
10826
10414
10748
10012
10362
10675
9802
11288
10497
11624
10339
12062
8789
9692
8398
10923
12105
10464
10353
10414
10896
11063
10040
10377
10070
8860
10237
8395
9146
11113
9434
10276
12221
10584
10825
9536
9618
11191
10257
11095
9119
9818
10590
9216
11357
10618
10437
10413
9677
11271
10710
8804
10022
9936
11867
10596
10950
12098
10075
12298
7952
10684
8972
8947
10011
8667
11496
9905
10788
9789
11754
9893
9516
8917
9350
9457
9970
10107
11241
10285
10098
10076
9325
9861
10348
9371
12953
9320
9509
10333
9114
10523
10228
9824
10676
11288
8588
9688
9339
10704
11131
9040
9772
9303
9357
11070
9385
9210
8508
9855
12064
10925
11329
8433
9283
8231
9742
9281
11033
9662
9589
10146
11009
10082
9947
9791
10465
10565
10774
10568
10437
9036
10877
11535
11480
10447
11850
11004
11126
10076
9763
10343
9760
10736
10442
9431
10186
11611
9077
9774
12294
10948
10328
9663
11619
9921
10080
10148
10815
9711
10732
9037
12581
8950
10516
8320
9192
8785
9980
9109
11844
9429
9866
10776
10369
8572
9639
10100
10412
9381
11372
10207
10506
9234
10413
10817
8807
11771
9343
11502
9888
10791
10998
10521
8071
10949
9097
8999
10105
11187
9747
11166
9449
8498
10549
12273
10125
11336
9861
9193
9698
10481
10197
11166
8766
10981
11545
9486
10016
10096
10570
9038
9374
9705
9057
10563
11570
12169
9657
9666
10956
9260
9906
8913
9742
10220
8998
10009
8932
10865
11159
9652
8250
12385
9887
9313
10392
10226
10688
11270
10211
11765
9799
9308
10622
10678
7848
9731
10232
10197
9702
11036
9655
11411
9760
10847
10581
10270
11119
10825
10197
10914
9771
11645
10444
10462
9295
10564
10480
9653
11700
10447
9567
9837
10378
11947
10429
9829
11138
11170
11644
10533
9588
7887
10672
10015
9331
10275
10095
9217
10578
8861
9408
9496
9302
9944
9118
10585
9080
10175
10579
9671
10163
11264
12325
10234
8807
10609
10488
10408
9632
9418
10209
9610
10871
10622
8763
11259
11620
8788
10507
8498
9506
9000
10756
9469
9144
9540
10596
8660
9160
8431
9988
11618
8730
9629
9559
11353
9418
9648
9246
9405
10359
10364
10113
11244
10354
9944
9755
10864
11380
9111
10603
9896
10771
10402
9670
9886
9499
9613
9377
11325
10942
8718
10769
9888
9683
12551
10199
11415
9308
8631
9833
10483
10087
7956
10055
10390
10448
10697
8552
10152
9851
10061
10874
9688
9249
8835
11537
10420
10583
12286
11957
8738
9160
9472
9199
10438
8873
8345
9169
9125
10495
9475
10975
11134
8802
9253
9357
9121
10454
9835
9735
10340
9905
9474
10721
9610
10061
11409
8353
11943
10794
10733
8822
9783
9449
8224
10721
12007
9486
9299
10492
9792
7956
10245
11281
9891
10109
10869
9888
10481
9197
9807
10212
12518
9512
10770
11993
9582
9998
10480
8450
10290
9899
12460
11669
10621
8783
10483
9934
10180
10230
11891
8499
10721
10675
11457
9275
10921
11384
9011
9831
11480
9485
10155
10261
10454
11085
9535
9146
9992
10574
10514
10365
11100
10385
10946
10107
11684
10931
9464
9086
9542
10146
12785
9852
8206
9040
10031
10011
9301
10417
9559
10350
9947
11479
9810
11197
9548
10678
9247
11407
11481
12116
9624
10859
10457
10463
11355
9189
8869
9308
11034
10133
7831
9143
9952
9453
10789
9714
9904
9621
11059
9091
9976
10460
10187
9401
9966
9847
12966
8470
9669
10891
8191
9821
10826
10129
9536
8980
11191
9706
10172
9484
9000
10024
8149
9450
9660
10611
9316
11377
9575
9855
10118
10204
8762
9822
8714
9559
10962
9468
10174
10880
10298
10767
9629
9655
10495
9848
11469
9431
9394
9865
9923
9918
9325
10594
10951
10469
8601
9125
9011
10546
9534
10643
9348
8496
9975
10712
10961
8700
9682
10469
9483
10097
10330
9103
9537
11609
9512
11030
10544
9593
9453
10474
10774
9585
8568
9952
11029
10601
11344
11456
10456
10896
9081
9973
10238
9273
9447
11787
10255
8748
10631
9385
10516
10508
9915
10430
12331
9666
9357
9945
9150
10391
10643
9152
10089
11567
11255
9415
11823
10020
9494
9542
9004
8940
9815
9291
9453
10559
10199
9369
8807
8638
11277
10345
9591
9763
11336
11916
10549
9767
8998
9698
10491
10279
11030
9357
10968
10235
9585
9336
12377
9986
10594
11830
8854
9577
9651
12094
9386
9843
9925
9095
10418
11281
10430
9559
11068
10249
10310
11259
10408
9037
11177
10237
10419
10733
11294
9841
8912
10447
10563
9498
9991
12067
9507
10604
8886
10443
7429
11715
10811
10741
9700
10198
8412
10569
10727
8643
10622
10029
9116
9428
9692
9048
11606
9205
10147
9669
9623
9554
9739
11283
9782
9830
8860
10112
8987
9495
9755
10851
9157
9770
9234
10761
10598
9786
10232
10245
10061
9362
9122
10307
11163
11592
10933
13265
11395
10298
9200
10157
10394
11171
9696
11189
8452
10321
9242
9061
8362
9878
10142
8948
9037
10946
11705
9752
7948
9701
10652
10781
10173
10458
10229
11477
10499
9512
8131
9692
9865
8087
10299
10323
10275
9711
9496
10234
8539
10382
11103
10977
10561
9797
10444
9774
12467
12228
8354
9262
10271
9857
9435
10434
8695
10191
7431
9953
10507
9288
9773
9687
9589
9657
10146
10591
9772
9238
8710
9952
9010
8863
9446
9767
11286
8985
11939
11367
9521
9189
9428
10364
10279
10359
9525
9288
9567
9190
10551
9227
9214
9418
10933
9760
8415
9313
9997
10140
10189
10448
9435
10963
11113
9336
9125
10379
10845
9188
10011
10522
10192
9973
10060
9657
9968
9827
9260
9980
9438
11314
9448
10090
9125
12330
10237
10747
10581
10175
9489
8841
10109
9167
8790
9647
10137
8373
9796
11080
11076
8218
11356
10270
10054
10469
8899
9071
11011
8846
11409
10460
10375
11454
9647
9177
10414
8483
10723
9009
11441
9366
9254
8958
9216
8464
9548
8784
9079
8535
9526
8411
9377
9412
11280
10103
9690
7761
11062
9901
8849
10107
9954
10363
10602
9003
10279
10243
10718
9663
10944
10011
9804
11481
9399
9534
9437
10862
10111
11350
11134
9392
8900
9412
9620
11103
9075
11356
9825
10668
10234
9968
13541
10188
8369
9226
11495
8895
10417
9489
10685
10100
8838
11641
8985
11054
10339
9003
9445
8818
10435
10019
9618
9818
10013
8731
10050
10556
8565
10146
8369
8361
10629
10367
10601
9997
9342
9155
11693
10470
9739
9623
10523
11697
9632
10241
10147
9289
11656
10395
10651
8989
11257
8970
8691
9192
9502
11539
9889
10155
8360
10190
9625
10580
10277
10847
10469
10280
9606
10678
9650
11467
10708
10232
10099
9879
10919
10144
9372
11027
9085
9968
9766
8419
9103
9344
10502
9393
10728
9719
9835
9171
7884
9622
10480
9331
10475
10692
10565
10275
8394
11391
9232
9542
9470
9545
10709
10933
8766
10205
10081
9634
8947
10458
7908
11945
9548
13079
8646
10465
10386
9194
9272
8826
9201
9257
9607
10950
9738
9796
9742
11892
10847
9920
10040
9160
9234
8143
8585
8944
10166
8956
10868
9613
9485
11056
9937
11333
10833
9336
8994
9524
10098
12575
9532
13124
9667
8867
11991
10816
9818
9767
10285
8999
10466
11361
9178
11739
9815
9260
8631
11466
10041
9744
9968
9672
9146
12301
10048
9442
9129
9763
10685
9790
12198
10740
9548
9579
11776
9492
11388
11466
9738
10995
10627
11458
9199
8662
9377
9884
9474
10007
8348
8633
9798
9893
10629
8705
8311
10826
10400
10997
10410
8783
9793
11825
9762
8882
10048
8275
9061
10008
9238
9881
10217
8830
10285
9569
9663
8983
9827
10728
8301
11251
9460
8008
9045
9109
11835
9745
10999
9468
10095
10566
10070
9825
8140
10238
10533
7988
8931
11949
11694
9627
9461
11096
9983
9804
8985
10366
10207
11158
9601
9145
9342
9929
10110
8850
10253
9054
11722
6926
10048
9909
8523
10870
10038
9003
9622
8656
9980
9209
8558
11826
10633
9496
8961
9377
9342
8922
9524
9481
10129
9338
7619
9982
9181
9286
10152
10151
8873
7820
9233
11079
12058
9536
9640
9888
9065
11362
9205
9839
9566
9283
9975
9219
8958
8753
8921
8570
9944
10718
9202
9801
10102
9937
9506
9393
8797
9911
9018
9310
10074
9899
9476
7706
10252
9240
10339
8956
10146
9534
10521
9381
9903
9141
11305
9459
10466
11056
10696
10432
9537
10709
9217
10181
10799
10736
9574
10845
8107
9407
9243
9582
8882
10019
9337
8902
10357
10893
10191
9233
8958
9367
9551
9600
9394
9894
9215
8941
10172
10474
8202
10157
10121
8808
9979
9200
9750
8942
11538
9734
10041
9913
11407
10639
10140
11466
9447
10272
9528
11146
9739
9767
9567
10459
11257
9472
9757
10227
10380
8458
10136
10681
9440
9730
9782
11054
8156
8031
9163
9455
8993
10243
8345
10120
9208
11400
10219
9270
9727
9136
9536
9009
9350
8648
10444
8643
8055
11606
11474
9612
9762
10121
9986
9035
9701
8844
9535
10567
7947
9481
10736
10177
9584
9837
9167
9238
8912
10627
9718
9968
8630
10153
9652
11464
10727
9064
8915
10213
9656
9700
9801
8455
9942
12410
9903
8813
11777
9247
11537
10098
10060
9846
9693
9344
9394
8621
10392
9591
9227
8912
10979
10390
10938
8825
9589
10532
8950
11576
11250
10507
9579
10441
7716
9357
10743
8822
9900
9843
8803
9543
9101
9104
9121
11084
9876
9335
9581
9943
9418
10941
12391
11114
10204
9971
10613
9030
9110
8894
9847
9158
7959
8663
9818
8873
10292
11191
9155
11510
9325
10255
9998
8272
9001
10541
10438
8510
10482
9691
9792
10544
9929
9257
9045
12024
9551
9498
9856
9276
10277
11195
9836
8156
9813
9647
9025
9724
10001
10927
8406
9110
8588
8954
10670
9261
9245
8757
9362
10402
11198
8904
9807
10406
10906
11496
10271
9828
9693
9633
10476
10940
9661
8523
9739
9768
9003
9937
11650
9844
10567
10157
11163
10728
8699
10539
9968
9527
12024
10942
12983
9627
9787
9728
10090
9697
11315
8829
8958
8583
10103
11105
8997
9804
8546
9932
10765
9201
10063
9288
11255
9639
9900
10523
10839
8373
9795
9054
9065
9929
8823
11100
9040
11179
11054
10569
9235
9427
12761
8998
8765
10382
11140
10230
11126
9767
11595
9620
8687
10210
10290
10013
10370
9797
8984
12316
9486
11520
8118
8986
8936
9686
8585
11162
10895
11210
10654
9354
8954
8726
10139
8963
10234
7405
10401
11088
8236
9252
9403
10051
9929
10305
9112
10255
9407
12244
8466
9612
10041
9595
9847
10351
10372
11719
10172
8938
8953
9618
9601
7845
9272
10896
8547
10781
8804
9361
10258
10602
9746
9442
8923
11513
9178
9905
9260
8763
9139
11059
8917
9386
9726
8335
8284
10038
10154
10220
8983
8984
9264
10761
11018
10319
10407
10553
10475
8533
9577
11458
12166
11039
7897
11499
8619
10105
11631
12422
7957
8721
9249
9222
8711
9572
7817
10580
8526
9985
8861
9815
9854
11645
8622
8043
10188
9924
10606
9232
9596
11182
9163
9932
9861
9707
11109
10557
10286
10574
10080
9760
9110
8621
10452
8716
9201
9475
8417
8979
8910
10152
9157
10087
9147
11573
9465
9559
11918
9787
11019
7969
10775
10746
10090
10448
11354
9381
10409
8923
8951
10868
9701
11798
10720
10155
8632
9335
9766
9438
8314
11570
11688
8263
10074
10859
11063
9404
10543
10241
10351
10051
10252
10261
8398
10485
11038
9495
10982
9853
9423
8789
10125
8981
9770
10116
10818
10709
8182
9883
9868
11857
9345
10570
10628
10232
7959
10680
10437
12035
9730
10937
9632
8662
11810
9752
10359
10435
10886
8866
9808
12415
10149
9482
9291
10659
10541
11787
11337
11480
11670
10030
9703
8485
9634
10234
9209
11057
9448
10715
11153
9271
9924
9177
9545
9429
10248
9395
10952
8752
9944
8937
9275
8945
8207
9693
9418
8925
7908
9833
11470
9495
11383
8708
10448
8762
8706
8915
10253
9337
10391
9020
9798
9221
8703
11406
10144
12383
9227
11792
9212
9476
10236
9582
10605
10067
8993
8668
8513
10177
10120
9577
10869
9723
10398
11033
9804
7992
9383
10071
8910
11213
9733
10474
10851
9295
9586
10384
9862
10817
11005
8141
11654
9883
10680
9001
10291
9145
11264
10029
8468
11085
9398
10329
8702
9397
8829
9470
9305
11732
9241
9086
9114
9670
11088
8279
10896
10015
12396
9750
11063
9282
9512
10124
9261
9681
9171
9070
8923
8939
10713
10036
9634
10317
9329
10997
9655
9272
10070
10156
10359
9223
9353
10001
9618
10464
8978
10000
9897
8220
9985
9015
10721
11088
8872
8045
7896
7943
9102
9429
10111
10237
9659
10299
9884
10291
9908
10060
10532
10843
11030
12252
8602
9948
9236
9456
9107
9318
9670
11000
9798
8969
10661
10805
9332
10659
9212
9606
9845
11593
9664
11653
9236
9750
9685
10429
9967
9762
7763
9738
10442
11824
8369
9023
8805
7975
9137
8415
9735
9742
9486
9672
10037
10300
10074
9901
10490
9589
9736
10530
11692
10321
10430
10155
9404
8474
10039
9828
9328
9575
9299
9630
10362
9482
9926
11691
10809
8802
10074
8978
10419
10576
9509
10308
11141
9429
9664
10595
9685
11333
11153
9278
9934
9264
10109
10432
10204
10202
9637
9632
9870
9035
10787
10710
8390
9394
8642
10423
10392
7706
9721
9744
10892
10028
9079
11144
10331
10015
9554
11070
8178
9688
10120
8996
9944
9450
10083
11187
9056
10170
10784
8169
10205
10074
8173
9811
8508
9097
9650
9492
9906
10311
10336
9396
9750
9685
11087
7744
11832
9191
9364
11289
8470
9732
10265
8506
8711
9757
10466
11526
8771
10226
11465
9542
9788
8548
9531
9103
9272
9180
9371
12352
8273
10517
9605
12558
10353
10947
9795
10613
9148
9877
9980
8470
8886
9106
9033
10346
9245
12435
11304
8852
9546
9685
9534
9012
9468
8358
8780
8890
10182
10520
8990
9633
10887
10022
9162
8258
10485
10155
9213
9732
10826
10151
9948
9217
10288
9260
9022
9968
8189
10436
9121
9344
10710
9676
9192
9863
11327
10449
7861
9740
10731
9091
8191
9091
9273
9272
11668
7589
8421
10736
9159
10740
10165
9335
10425
10988
11186
9203
11249
9787
10041
8936
9045
10091
9108
8588
12259
9852
8849
10134
9338
8510
12810
8832
9429
12691
9063
9793
10321
12177
9030
10152
8543
9760
8655
9002
10718
8566
9469
9311
7205
9332
9037
9506
9456
9509
10737
10149
8224
9582
10371
9095
9669
9253
10796
8519
9049
9023
10659
11607
9113
9509
10621
8636
10489
9857
7908
10952
9454
9474
10739
8736
10405
8917
8070
10402
9493
9970
9800
10363
9707
10242
9582
10814
8298
10474
8643
9863
9600
8700
9889
9708
9357
10290
9516
9929
11273
11663
8606
10559
7477
10770
9134
8052
8996
8784
11132
9775
9782
9988
12240
12826
10131
9173
9090
9390
10750
10676
11063
9553
12882
9847
8390
8335
8964
9037
9989
9706
11677
9462
9348
10253
9048
11680
9339
11006
9373
10569
11223
10170
7384
9368
8630
8695
10097
8501
9371
9332
8071
9231
10559
8720
10064
9140
10548
9350
12968
9302
10729
10320
9295
11635
10509
8309
9942
9001
8837
9137
11270
9482
10516
10773
8649
10098
9824
9997
9881
9492
7896
11831
9774
9015
9749
10135
9665
11229
8867
10739
8517
10353
11476
9820
11095
9189
9219
8441
8426
10444
10090
10434
9058
8320
8619
10066
9114
9419
8357
9152
8997
10038
11397
10362
9502
9770
9549
10737
8125
11084
9471
9857
9733
9713
8272
8474
9444
10100
10956
8207
9768
9149
9458
9212
10313
9004
10578
10580
9970
10678
10203
11081
8999
9293
8181
10721
9360
10191
11671
9675
9314
10118
8894
9019
9910
10237
10033
11336
9293
11894
10362
10086
8391
9876
10379
10239
11037
11031
10217
9866
9980
7842
8700
10970
9467
11034
10871
8014
9848
8268
10432
10790
8974
8762
8954
11388
8470
8665
8202
10139
10331
9828
10095
8470
9849
9225
8869
10679
9678
8861
9289
7962
11103
9852
10422
9963
8997
9025
11567
9572
10033
10178
9824
10219
9402
7790
10253
9939
10942
10132
10502
10730
8356
10134
9410
9711
10626
8224
10187
9045
10149
9263
9860
8963
12421
10126
9789
11030
7406
10090
7956
9366
10418
8823
9003
9952
10546
10896
10596
9171
10149
10490
9335
8498
9237
10465
9665
10717
10369
9078
10079
9905
9084
9698
10097
10435
7518
8717
8237
10448
9601
7974
10437
10665
10172
9890
10060
8430
9801
9613
9760
10503
9038
10651
9305
10301
11147
9271
10549
9983
8318
10563
10703
9798
9348
9831
9407
9466
9003
9730
9725
12720
11062
9787
10385
8895
9469
8888
9015
11195
9813
9611
9935
10079
10304
11428
10870
8801
10656
10343
12091
10125
11052
9690
10166
8947
9634
10437
9474
10502
10154
8014
8848
10947
11180
10821
10391
10643
10233
8263
9313
10019
9076
10028
8635
10912
8390
9835
9823
9959
10608
10576
10332
8789
10133
9141
10376
8455
9752
7749
9191
10184
10829
11228
9810
9530
10287
7848
9162
10192
8974
11192
8802
9081
9172
10935
9432
8460
9833
9048
11275
8937
9219
9308
9369
9593
10201
9528
10580
10392
9590
9648
10284
8655
11719
9105
8800
11208
9765
11470
8771
9293
8663
10520
9295
10280
9283
9738
8593
10528
10307
7583
11195
11262
8605
11143
9601
9354
9651
9080
8332
8468
10172
10242
9657
9461
10142
10794
9357
9178
9388
8747
7653
10013
10087
11796
10082
9572
9421
12463
11802
10255
11175
8993
9881
10570
10184
9100
9320
8722
10267
9057
9286
8605
9638
9422
8400
13107
9897
11113
9764
9620
8252
9913
9746
12651
9778
8970
11867
9158
9295
10018
9898
9551
8472
11331
10291
11000
9360
10028
7917
8934
8763
9973
8969
10452
10271
9346
9984
9938
12192
9215
9998
10472
8067
9265
8795
9431
9844
10220
10539
10321
11477
10463
10148
8651
9062
8886
9432
8495
9152
10637
11184
9417
9844
10161
7638
9407
10023
9086
9332
10657
10313
9379
7917
10150
8832
8334
8345
11181
9146
9086
11216
8465
9208
8909
9345
8582
9654
10322
9130
9057
9798
8989
9428
8289
7687
8606
8625
9019
8831
9577
11319
9705
8541
10561
10167
10034
8418
10069
9753
11228
9489
9437
10701
9427
8742
9795
10023
10245
9639
10609
9117
10843
9243
9516
11316
12166
9666
9053
7987
10664
10010
9799
8874
9324
9532
10666
9031
8497
9146
9386
9524
9876
8531
10002
9015
13417
11607
9318
9102
7973
8657
8732
10490
11826
10310
8532
9713
8218
8042
9514
10524
9167
8600
8700
11160
10043
9490
9439
7766
10893
9235
8237
9672
8523
9841
10622
10353
10651
10089
10418
10096
9839
9662
11086
10290
8627
11009
9823
10352
9278
10064
10419
10491
11151
9726
10210
8580
9939
9684
9712
9587
10076
8631
8851
9399
9469
10788
9698
8298
7754
9031
9472
9091
9463
9542
10770
12058
9065
9952
8498
9265
11093
8789
9243
10102
10733
9852
11160
9467
9550
9121
9904
7990
9050
10943
9734
9113
10111
10628
10432
10471
9104
9270
8972
9906
7947
10484
9035
9729
9390
10429
9939
8479
9713
9180
8874
9253
9288
11061
8228
9548
9989
10076
9343
8986
8207
9469
11327
10275
9835
8704
10100
9614
9652
9068
8802
9000
11545
9090
10237
9085
10304
9470
10079
9416
10418
9797
8300
11382
11021
10394
10534
8655
9017
9448
12534
9599
10499
9036
9499
9735
10981
11279
9544
9984
7712
9453
10419
9666
8484
9622
9237
10755
10541
11086
9318
10233
8765
9661
9770
9514
8176
8870
9744
8572
9091
9896
9167
11109
9419
9506
10906
11574
9111
9897
10635
9578
9357
10460
10000
9853
10516
10919
11923
9236
9921
10473
8986
10385
9190
10060
10487
8771
9194
10427
9335
7568
8833
8277
9351
9091
8722
9392
10787
9773
8921
9422
9545
10425
12445
10279
9774
8886
10006
10070
9647
9531
7806
9960
9391
9058
8941
9914
9493
9140
9909
10021
9819
9582
9991
10407
10946
12512
10698
12766
8146
9121
9369
9109
9249
8712
7993
9402
10418
11021
9325
10822
10006
9114
10735
8657
9843
8863
9146
9104
10983
10379
8891
9559
9556
9125
8640
9832
9929
8412
9954
9136
8586
9006
8105
9831
9109
10900
9079
10518
10289
9736
9583
7669
9146
10073
9657
8999
8491
9822
9636
9844
8892
12127
9629
10458
10006
9354
10010
10785
10141
9593
8605
10302
9367
9602
8979
9973
9685
9542
10713
8602
8868
8348
7834
8438
11259
9953
11708
9613
9451
9240
9750
8999
8745
8985
9713
10869
8900
8817
10636
9370
10475
9820
10772
8491
9029
10476
9905
9086
9397
9847
8173
8525
9980
8411
10565
10218
8763
10593
9558
10283
9494
8937
10569
10083
9740
9753
11322
9804
10003
9010
9388
10346
9696
9119
10937
9887
10565
9968
9458
9736
10791
10248
10475
10817
8727
9110
8893
10427
9037
9331
9134
9349
12953
9373
9125
11964
10817
9343
10579
9876
8837
9091
10715
10125
8468
8452
9600
9844
8179
9471
8726
9685
8176
9578
10772
8547
9324
10061
8252
10130
9354
8602
12131
9731
9536
8273
10483
8823
10055
10862
7517
9256
10082
9918
10013
9713
8593
9246
8702
10324
9516
9911
11094
8717
9415
8725
9765
9354
10213
11322
9700
8708
11936
11160
8984
10884
8931
9388
8726
8633
9702
9226
10570
11833
10447
10836
11694
10467
8480
9837
8818
11824
9350
9929
9106
10251
9186
9905
9328
9960
8661
8783
9392
10447
11100
9264
8220
9141
11468
8433
9483
10226
9586
9332
11916
11023
8903
10984
10576
11070
8950
9623
9037
8681
9900
10045
11118
8815
9308
10262
7506
9656
10381
9904
9673
9649
8470
9764
10552
9791
10280
9156
9881
9545
8881
9694
9773
9187
8532
9987
10290
8148
9445
9601
10010
9721
10781
10103
10573
9706
10230
9103
7904
10627
8717
11143
9097
9797
7994
10606
10406
9502
7965
9634
9583
9062
9813
7909
9523
9753
10104
9223
8873
9291
9130
11022
10304
8169
9817
11630
8752
10944
10687
8478
11685
8119
8298
9931
10226
10672
8700
9149
9011
9631
10488
8566
12922
8993
9044
10551
10080
11087
9263
10923
9302
8819
8641
10788
9107
10244
10020
8829
8644
9685
11436
8526
9495
9212
9077
7259
9841
10436
9454
9673
9076
8273
8480
10130
11268
10140
10557
10881
8112
10148
10407
10024
8493
9714
10806
8970
7945
10633
9498
9458
8435
10205
10849
8881
10776
10919
9534
8165
9254
9031
8478
9226
9540
9209
8902
9029
10806
9509
8391
12033
10204
9495
9493
8508
8275
9791
9575
11113
10951
10225
9818
10503
8557
10903
9659
9376
11432
9741
9400
10262
9311
9666
9893
10635
11052
9180
10692
10375
8217
9043
10300
9938
9121
8942
10118
9177
11478
9750
9625
10157
11207
9188
9506
9485
9693
9951
9856
12129
9742
9154
9240
10503
9575
8224
10538
8793
8836
8359
8808
9490
12563
11387
10228
8903
8902
9679
9835
7895
9906
11228
10279
9659
10175
8868
10091
8397
8082
11173
10136
8626
8822
11339
11185
7437
10152
10465
9018
8954
8913
9438
11467
9883
9813
9876
6872
7712
10273
9054
8969
8762
10313
11446
9955
10597
9089
8406
8042
9015
8860
9384
8638
7861
8951
9343
9642
9848
8866
11958
9655
10933
9321
8802
8988
10095
9125
9004
11237
8722
10204
9851
9864
10106
9868
9556
9597
8941
9606
9127
9291
10308
9103
9202
8961
10274
7887
8602
8921
8499
9165
8870
10338
9772
9074
10404
10827
8456
10742
9104
9916
10091
8783
11896
9588
9739
10155
10105
11835
9332
8154
10496
10338
10074
10188
11455
10217
9601
8168
10002
8472
8917
9892
9276
8533
11081
10244
10048
12479
9923
9325
9782
9832
10459
10818
10467
10851
9159
9163
9141
9140
11647
8902
9894
7649
9550
10716
10204
7919
9801
8347
11183
9343
8534
8244
12155
9205
10503
9896
9475
9547
8043
9639
10192
10385
8713
10038
10056
8562
9516
9051
8516
9936
10323
11415
10813
10616
8533
9292
9874
9926
9454
12625
9278
8838
8780
9286
10459
9940
9054
11910
9387
8985
11061
9063
11048
9362
7319
10557
10434
9526
9753
8978
9114
7900
10608
10039
8970
8146
10947
9052
9861
8997
8119
10286
9482
8925
11634
9011
7909
9246
7583
10477
10576
10470
9415
9883
10671
11130
8130
7959
9369
9231
8045
9472
8826
11120
8745
9345
8870
9039
8831
9789
10325
11409
10194
8486
9509
8130
9091
9762
10298
9848
9722
9584
9870
9046
10001
9243
9249
8661
8224
10621
10489
8325
7987
10865
9429
10919
9956
8702
8766
8533
8452
8705
7251
9231
9510
9329
11964
9701
9304
8155
8961
9733
9583
9542
10236
9921
9994
8140
7124
10142
9581
8557
8347
9953
10191
10485
10242
8246
8619
12185
11074
10015
10300
10208
8670
9681
10868
11107
10364
10049
8914
7957
12075
9661
8248
9308
9516
8155
8120
10286
7914
8611
9546
12078
9868
8727
11790
9849
9875
11051
10305
9022
9942
8052
10917
8335
11079
10681
9545
9275
12405
9910
8238
10627
9346
9655
10308
10604
10011
8784
9841
10231
9400
10532
9894
9301
9357
7653
9992
9429
11087
10481
10090
9138
9735
8545
10098
8411
8931
10419
9988
8881
9677
10369
9650
8023
9103
8760
10151
10255
8886
10038
8932
9718
9491
8478
9007
9110
9290
9105
8485
10006
9020
9187
10713
9493
8681
8572
8748
10514
9855
9632
10606
10150
10213
8771
9681
10175
10817
10118
8523
11344
11566
9770
8632
10465
9551
7852
10507
10521
9484
11979
9807
8753
9547
9263
9832
9774
8258
8922
9141
9835
10955
7869
9764
9133
7649
9472
10262
11321
8893
10461
10013
10243
9190
9381
9077
10556
8958
9560
10892
8950
9324
8241
9149
9876
8538
9890
10049
10270
11411
7712
10529
9079
9663
11446
9360
10215
11760
9264
9167
10214
12317
9848
9825
9051
8691
9914
10517
9485
8651
10609
9104
9275
9768
9632
8406
8862
9502
8699
8512
9177
8912
10411
8621
10003
10367
9223
10074
9690
8969
9407
11288
9747
10080
9813
9942
11131
9431
8655
10601
10688
9915
10045
10140
8438
9539
9855
11143
9441
8925
9613
10152
10097
9633
8819
9475
9316
9948
8027
8860
9787
9620
10237
9176
9582
8513
8630
7232
10280
9297
10070
10391
9165
9199
8937
9868
7842
8240
10382
7540
9200
10322
8347
8808
9627
9303
9228
9697
9091
10441
8318
8807
10133
9327
9545
9418
9305
9645
10717
9134
9316
9797
9136
10745
10417
8817
8925
10737
10690
9392
9570
10576
9079
11416
8813
9091
9684
10062
8773
9831
8622
9127
8822
8829
9465
8105
8732
8638
9074
9512
9565
9683
8984
9005
8813
11180
9240
10298
10363
7701
9831
10944
9088
9284
8836
11220
10242
9191
7937
9040
11273
12218
8965
8082
9490
9983
9431
9721
10177
7528
10367
9633
9622
9308
10962
9630
8622
8988
9698
9932
10427
9502
9718
8411
11806
10171
10376
11421
9345
10805
9200
9200
9767
11118
10735
9041
7654
10721
8802
9272
10322
10349
9199
9356
9902
9437
9174
10362
10953
8049
10765
9650
8910
10079
10024
9012
8712
9374
8501
10599
10824
8971
9160
8948
9113
8937
10376
10575
10241
9739
9323
9893
10851
8714
8293
10228
9982
8251
8731
9664
10191
10654
10279
9897
8632
10007
10350
8712
11048
9190
9683
11497
9269
8252
9849
8643
8702
9072
8776
9625
9820
7319
9589
10508
9110
9393
10727
9375
9136
10215
9547
10521
9782
9332
9909
9202
9789
11078
9105
8633
8899
8113
8435
9017
9681
8120
10335
9581
9606
9741
9078
11143
10463
8904
9015
10098
8588
10487
9888
9613
8936
9990
8779
9512
10644
8335
9228
9610
9256
10643
9558
9063
9530
7638
10424
11875
9105
9049
10359
10714
12070
8584
8585
10096
9333
10809
11570
11103
10110
10532
9391
8980
9685
8825
9274
10409
7749
9051
10070
8414
9137
10505
9536
10850
10955
7531
10327
9053
9391
9819
9921
8862
8928
10504
9624
9078
10475
8992
9193
10275
8256
10021
10760
7927
7687
8523
10668
9679
10774
11458
10968
10687
9671
12343
9859
10955
8248
9073
9405
10312
8691
9556
9327
9902
11280
9357
8983
9262
9345
12965
9305
10685
8994
9525
7649
9074
9181
8908
9615
11109
10643
8565
9818
8797
9291
10846
9833
10245
8155
8987
10578
9346
9379
8394
10212
8449
8965
8937
10742
9240
10182
10412
9918
9558
7863
7892
10727
9269
8643
9033
7643
9356
9156
9370
9043
11538
10607
10837
8964
7863
8493
12149
9502
10668
8410
8622
10801
8325
10322
9639
9855
9106
8899
8412
8182
8946
9015
10871
9100
8982
10629
9121
9729
9713
9684
9650
9040
8397
9343
10072
10893
9963
7992
8403
10144
9795
11223
9370
9386
9422
10919
8436
8836
8356
8826
8836
10919
7892
10570
10147
7761
11406
10826
12014
8643
9392
9199
9545
8405
10191
8122
8830
8146
8981
9476
11018
9374
9430
9040
10109
9480
7421
9110
10445
8205
10127
12208
8633
9217
10459
9063
9289
10067
8508
10140
9948
7761
10576
11257
10133
9449
10408
9731
9782
10082
9916
9421
8668
9325
9147
8988
7817
9422
9936
9348
9868
9939
9240
9461
8833
10527
7956
8941
9314
9318
9122
8000
10226
9543
9271
9580
8814
8353
11040
8309
8325
8541
11070
8883
10012
8397
9353
10687
9097
9738
12511
9372
7925
9650
9622
9471
10868
8430
8829
10535
9003
8860
9460
9265
9706
8135
7559
10111
8348
9603
9890
8218
9215
9424
9401
9343
7950
9540
8873
9787
8458
10120
9333
8949
9274
10170
8445
8893
9893
9661
10151
9939
10419
10362
9081
11574
10301
10313
9837
11049
9037
8873
9585
9874
12000
11263
10895
8993
9215
11077
10198
9462
9035
10910
7749
10218
9960
8770
11034
9145
10246
9392
8695
8499
9050
10301
10880
10128
10900
9210
8998
10008
9830
9086
9724
8245
9182
10215
9221
10784
8147
8766
10774
10675
7887
8913
9841
9859
9031
9871
8983
10432
8803
11500
9383
9924
8263
8890
9035
11093
8421
9862
8517
9955
9106
9445
9491
9295
10470
9135
11614
10177
10750
8631
10413
10851
9217
8829
9343
9448
9975
7859
9200
9201
10121
9685
9523
10064
10448
9231
9683
10406
9165
9223
9987
9774
10475
9693
8894
10110
8984
7429
9584
10016
9160
9332
9605
10006
8621
9550
9127
10782
9017
8541
9006
9459
9137
9577
10567
8691
9679
9800
8396
9336
9370
9357
9100
8192
8840
9248
9798
9101
10000
9854
9171
9893
10027
9123
11661
9516
8728
9074
10539
9995
9807
9767
8999
9677
9797
8658
12010
8937
9586
9567
9430
9800
9468
8289
11203
10010
8946
9511
8726
10275
9678
10205
8369
10583
8993
9653
9784
10262
7701
8823
9590
7895
9802
9960
8988
9272
8835
9158
7895
7806
9688
10555
9648
8763
9618
11317
10604
10596
10448
9516
8760
9749
12028
9910
9320
8191
8706
9916
9736
10196
9839
9611
11479
9231
9707
10204
10020
10167
9575
10993
10172
9461
9717
11189
9217
11288
8414
10862
9375
9326
8844
9348
8462
9948
9387
10287
11477
10218
9320
8888
9534
8468
9752
9177
9521
9893
8900
9496
10470
10896
8731
9430
9437
8539
8726
10036
9610
11030
9025
7570
8820
9758
11424
9003
9320
9679
8776
10283
9516
9269
9446
8713
10490
10524
8716
9955
9614
9479
8568
10563
9577
11294
10325
9009
10694
7712
9113
8847
10006
9489
10893
9540
8762
8358
8765
9630
10782
12409
9763
10013
10052
10740
9542
8894
8813
9229
9073
10756
8910
11823
9495
10999
9628
10020
8797
10242
9430
9292
8828
8586
12589
9331
9046
11222
10844
9367
7476
8837
8948
10546
8760
9496
9509
8134
7559
9445
8829
9241
10242
8705
7830
8154
9671
9177
10136
9956
8762
11047
11135
9279
8708
9164
9828
8797
8189
9694
8900
9597
8988
8804
10618
8995
9925
7669
9496
9861
10894
10012
9471
9040
9968
11553
9788
9139
9833
9954
9802
9065
8988
10191
10066
9851
10104
8190
9939
10944
8479
9386
7908
10101
9687
10399
9035
8150
10191
9537
8118
9263
8940
9356
9952
8796
9252
9622
7619
8913
8685
8021
9851
8013
9245
10325
9125
11061
8702
10290
9189
8042
9802
10274
9865
8999
9676
9760
10402
10322
10525
11936
9806
10462
10074
8836
10939
7259
9347
9451
9787
8568
9200
8932
9039
10201
9049
8484
9480
10739
11006
8140
12520
8695
8543
11064
9785
10321
8293
8119
9865
9401
9760
10322
8706
9084
10553
9707
9026
8125
10391
10563
11422
9100
9864
9762
12159
7421
11134
9679
8757
10762
9051
9551
9157
9952
9623
9493
8418
9140
8901
8570
8539
10533
9089
9994
9892
9373
10321
9550
7792
9342
10514
10036
7909
9642
10261
10923
10175
11011
10021
8808
8625
9253
7945
9948
10039
9544
11256
9053
8409
9074
8360
9291
9449
8873
8431
9550
10427
10672
9311
9275
10781
8797
10001
9373
7897
10678
10579
9512
9791
8988
8410
8900
8242
9831
9536
9815
10220
9078
9506
9916
10103
10816
10708
9615
9818
9601
8922
9575
10541
11017
12501
9639
10307
12824
8472
10483
9418
9701
10156
9970
10070
8869
10756
9116
9321
10377
9189
8580
9747
10089
9829
9662
8483
8914
10975
9548
11113
10408
9475
10346
9792
8986
7754
7712
9305
9886
11050
9506
9728
9848
9410
10807
9439
8119
9750
8711
9119
11468
9445
10437
9031
9252
9432
10120
9329
10060
11534
10234
7987
9762
10693
8996
8993
9650
9977
8543
9079
9316
9109
8021
9318
8965
9342
8349
8898
10047
11143
10000
8970
10601
11172
8831
9373
10385
9249
9462
9072
8437
9925
10360
10056
9260
9086
9663
9735
10637
10768
8277
9405
10383
10469
8543
9288
8811
9344
8947
10564
9848
8354
9097
8380
10866
7429
9490
8070
9998
10200
9710
9410
9782
10718
9237
8329
11383
9770
9701
10103
9125
8377
10712
9385
9216
8755
10549
8583
8773
10060
8796
9185
11429
10112
8209
10022
8572
10177
9439
9037
10401
9448
7529
9088
7922
10184
10149
9146
9482
9732
11049
9934
9747
9849
10502
9321
9292
9262
10570
11280
8123
9263
9980
8912
8558
9528
9586
8896
9534
9509
9385
9253
10691
7707
9959
8976
10413
8721
10594
7925
10578
10021
9122
11186
10815
8937
9990
9033
8298
9591
8972
9817
8583
8360
8535
9855
9101
9841
9725
8445
9217
10298
9139
10261
8868
9712
10962
11431
9693
10535
11383
10316
8325
9303
10483
9944
8837
9275
9406
9169
9050
9660
8954
10715
9681
9610
10347
9288
8123
9726
7517
8462
9614
10535
8325
10830
10018
9700
10556
8783
10596
11565
11557
9422
9965
9463
9736
10880
8984
8541
8839
7914
12102
9182
9209
10756
9629
9849
9651
8044
10274
9329
9004
10512
10432
9097
8636
8552
11020
9149
11119
10232
10477
9052
9980
10049
10997
9270
9418
9760
8744
9311
7712
9568
8853
8550
8082
10146
9760
8181
10305
9627
10511
8891
8452
9325
9108
10133
9249
9018
9072
10125
10937
9528
8982
10058
9364
9485
9327
9576
11369
10089
10346
9231
10217
8314
9252
9152
10166
7531
11050
9550
8565
8970
10200
11409
7101
8325
8728
11319
8857
9803
9972
9057
10107
10124
10480
8714
10286
8695
9486
9664
11053
9297
10402
9399
10299
8533
8535
7863
8815
8497
12975
9291
10001
8698
9994
8718
7993
9899
9313
11411
11739
10226
10476
9431
9474
9771
11710
7987
9045
9491
9004
9715
8468
10304
8406
9303
9125
7766
9593
10279
9290
9346
10672
9125
9612
8917
9734
8332
10963
9950
9733
9707
7999
10736
9243
10750
8991
9817
9547
10200
9449
7653
9315
9074
7957
8983
9682
10251
10710
11273
8191
8627
11143
9421
8913
9232
11277
8501
9684
9516
9586
9260
11555
8207
9855
10413
8553
9707
11407
9925
9556
10656
9968
9187
9896
9509
9619
9913
9502
9385
11330
13720
8910
8881
9301
9526
7965
9349
10561
9431
9741
9293
9410
8796
9368
9879
9781
9681
8789
8273
11647
8150
9222
9989
8070
9618
7861
9631
8681
8621
8125
9732
8819
10246
9640
10029
10306
9439
8760
10291
10854
9567
10606
12568
11130
8833
10219
9199
8986
9393
8356
10071
8545
9828
9979
8437
8767
11356
8972
9125
9534
9925
8512
9861
9918
10675
11087
9567
11918
8786
9529
9536
9031
10689
8559
11133
9131
11089
9613
9472
10208
10564
9677
10489
8350
8398
9721
10160
9272
11412
11173
9949
10227
8145
10261
8746
9595
10056
9705
10878
9094
9476
8318
7774
8915
10010
9946
9424
9275
10643
8027
7766
8329
8861
7437
9952
7922
8727
9546
9377
8209
9240
10843
11081
9589
9285
10371
9297
7067
8023
8808
9516
9123
10150
9368
9740
8456
9221
9998
9525
9377
9463
8516
10309
9495
12119
11227
8654
9816
7677
9493
8727
9209
11528
9327
9029
10364
8949
8892
8847
8893
9374
8760
10156
9849
9951
11710
10287
10092
10139
9227
10836
9926
9816
10000
8936
9446
9905
9944
9997
8418
10302
9741
9289
9939
11399
10149
8350
10205
9203
9816
10310
8961
8886
9463
8558
8568
11141
10801
8796
10191
9021
9634
9411
10274
10475
10392
9655
11305
8851
13338
9510
9071
8559
10484
9963
10514
9090
10113
9481
8191
8486
8487
8021
10036
9134
9137
7476
9438
9585
10940
10017
9276
8928
10118
9694
10306
9311
11057
8584
9894
9949
9509
9683
9496
9852
8281
9472
9987
9061
8972
7766
9551
9509
10379
11132
9289
10237
8914
8625
9586
9602
9162
11112
9432
11111
10963
8780
9182
9714
10307
8862
10419
8219
9324
9010
9320
9725
11621
9227
10831
9197
9476
9815
9744
9335
9730
9829
10335
9726
9354
8191
10097
7914
8831
12108
10618
10049
12243
10578
9682
8407
9575
9421
11135
8071
9061
7895
10634
8441
9510
11180
10299
8514
9237
11085
10401
9291
9859
10168
9948
9235
9245
9419
7999
9661
9575
10027
10520
9390
9612
10594
8219
9346
8860
10305
9418
8165
8712
10354
9167
11164
13444
9833
9951
9357
10822
10344
9125
9867
8747
9580
10370
9308
8773
9422
8173
9509
8767
9842
9883
8514
8279
10103
11390
9264
10363
7937
9629
8055
8049
11174
10320
9214
9111
8209
9106
8954
10049
9412
9311
8120
8854
10522
9998
10954
9176
8245
9579
13541
10448
8861
8165
9594
7646
9466
11707
8803
10566
9236
9861
9632
9201
9241
8588
8486
9110
10221
10061
9739
8268
9146
9986
9349
8552
9997
8807
10062
9803
9275
9212
7928
9767
10372
9410
11176
9575
10305
10692
11698
9888
11031
9611
8658
11123
9489
10082
9185
11185
8370
9957
8230
9762
8670
10671
9618
7032
10854
8014
9223
10845
9946
10234
8818
8796
7996
9472
9661
7731
10270
8636
10074
10119
9959
9272
9873
10154
9209
9546
9252
9057
8773
10637
7974
10949
11526
10517
8038
8560
9136
8476
9974
9864
8607
9278
8374
10322
9275
9762
9435
7987
9320
11775
9702
10589
9685
8925
10346
11965
9209
8748
9293
10454
9931
9975
9948
9446
11198
8547
9046
10203
7712
11141
11790
9945
9534
9432
8332
9991
9169
10893
8993
8677
9629
9739
9218
9243
9664
8493
10100
9318
11357
10152
8561
8605
9437
10085
10114
9881
10132
9110
8982
8043
10814
8549
9091
9678
9686
10640
8584
11902
9620
10504
10135
10543
10043
10419
8531
9142
9474
8470
10683
8763
10330
9859
9285
8976
10740
8667
9209
10506
9512
8815
10316
10367
9795
9073
9186
8958
10570
9692
8345
10774
8426
9932
9393
9536
10438
10112
9325
8893
11321
9841
8985
11184
8301
11082
8458
10012
11037
9351
9275
9037
8345
9254
9602
8947
10623
8357
9470
9948
9003
8462
9921
10490
9612
10893
10570
8248
8415
10621
9848
8888
8939
8417
8891
10329
10464
9079
9166
9093
10041
9371
9149
8273
10474
8850
10701
9359
9914
10628
10325
10401
8997
9615
10217
9600
9302
9659
9238
8534
9445
10467
8993
9158
9498
9045
9800
9321
9391
8654
9960
11530
10085
8823
8993
8989
10597
9526
9141
9778
10251
9844
9311
11226
9073
8923
8968
11608
11002
11937
11222
7918
10632
8730
9050
9052
9560
10449
9094
8209
9010
9434
8218
10681
11871
9991
10275
8543
7919
8192
9235
9772
10280
8279
10687
6824
9119
8501
8291
8837
9763
7653
9422
9347
10661
9989
9167
9763
11185
9393
7761
9413
9134
9929
9289
9081
10427
10029
8862
9023
9318
9604
10154
9293
9377
9036
9559
10253
7969
9410
8586
9415
9386
9600
8854
9771
9146
9943
9682
9734
8452
8318
9391
9191
9551
8862
8353
8330
9852
9861
9182
9245
9708
10286
9490
9149
9848
9018
9526
9708
9061
8869
9137
8622
8436
9542
9357
10937
8972
9327
8783
10693
8369
9512
10818
9390
9146
8995
9770
10569
9856
9516
9336
8394
10595
9883
9049
9086
9861
9428
9435
9818
8586
10990
8910
9578
8890
8932
9767
9139
9664
9103
10817
11186
8517
10235
9048
6784
9019
8961
9073
9169
9543
10710
11546
9135
10158
9463
8803
9260
8912
9675
9680
10760
8141
9097
8632
10274
9824
11862
8525
10102
7842
9140
10546
9818
9316
9545
8995
9744
10726
11138
9429
9774
7541
9796
9536
8636
10363
9948
9937
10674
8009
8168
9847
8545
11948
10580
7974
7766
9135
8683
9432
9305
10061
8497
8972
8495
10364
8238
10470
8854
9181
10095
10292
10279
10441
9463
10941
10331
8221
7570
9271
9254
11053
9670
8498
9125
9058
8010
8514
9737
8837
9602
9705
9733
9929
9125
8923
9986
8956
8486
9731
9315
9918
10027
9293
9178
9255
9971
9292
9852
12545
8452
11111
9459
9325
9606
8949
10437
8988
10635
10091
9587
9525
8580
8823
9861
9023
8986
9453
8710
9760
10914
10524
10556
9304
8753
9572
9442
9952
10466
9675
10305
10207
8472
9393
7055
9156
9233
8236
7866
9944
8983
9912
9486
9536
9390
8440
9813
8945
8863
9303
11283
9339
8895
9705
9152
9724
9269
9167
9374
8844
9261
9030
9119
8356
10743
9932
9321
10817
10622
9303
11410
9371
10164
9031
11026
7544
9575
9534
9749
8541
9736
8656
7904
8273
9405
7405
9818
11748
10352
9896
7687
8731
10563
9146
9302
10048
8552
9584
7944
9585
8311
10036
9977
8240
8143
9188
11300
9089
9039
9677
10868
9326
8941
9598
8414
10212
12423
9852
9071
11379
9681
10766
10320
9923
8770
9914
9173
8450
10601
9455
9798
11568
8238
9058
9797
9190
8726
8797
10696
11251
9924
10564
8541
9156
8351
9245
9734
9882
9625
9577
10085
9639
9190
9133
10762
9238
8802
9006
7959
10784
10239
8067
7944
10151
9734
8808
8373
9896
8703
9618
7900
9149
9323
10488
9983
8273
9506
10191
8325
9327
8531
9033
9226
8747
8700
10348
9582
9701
9178
11320
10379
9262
11499
10736
10756
11198
9744
8586
9591
11163
10469
11140
9257
9176
11261
10590
7638
9004
8993
10831
10092
10191
8994
8890
8119
9130
9286
8773
8982
9839
8400
9997
10364
10595
10218
10167
10067
9915
8808
9624
9432
10830
8318
11931
9868
10618
10279
9762
10270
10775
9945
9825
9767
8731
8464
10062
10189
9676
9249
10200
9551
9453
10120
10674
10335
9140
9419
9150
8932
10874
10181
8954
9476
9766
9472
11396
7506
10848
8982
10128
9753
10670
11337
9634
9542
9542
9509
11377
8661
8785
7925
9109
10474
11026
9231
8566
9273
9386
8939
10816
9345
9432
9514
9176
8304
10347
9079
10079
7864
9984
9125
10465
10124
9798
8499
9828
8549
9828
8408
9189
10027
10279
7506
8823
8412
9345
9374
10760
9841
9140
9324
10335
11229
8630
10282
10438
9985
10306
10097
8440
9905
9457
10443
9454
9945
9445
9148
9440
9400
9629
9476
8334
8703
8250
9285
9854
10237
10074
9091
9847
10048
9445
9685
9965
9950
8914
9320
9160
9313
8936
9289
10737
8997
8670
8560
8831
8776
9146
8815
8945
8189
9077
8302
10098
8010
8900
10741
10930
9471
11301
11978
9588
10366
9215
10126
9150
10420
10422
8994
9696
10936
12193
9998
9740
9602
10322
10704
8712
12214
9516
9661
8525
9190
10055
8668
10395
10621
9776
7469
7511
7469
10015
8837
10733
9801
8444
9103
7943
10546
8472
10417
9221
9493
9340
9327
9782
9429
8825
9888
9920
9550
8996
11715
9072
8284
7869
9037
8429
8937
10703
9339
9655
8415
9103
11411
9384
8049
10199
9289
9763
8839
10000
10238
9413
8625
9397
11259
8391
9152
9556
9871
9651
8813
9900
10144
9071
10764
9705
8733
9078
9784
9064
9871
9012
9160
10376
9253
9281
10305
8377
9807
8941
9343
9770
8374
9106
8649
7945
9174
10847
10796
8939
8636
9273
10163
11020
9801
9653
8325
9787
10942
9074
10714
9855
9339
9446
9313
8052
9698
10232
10168
7852
12534
9984
11320
9308
11047
8785
8923
9567
9807
12548
8485
8989
9995
10675
9936
8982
9127
9267
11264
8910
10779
7766
8978
8359
10161
11462
7638
10150
8147
8995
10101
12251
9687
10895
10035
10591
8979
8698
9812
11957
9418
9347
9705
10119
10039
7869
10523
7559
9884
8800
9692
8689
10083
9293
9551
9448
9606
8309
9448
9848
10175
10300
8755
9438
10633
10348
9475
10099
10860
8274
10238
8498
10298
10144
9559
9948
8142
8266
9770
8277
8586
8866
10161
10013
9695
8984
8853
9701
9551
10696
9254
8720
8985
10114
8377
8621
8802
9721
9567
9732
9859
9256
10142
9628
9807
11377
8202
8811
7600
8661
10340
9708
8626
10070
10435
9760
9894
12837
8874
9951
9681
10920
9664
10556
9415
9019
10548
8122
9668
9323
8215
9627
10257
9011
8760
11522
9086
10770
9339
9849
10280
11351
9200
10380
9820
10001
10841
9772
9323
9680
8263
10010
10449
10464
9593
9825
8209
10034
7677
8168
8207
9810
9527
7716
10177
9474
8634
9980
10019
8236
9134
11891
9747
8896
9509
10975
9294
8881
8272
8316
9711
10726
9790
8947
9400
8620
12626
9451
8862
9292
8616
10154
9141
9523
9125
7101
9718
11247
8963
10900
11468
10776
9746
10445
9851
8942
9391
9357
8263
9622
8480
10013
8256
10312
10472
10142
7767
9747
9308
9736
9418
8141
10226
8893
10718
9578
10034
8209
10595
9738
12182
7669
10195
9626
9556
8049
9532
9241
10784
9325
9660
9634
7293
8731
9910
9718
10109
9773
9144
7506
8396
8010
9724
9734
8993
9136
9726
9490
10227
9205
7517
9883
10528
9896
8548
9760
8421
9844
10887
9344
8654
8112
8419
11138
7649
10715
10082
9683
8945
8989
9462
9750
8948
7831
9037
9532
10802
10726
9243
10178
8586
11187
9381
10200
9877
9711
10643
11234
9510
10566
10203
7506
7561
8728
9350
10523
9876
8860
10763
10096
9017
7950
9630
11236
9103
8607
9219
9986
9270
8728
9495
9406
9705
10398
8899
9896
9293
9134
9767
9933
7842
8983
8978
10726
9925
8936
10224
9884
8191
11119
8438
12441
9936
11172
10896
8547
9088
9429
9584
10070
7731
9882
9492
9860
11020
10199
9690
9275
7767
8545
9462
8335
9575
9553
9654
9226
8670
9760
11442
9127
10508
10367
11526
9110
9253
9229
8941
10211
7384
9410
9109
9567
10258
10072
9462
9949
9045
10425
9350
8651
10219
11510
9313
9241
8901
9474
10551
9596
9567
9252
10307
9037
10323
10476
9369
8698
10350
10559
9994
10191
9582
8531
9209
7861
9030
10570
9071
8042
9318
10691
9915
9671
9243
8049
9357
8888
10138
8495
11516
8681
9182
8499
8082
9975
11229
8872
11267
9449
9726
9855
10292
8140
10817
8974
9229
10467
8236
8630
10622
11490
8755
9726
9860
8258
10954
9698
9325
8391
9344
8140
8008
9231
7766
8656
9828
10100
9223
8512
10447
9288
10837
8155
9160
9234
9766
8947
9323
10374
9551
9178
9717
7830
10450
9370
8964
8304
9537
9257
10661
7845
9222
8418
9897
10353
8126
9660
9189
12882
7531
9778
10155
9462
8630
7716
8775
9240
9740
