1111172
596873
417675
324664
268764
226823
201949
181161
161581
147013
135192
125893
118022
111254
103801
98628
93870
90925
86468
84178
81167
76478
73164
74561
70908
68221
67111
63228
62682
60466
57688
58205
56421
55157
52341
53649
51879
48631
49120
49356
49687
48664
44698
46170
44480
42791
44373
42717
42887
42599
41197
39734
39273
38333
38305
38203
38052
38222
36918
35714
36411
36645
38878
34326
34223
34675
32604
34225
33544
32946
32553
32917
32215
31637
31606
31128
30277
30576
30761
29454
30010
30331
29574
30740
28197
27863
29070
29249
29963
28793
26997
27518
27397
27767
25825
26285
26084
27701
26467
26097
26121
26097
26420
26518
24607
24234
25523
26196
25555
26299
25733
24969
24560
23919
24602
25074
24703
23681
23102
23576
23164
23906
23754
22591
23310
23161
23434
23302
22994
21859
23968
23815
21586
22025
22582
22516
22482
23074
21895
22612
22568
23162
20966
21120
23071
20433
20554
19867
21112
21959
20158
19276
23697
20903
21143
21765
21678
19040
21738
22384
21147
20024
19498
18699
20166
22696
20245
19109
19111
19539
19553
19738
20191
18642
18695
20145
19743
18544
19075
21188
18635
19411
18753
19271
18928
19312
18157
19032
19128
17974
20210
18174
17905
18509
18078
19239
18885
17123
18155
19155
18294
17555
17418
18896
18053
17576
18200
19264
18428
18681
17845
16373
18332
17220
18791
18087
17687
17108
16634
17091
16399
16784
16919
17642
18107
16581
17936
17488
18873
17762
19342
17615
17302
15912
17475
19126
16753
17703
16391
17922
17903
16377
18242
15903
16661
16365
15817
16869
17986
15688
16389
17171
17709
15404
15695
15130
16453
18002
18299
18023
16701
16178
17791
16503
15083
16437
16678
16620
17469
15157
17447
14567
15088
16527
18285
16388
15128
17768
16557
15930
15338
17220
16835
17503
15451
16351
15491
17077
18106
15522
15990
15603
15367
14890
16215
15978
15161
15964
16716
16588
15180
13929
17576
17085
13461
15934
14851
15529
15665
15042
14900
16516
13713
15040
16578
15625
13156
13990
16125
15780
15784
16005
15850
14234
14144
14280
15885
13960
16160
14941
16236
15835
14773
15066
14485
15612
14432
15720
15427
14802
14636
14972
15564
14434
14632
15091
15406
15204
15294
13744
16558
15001
14301
16183
13870
15618
15396
14974
15869
14816
16091
13401
14627
13830
14578
13203
13819
13234
15133
14640
15139
14852
15104
13942
14710
15128
16685
14690
14635
14433
15081
14918
14300
14546
16665
13939
14472
13780
14076
15317
15348
15121
13587
15560
15084
12935
13260
13955
14306
13807
14731
13109
15560
14160
13956
15993
14182
14875
14325
13885
13652
13901
16187
13921
13243
15588
13376
16099
14442
15452
12363
14249
14241
12822
12422
14653
12941
13693
14747
14761
14061
13558
12703
13869
13968
13160
16470
14144
14266
14754
13247
13731
14307
13884
13860
12057
14053
13785
13241
15165
14844
14600
13062
14396
14822
13344
13810
13481
13728
13167
14116
13288
13516
13119
13839
13502
15779
14856
14001
14342
14585
14202
13623
14352
14669
12313
13141
14452
14383
13033
14449
14030
14891
14460
12552
13248
13940
12216
12499
14376
13419
14092
12502
12663
12159
13153
13466
12763
12951
12666
14612
13810
13259
12117
12863
12905
14096
12960
12450
13626
13167
11656
14277
12686
13271
14036
16550
15196
12346
12204
12051
12128
12898
13219
13077
13293
13154
12033
12384
12966
12659
13446
14056
14519
12672
14235
11622
13660
12295
12785
12529
14267
13389
13106
14353
12946
13251
12878
13094
13449
12114
13293
12306
12977
13124
12401
12204
11851
13823
12116
12264
13145
13094
12723
14478
12709
13944
11993
10607
13629
11497
14010
13359
12607
13150
14622
11956
12036
13064
11563
11265
12510
11941
13005
14529
13615
12815
11850
13573
11776
13124
12356
11816
12223
13402
13491
11740
10967
12669
11614
11738
12777
13623
12672
13650
13987
12761
13085
12834
12783
14018
12697
12330
11872
12651
12949
12038
13159
14844
11711
13149
12151
13137
12630
11607
13966
11715
13018
14636
12712
12274
13832
13610
12923
13458
11527
11206
13167
12271
11479
12109
11848
11740
11772
13829
15510
12578
13762
11777
14066
13185
12257
11482
12233
11488
11088
14377
11148
11736
11046
11964
11177
11876
11664
11867
11857
11782
12180
11418
12445
11875
14361
12384
12283
11116
12567
13008
13146
12337
11710
12942
14806
11571
11455
11120
12101
14037
12279
14790
12010
12892
12813
12695
13151
13079
13397
11136
11292
11753
11912
11316
11582
12529
12595
11420
10912
11479
11968
13053
13733
11730
11024
11372
12713
11067
11423
13152
11253
12847
12273
13320
11705
10594
14188
11430
11025
13300
12469
12354
12711
11994
12495
12528
11686
12773
12930
12992
13250
11995
12309
14738
13685
11069
13324
10709
11633
12312
10988
11876
12127
11864
12754
11094
12511
11280
11820
12048
11953
12636
12336
10456
11419
11191
12046
11086
12454
12611
11343
13355
11623
11859
11234
11827
10891
12028
12549
13609
11616
11991
11675
11968
13668
11794
11394
11446
12726
13659
11257
11744
12245
12432
11670
12131
11115
12539
11328
12283
10529
10977
12215
12272
10709
11442
13100
10048
12503
14542
13208
11520
12137
11428
10534
11701
11657
12128
12512
11957
11357
12646
11823
10269
11249
10918
10939
11155
11407
12127
12655
12114
13164
13017
13068
11002
10885
12804
11036
12911
12908
11187
11882
12239
11859
13159
12994
11811
9185
12591
12384
12997
12060
13106
11123
10928
11732
12790
12271
11229
9967
10845
12003
11661
14466
10686
11177
11122
12994
10567
11703
12317
12518
11776
10175
11876
11203
11937
13623
10957
13243
11915
11778
11801
10449
14951
11434
10505
11675
12212
11535
15579
11647
11359
11257
12318
11265
11518
11685
12789
10672
9783
9960
11074
13026
10856
11573
12034
10050
12126
12025
10896
10806
12386
10544
13013
11315
11457
10727
11154
11313
13055
12952
9948
12340
11360
11532
11263
10084
10895
12952
12314
11205
11229
11185
11611
11084
13334
10371
12565
12343
11153
11496
12172
12874
10438
11681
10525
10580
12331
10632
10277
10863
10637
10760
11693
11682
10737
11663
12521
10817
13344
11466
10256
11840
11377
11761
11416
9560
12357
10948
14254
10804
12374
11944
12304
11917
13126
10516
11337
9178
11833
13602
9787
12324
11453
10862
10436
11095
12043
11040
11641
10791
11425
12001
12355
11429
11654
10369
11241
11725
11239
11978
12247
10943
9253
10787
13311
12019
11067
10830
11520
11352
9715
12016
10487
11598
11037
10996
10601
10649
9894
11639
12410
10528
10065
11125
10740
12450
11194
13073
10253
11281
10368
11154
11548
10940
10982
10041
10941
10045
12485
11046
10888
11758
10732
12348
11233
11031
10746
11711
11759
9794
10737
13152
10316
12494
11292
11257
10595
10995
11153
12301
11659
12196
11647
11798
10313
10585
10821
11373
11815
12680
12239
11577
11678
12392
11100
10603
10970
12023
10470
11464
9988
13874
11243
13867
9540
10062
13149
9701
9966
11187
11732
10890
9591
11201
10616
10922
10713
11267
12093
12167
9731
12342
9672
10038
10335
11590
11401
12280
12055
12193
10676
10881
12842
9800
12575
12035
10761
12421
12085
10207
11172
11629
11413
10713
10673
11790
10704
9723
9925
11906
11627
10983
10336
11483
12433
12106
11222
11571
12330
10618
10612
11686
11180
10816
10379
11401
12078
10964
10136
12087
11057
10331
10764
11390
10522
9346
13341
11423
11660
11268
10997
12003
11341
11842
9843
10142
10730
10469
11369
9671
13432
11659
12576
10342
10677
9733
10778
10054
10602
10267
13132
10862
10483
10467
11178
10789
10552
11540
10875
11590
10894
11214
10946
11971
11448
12184
10387
10861
11049
13229
12114
11340
10792
12202
10978
10480
9753
11633
11688
10257
10352
12221
11243
12249
11107
12453
10732
9781
11449
11308
11000
13920
11987
10750
10348
9720
13682
10529
10471
10879
11764
11500
10282
11538
10655
10438
11294
13380
12222
13514
10052
9459
10003
10496
10929
10062
11837
11684
11214
10210
9668
11435
9760
11972
12708
12009
10213
10258
11029
11337
10164
10679
11130
9486
10007
10481
11147
10841
11976
10084
11404
11734
11831
10913
10248
11611
12534
11375
10670
11258
11273
12059
10649
10472
10096
11085
12476
9680
10020
10164
11751
10103
11282
10546
10783
12114
10516
10335
12833
12877
10399
10166
11483
12162
11165
10480
11401
9801
12625
10167
9991
10202
10993
10721
10779
11495
10225
12596
10994
9340
10710
10236
11285
12064
8996
10841
10957
9050
11173
10003
11768
11985
9955
9220
11641
10623
10796
9446
12289
11537
10208
9810
10134
9884
10750
10879
11068
12182
11228
10445
9373
8401
10596
10229
11270
10447
11200
10843
10246
14793
10916
11297
11127
9291
9916
10370
12338
12245
11084
11023
8852
9106
11804
10113
10895
9972
12509
10742
10504
10434
11058
10449
9581
10734
11358
11052
9022
11006
11244
10234
11571
11824
9880
10613
10148
10976
11417
13110
10474
9819
13246
9991
11423
10656
11163
9418
11485
10815
10393
8315
10591
11819
8844
11189
12368
9997
10692
11632
10793
10426
10787
9849
9507
12205
9728
9634
10120
11180
9164
11992
9371
11888
12039
10643
9728
10118
11795
10870
10508
10463
10379
10542
10813
9736
10474
10687
10661
11496
10741
12198
10602
10945
9760
13097
13145
10262
10718
9675
11885
11151
8903
9343
10665
9567
10359
11022
10520
11339
10670
9047
9918
10419
9709
9945
9944
11180
9960
10156
10788
12305
10845
10382
10698
10379
9625
10212
10261
9667
10736
10795
12482
11483
9481
9202
11311
11317
11648
11773
10689
10249
9892
11129
12259
9929
11052
10147
10231
11001
12679
10523
11836
10351
10044
11770
11454
10659
11085
11379
9077
11942
10946
10682
10367
10438
11329
11059
10412
10201
9915
9889
11781
11443
10134
10862
10017
12977
11417
10348
10710
10336
11018
11411
9393
11323
9848
11322
10600
11112
10811
11107
11801
11212
11938
10892
11119
9898
10954
9620
11132
11102
11537
11085
9901
9875
8871
11280
10801
10914
10461
10132
12476
9706
10798
11103
10045
11412
8308
10186
10202
10301
11825
9945
11162
10177
11487
11728
10849
10507
10535
12270
9118
11496
11037
10696
10358
9884
10091
11858
11477
11068
10589
10581
9948
9209
10703
9954
10696
10560
10224
10327
11546
11645
11714
10130
9637
11040
11102
11645
11371
9974
10804
9916
9692
11093
10675
12703
10815
9897
11943
10994
9590
8907
10826
10576
10196
8566
10806
11490
11402
11498
10099
10513
9782
9264
10035
10039
10765
12436
11198
9791
10885
11059
11328
11647
9560
11266
8946
11732
12127
9164
11712
10504
10798
9727
11140
11240
10873
11337
11764
12054
11666
13149
10210
11150
9636
10039
9653
10686
10606
10562
9489
11315
11359
11940
9952
8945
9820
11442
10959
10760
10149
10731
11220
10203
8942
11012
9054
9031
8494
10912
11774
10164
10091
11570
11555
8728
11321
11161
11139
10903
9993
9682
10586
9345
10321
11310
9876
10905
11392
9327
9849
11728
12131
9222
11382
9288
9163
11552
10413
9681
12500
9641
10943
10771
10836
11272
10622
9813
10726
10890
10947
11350
11145
10952
10338
10154
10191
10332
10238
10153
9570
10745
10173
11231
11773
11249
9704
11338
10349
9937
11550
9899
11185
9921
10736
9398
10447
10428
9525
11494
10524
11433
10748
11253
10818
9428
10381
10599
10069
9754
12213
12220
10175
9565
10849
11116
10101
10533
13307
9465
10055
12185
10502
10854
10435
10866
10884
10369
10552
9093
10027
10688
11043
9507
11122
9721
10080
9713
10348
11286
9532
9036
11428
11867
11888
10675
11242
9882
10370
9848
10419
10758
10161
8688
11035
10152
10940
10335
9928
9691
10623
11923
10226
10087
11109
8936
12989
9497
9469
10357
9031
10691
9391
10135
11063
11136
11421
8965
11109
10511
11615
9662
12530
10681
10043
9825
9713
10658
10982
9003
10714
10872
9819
11179
10504
10369
9282
9889
11001
10448
12991
10030
10539
9278
9104
10874
11131
10785
9672
11723
10010
11969
11193
10708
10098
11252
8997
10102
9441
10905
12276
10240
8874
11160
10874
10287
12289
10185
10442
10641
8275
9739
10887
10740
10023
9287
11075
9474
12270
9740
10432
11033
12052
10516
8866
9343
11143
13355
11788
10200
10514
12017
10851
10474
10161
11045
12393
10801
10738
11712
11798
10106
10583
10252
9752
12373
9085
9709
9905
10557
9252
13093
10556
11545
11038
10341
10517
11088
9381
10119
10687
10933
9879
9076
9733
10470
13388
10752
7401
8552
12145
10816
10875
10634
9845
9990
10258
11463
10582
10914
8565
11070
11897
11200
10245
9638
9303
10242
10150
10238
11020
12308
10791
8492
9599
9253
9340
10029
11973
10674
10289
10466
9727
10851
10346
9550
9434
9688
11700
10034
9642
10584
9532
11029
8621
9867
9599
10191
10153
9545
12238
9654
10050
10597
10943
12211
10429
10033
9899
11647
10056
11085
10183
9054
11460
10514
11405
10194
11760
9333
10540
8947
10815
8773
9797
10424
10443
9431
11688
9636
10314
9621
9384
9953
9222
9940
10778
11605
10446
10544
10582
8896
9331
9324
10515
9487
9494
11704
10010
9236
9512
9884
10627
10791
11775
10549
9125
9582
9259
11114
11032
10228
10870
9495
10471
10731
9290
10105
10650
9169
8776
11268
11838
10273
12494
8369
11859
9537
9985
10848
11218
10283
11620
9908
9152
9329
11346
10578
9588
7783
10791
10528
11656
10193
9228
10543
9580
10576
9593
8944
9164
9445
10885
9925
10865
10538
10648
10024
10545
11856
11853
10453
10195
9074
10395
9049
12300
11094
12303
10289
10312
8366
8819
10609
11899
9202
10426
11441
10889
10621
10346
10577
11510
9733
10947
12000
10727
11772
9182
9662
10789
11149
9856
10983
10567
9324
10914
9006
8432
10691
10575
10734
12391
9980
9736
11040
8616
10893
10137
10199
11458
10121
11464
11198
8728
8370
9764
9639
9973
10559
9980
8882
10615
9298
8584
9673
13666
11609
11072
10197
10333
10239
10152
10089
11375
10606
10615
9273
10487
10514
12343
9695
10674
9446
10534
9030
10644
10800
10030
8298
10564
10797
10962
8352
9606
10064
11158
10734
10450
10233
10726
8762
9788
8782
9121
9728
9780
11329
9820
9508
11147
10168
10179
9029
9226
10002
10189
11971
10085
9760
11273
10988
9850
11432
8786
11118
10550
8233
10426
12637
11322
10269
8533
10841
10555
9525
12172
9127
11088
10402
11351
9833
10643
10841
11540
13570
9212
9885
10358
9675
11111
12188
11103
10074
9645
9888
10675
9161
8815
9850
11154
9171
10943
9499
11256
10484
11083
10111
10464
10826
10414
10748
10012
10362
10675
9804
11288
10497
11624
10339
12062
8789
9692
8398
10923
12105
10463
10353
10414
10896
11063
10040
10377
10067
8860
10238
8395
9146
11113
9434
10276
12222
10584
10825
9536
9618
11191
10257
11096
9119
9818
10590
9216
11357
10618
10437
10412
9677
11271
10710
8804
10022
9936
11867
10597
10950
12098
10075
12298
7952
10684
8972
8947
10011
8667
11496
9906
10788
9790
11754
9894
9516
8918
9351
9457
9970
10107
11241
10285
10098
10076
9325
9861
10348
9371
12953
9320
9509
10333
9114
10523
10228
9824
10676
11288
8588
9688
9339
10704
11131
9040
9772
9304
9357
11070
9385
9210
8509
9855
12064
10925
11330
8433
9283
8231
9742
9281
11033
9662
9589
10146
11009
10082
9947
9792
10465
10565
10774
10568
10438
9036
10877
11536
11480
10447
11850
11005
11126
10076
9763
10343
9760
10737
10442
9431
10185
11611
9077
9774
12294
10948
10329
9664
11619
9921
10080
10149
10815
9711
10732
9037
12581
8950
10516
8319
9192
8785
9980
9110
11844
9429
9866
10777
10369
8572
9639
10100
10412
9381
11372
10208
10507
9234
10412
10817
8807
11771
9343
11502
9887
10791
10998
10521
8071
10949
9098
8999
10105
11187
9747
11171
9448
8498
10549
12273
10125
11336
9861
9193
9698
10481
10197
11166
8766
10981
11544
9486
10016
10096
10570
9038
9374
9705
9057
10563
11570
12169
9658
9666
10956
9260
9906
8913
9742
10220
8998
10009
8932
10865
11160
9652
8250
12385
9887
9313
10393
10226
10688
11270
10211
11765
9799
9308
10622
10679
7848
9731
10233
10197
9702
11036
9655
11411
9760
10847
10580
10270
11118
10825
10197
10914
9771
11645
10444
10462
9295
10564
10481
9653
11700
10447
9567
9837
10381
11947
10429
9829
11138
11170
11644
10533
9588
7888
10672
10015
9331
10275
10095
9217
10578
8861
9408
9496
9302
9944
9118
10585
9079
10175
10578
9671
10163
11266
12325
10234
8807
10609
10488
10408
9632
9418
10209
9610
10871
10623
8763
11259
11620
8788
10507
8498
9506
9000
10756
9469
9144
9540
10596
8660
9161
8431
9988
11618
8730
9629
9559
11353
9418
9648
9246
9405
10359
10364
10113
11245
10354
9944
9755
10864
11380
9110
10603
9896
10771
10402
9671
9886
9499
9613
9377
11325
10942
8718
10769
9888
9683
12551
10199
11415
9308
8631
9832
10483
10087
7956
10055
10389
10448
10697
8552
10153
9850
10062
10874
9688
9249
8835
11537
10420
10583
12285
11957
8738
9160
9472
9199
10438
8873
8345
9169
9125
10495
9475
10975
11134
8802
9253
9357
9121
10454
9835
9735
10340
9905
9474
10721
9609
10061
11409
8354
11943
10794
10733
8822
9783
9448
8224
10720
12007
9486
9300
10492
9792
7956
10245
11281
9891
10109
10869
9887
10481
9197
9807
10212
12518
9511
10770
11993
9583
9998
10480
8450
10290
9899
12460
11669
10621
8783
10482
9934
10180
10230
11891
8502
10720
10675
11457
9275
10921
11384
9011
9831
11480
9485
10155
10260
10454
11085
9535
9146
9992
10574
10514
10365
11100
10387
10946
10107
11684
10931
9464
9086
9544
10146
12785
9852
8206
9041
10031
10010
9302
10417
9559
10351
9947
11479
9810
11197
9548
10679
9247
11407
11481
12117
9625
10860
10460
10462
11355
9189
8869
9308
11032
10135
7831
9143
9953
9453
10789
9714
9904
9621
11059
9091
9976
10460
10187
9402
9966
9846
12967
8470
9669
10891
8191
9821
10826
10129
9535
8980
11191
9706
10172
9489
9000
10024
8149
9450
9660
10611
9316
11377
9575
9855
10118
10204
8762
9822
8714
9559
10962
9469
10174
10879
10299
10767
9629
9655
10495
9848
11469
9431
9394
9865
9923
9918
9324
10594
10952
10468
8601
9125
9011
10546
9534
10643
9348
8496
9975
10712
10961
8700
9682
10469
9483
10097
10329
9103
9537
11609
9512
11030
10544
9593
9453
10472
10775
9585
8568
9952
11029
10598
11345
11457
10456
10896
9081
9973
10238
9273
9447
11787
10258
8748
10631
9385
10516
10508
9915
10432
12331
9665
9357
9945
9150
10391
10643
9152
10090
11567
11256
9415
11823
10020
9494
9542
9004
8940
9815
9291
9453
10559
10199
9369
8807
8638
11277
10345
9591
9763
11336
11916
10547
9767
8997
9698
10491
10279
11030
9357
10968
10235
9585
9336
12377
9986
10594
11830
8854
9577
9651
12094
9385
9843
9925
9096
10419
11281
10432
9559
11068
10248
10308
11259
10408
9037
11177
10238
10418
10732
11294
9841
8912
10447
10563
9499
9993
12067
9507
10604
8886
10443
7429
11715
10811
10741
9700
10198
8413
10569
10727
8643
10622
10029
9116
9428
9693
9047
11606
9205
10147
9669
9623
9554
9740
11283
9782
9830
8860
10112
8988
9494
9755
10851
9157
9770
9234
10761
10598
9786
10233
10245
10062
9362
9121
10307
11163
11592
10933
13265
11395
10298
9201
10155
10394
11171
9696
11190
8452
10321
9242
9061
8362
9878
10142
8948
9037
10947
11705
9752
7948
9701
10652
10782
10173
10458
10229
11477
10499
9512
8131
9692
9865
8087
10299
10323
10275
9711
9496
10234
8539
10382
11103
10977
10561
9797
10444
9774
12469
12229
8354
9262
10269
9857
9435
10434
8695
10191
7431
9953
10507
9288
9773
9687
9589
9657
10146
10591
9772
9238
8710
9952
9010
8863
9446
9767
11286
8986
11939
11367
9521
9189
9428
10364
10279
10359
9525
9288
9567
9190
10551
9227
9214
9418
10934
9760
8415
9313
9997
10140
10189
10448
9435
10964
11113
9336
9125
10379
10847
9186
10011
10522
10192
9973
10060
9658
9968
9827
9260
9980
9438
11314
9448
10090
9125
12329
10237
10748
10581
10175
9489
8841
10110
9166
8790
9647
10134
8373
9796
11080
11076
8218
11356
10269
10054
10469
8899
9071
11011
8846
11409
10460
10375
11454
9647
9177
10414
8483
10723
9009
11441
9366
9254
8958
9216
8464
9548
8784
9079
8535
9527
8412
9377
9413
11279
10103
9690
7761
11062
9901
8849
10107
9953
10363
10602
9002
10279
10243
10718
9664
10944
10010
9805
11481
9400
9534
9437
10862
10111
11350
11135
9392
8900
9413
9620
11103
9076
11356
9825
10668
10233
9968
13542
10188
8369
9226
11496
8896
10417
9490
10685
10100
8838
11642
8985
11055
10339
9003
9445
8818
10435
10021
9618
9818
10013
8730
10050
10556
8565
10147
8369
8361
10629
10367
10602
9997
9342
9154
11693
10470
9740
9623
10523
11698
9633
10242
10147
9289
11656
10395
10652
8989
11257
8970
8691
9192
9502
11539
9891
10156
8360
10191
9625
10580
10277
10849
10469
10280
9606
10678
9650
11467
10708
10232
10099
9879
10919
10145
9372
11027
9085
9968
9766
8420
9103
9344
10502
9393
10728
9720
9835
9171
7884
9622
10480
9331
10475
10692
10565
10275
8394
11392
9232
9544
9470
9545
10710
10934
8766
10205
10080
9634
8947
10458
7908
11943
9548
13080
8646
10465
10387
9194
9274
8827
9201
9257
9607
10950
9738
9796
9742
11894
10849
9920
10041
9161
9234
8143
8585
8944
10166
8956
10868
9612
9485
11056
9937
11333
10833
9336
8994
9524
10098
12575
9532
13124
9667
8867
11991
10817
9818
9767
10285
8999
10466
11361
9178
11739
9816
9260
8631
11466
10041
9744
9968
9672
9148
12301
10048
9442
9129
9763
10685
9790
12198
10740
9548
9580
11776
9492
11388
11466
9738
10995
10628
11458
9199
8662
9377
9884
9474
10007
8348
8634
9799
9893
10629
8705
8311
10826
10400
10997
10410
8783
9793
11826
9763
8882
10048
8275
9061
10008
9238
9881
10217
8830
10285
9569
9664
8983
9827
10728
8301
11251
9460
8008
9045
9110
11835
9745
10999
9468
10095
10566
10070
9825
8140
10238
10533
7988
8931
11949
11694
9627
9462
11096
9983
9804
8985
10366
10208
11159
9601
9145
9342
9929
10111
8850
10253
9054
11722
6927
10048
9909
8524
10870
10040
9003
9622
8656
9980
9209
8558
11826
10633
9496
8961
9377
9342
8922
9524
9481
10130
9338
7619
9982
9181
9286
10153
10151
8873
7820
9233
11079
12058
9536
9640
9888
9065
11362
9205
9839
9566
9283
9975
9219
8958
8753
8921
8570
9944
10719
9202
9801
10102
9937
9506
9393
8797
9911
9018
9310
10074
9899
9477
7706
10253
9240
10339
8956
10146
9536
10521
9381
9903
9141
11305
9459
10466
11057
10696
10432
9537
10709
9217
10182
10799
10736
9574
10847
8107
9407
9243
9582
8882
10019
9337
8902
10357
10893
10191
9233
8958
9368
9551
9600
9394
9895
9215
8942
10173
10474
8203
10157
10121
8808
9979
9200
9750
8942
11538
9734
10042
9913
11408
10639
10140
11466
9446
10272
9528
11146
9740
9767
9568
10459
11257
9472
9757
10227
10381
8458
10136
10681
9440
9730
9782
11054
8156
8032
9163
9455
8993
10243
8345
10120
9208
11401
10219
9270
9727
9136
9536
9009
9350
8648
10444
8644
8055
11606
11474
9612
9762
10121
9985
9035
9701
8844
9535
10567
7947
9481
10736
10177
9584
9837
9169
9238
8912
10628
9718
9968
8630
10153
9652
11465
10727
9065
8915
10214
9656
9700
9801
8455
9942
12410
9903
8813
11777
9247
11537
10098
10060
9846
9694
9344
9394
8621
10392
9591
9227
8912
10979
10389
10938
8825
9589
10532
8950
11576
11250
10507
9579
10441
7716
9357
10743
8822
9900
9843
8803
9543
9101
9104
9121
11084
9875
9335
9581
9943
9418
10941
12391
11114
10204
9971
10613
9030
9109
8894
9848
9158
7959
8663
9818
8873
10292
11191
9155
11512
9325
10258
9997
8272
9001
10542
10438
8510
10482
9691
9792
10544
9929
9257
9045
12024
9551
9498
9857
9276
10277
11195
9836
8156
9814
9647
9025
9725
10001
10927
8406
9108
8588
8954
10670
9261
9245
8757
9362
10402
11198
8904
9807
10406
10906
11496
10269
9828
9694
9633
10476
10940
9661
8523
9739
9768
9003
9937
11650
9842
10567
10157
11162
10728
8698
10539
9968
9527
12024
10943
12983
9627
9787
9728
10090
9697
11315
8830
8958
8583
10103
11105
8997
9804
8546
9932
10767
9201
10063
9288
11256
9639
9900
10523
10839
8373
9796
9054
9065
9929
8823
11100
9040
11179
11055
10569
9235
9427
12763
8997
8765
10382
11140
10230
11126
9767
11595
9620
8688
10210
10290
10013
10370
9797
8984
12316
9486
11521
8118
8987
8936
9686
8585
11163
10897
11210
10654
9355
8954
8727
10139
8963
10234
7405
10401
11088
8236
9252
9403
10051
9929
10306
9113
10258
9407
12245
8466
9612
10041
9595
9847
10351
10372
11719
10173
8938
8953
9618
9601
7845
9273
10896
8548
10782
8804
9361
10258
10602
9746
9442
8923
11513
9178
9905
9260
8763
9139
11059
8917
9385
9726
8337
8284
10040
10154
10220
8983
8984
9264
10761
11017
10319
10407
10553
10475
8533
9577
11458
12167
11039
7897
11498
8619
10105
11631
12422
7957
8721
9249
9222
8711
9572
7817
10580
8526
9985
8863
9817
9854
11645
8624
8043
10188
9925
10606
9232
9596
11182
9163
9932
9861
9707
11109
10557
10286
10574
10080
9760
9112
8621
10452
8716
9201
9477
8417
8979
8910
10152
9157
10087
9147
11573
9465
9559
11918
9787
11019
7969
10775
10746
10090
10448
11355
9381
10410
8923
8952
10868
9701
11798
10720
10156
8633
9335
9766
9438
8314
11570
11688
8264
10074
10860
11063
9404
10543
10241
10351
10051
10252
10264
8398
10487
11038
9495
10982
9852
9423
8789
10125
8981
9770
10117
10819
10709
8182
9883
9868
11857
9345
10570
10629
10232
7959
10678
10437
12036
9730
10937
9632
8662
11811
9752
10359
10435
10886
8866
9808
12415
10149
9482
9291
10660
10541
11787
11337
11480
11670
10030
9703
8485
9634
10233
9209
11059
9448
10713
11153
9271
9925
9177
9545
9428
10248
9395
10952
8752
9944
8937
9275
8945
8207
9693
9418
8925
7908
9833
11470
9495
11383
8708
10448
8762
8706
8915
10253
9337
10391
9020
9798
9221
8703
11406
10145
12383
9227
11792
9212
9475
10236
9582
10604
10068
8993
8668
8513
10177
10120
9577
10873
9723
10399
11033
9804
7992
9383
10071
8910
11214
9733
10472
10851
9296
9586
10384
9862
10817
11005
8141
11654
9883
10680
9001
10292
9145
11264
10029
8468
11085
9398
10329
8702
9397
8829
9470
9305
11732
9241
9086
9114
9670
11088
8279
10896
10015
12396
9750
11063
9282
9512
10124
9261
9682
9171
9070
8923
8939
10713
10036
9634
10317
9329
10997
9655
9272
10070
10156
10359
9223
9353
10001
9618
10464
8978
10000
9897
8220
9985
9015
10721
11088
8872
8045
7896
7943
9107
9429
10111
10238
9659
10299
9884
10291
9908
10060
10532
10843
11030
12253
8604
9948
9236
9456
9107
9319
9671
11000
9798
8969
10661
10805
9332
10659
9212
9606
9845
11595
9664
11653
9236
9750
9685
10429
9967
9763
7763
9738
10442
11824
8369
9023
8805
7975
9137
8415
9735
9742
9486
9672
10037
10300
10074
9901
10490
9589
9736
10530
11692
10321
10430
10156
9404
8474
10039
9828
9328
9575
9299
9629
10361
9482
9926
11691
10809
8802
10074
8978
10418
10576
9509
10309
11141
9428
9663
10595
9685
11333
11153
9278
9935
9264
10109
10432
10204
10204
9637
9632
9870
9035
10786
10710
8390
9394
8642
10423
10392
7706
9721
9744
10893
10028
9079
11145
10331
10015
9554
11070
8178
9688
10120
8996
9944
9450
10084
11187
9056
10170
10785
8170
10205
10074
8174
9811
8508
9098
9650
9492
9906
10311
10336
9396
9752
9685
11087
7744
11832
9191
9365
11289
8470
9732
10263
8506
8711
9757
10466
11525
8771
10226
11465
9542
9788
8548
9531
9103
9272
9180
9371
12352
8273
10517
9605
12558
10353
10947
9795
10613
9148
9877
9980
8470
8886
9106
9033
10346
9245
12435
11305
8852
9546
9685
9536
9012
9468
8358
8780
8890
10182
10520
8990
9633
10887
10022
9162
8258
10485
10156
9213
9732
10826
10151
9948
9217
10288
9260
9022
9968
8189
10435
9121
9346
10710
9676
9192
9863
11327
10449
7863
9740
10731
9091
8192
9091
9273
9274
11668
7589
8421
10736
9159
10740
10165
9335
10425
10988
11186
9203
11249
9788
10041
8936
9045
10091
9108
8588
12261
9852
8849
10134
9338
8510
12810
8833
9428
12692
9063
9793
10321
12177
9030
10152
8543
9760
8655
9002
10718
8566
9469
9311
7205
9332
9037
9506
9456
9507
10737
10149
8224
9583
10371
9095
9669
9253
10796
8519
9049
9023
10659
11607
9113
9507
10621
8636
10489
9857
7908
10953
9454
9474
10739
8736
10405
8917
8070
10402
9493
9970
9800
10363
9707
10242
9582
10814
8298
10474
8644
9863
9600
8700
9891
9709
9357
10290
9516
9929
11273
11663
8606
10559
7477
10770
9134
8052
8996
8784
11132
9344
9782
9988
12240
12826
10131
9173
9089
9390
10750
10676
11064
9553
12882
9847
8390
8337
8964
9037
9989
9706
11677
9462
9348
10253
9047
11680
9340
11006
9373
10569
11223
10170
7384
9368
8630
8695
10097
8501
9371
9332
8071
9231
10559
8720
10064
9140
10547
9350
12968
9302
10728
10320
9295
11635
10510
8309
9942
9001
8837
9137
11270
9482
10516
10773
8648
10098
9824
9997
9881
9492
7896
11831
9774
9015
9748
10136
9665
11230
8867
10739
8518
10353
11476
9820
11095
9189
9219
8440
8426
10444
10090
10434
9058
8319
8619
10066
9114
9419
8357
9152
8997
10040
11397
10361
9502
9770
9549
10737
8124
11084
9471
9856
9733
9713
8272
8474
9444
10101
10956
8207
9768
9149
9458
9212
10313
9006
10578
10580
9970
10678
10203
11081
8999
9293
8181
10721
9360
10194
11671
9675
9314
10118
8894
9019
9910
10238
10033
11336
9293
11894
10362
10086
8391
9875
10379
10239
11037
11031
10217
9866
9980
7842
8700
10970
9468
11034
10871
8013
9848
8268
10432
10790
8974
8762
8954
11388
8470
8665
8203
10139
10331
9828
10095
8470
9849
9226
8869
10679
9678
8863
9289
7962
11103
9852
10421
9963
8997
9025
11567
9572
10033
10178
9824
10219
9402
7790
10253
9939
10943
10132
10502
10730
8356
10135
9410
9711
10626
8224
10187
9045
10149
9263
9860
8965
12421
10126
9790
11030
7406
10093
7956
9366
10418
8823
9002
9952
10546
10896
10597
9171
10149
10490
9335
8498
9237
10465
9666
10717
10369
9078
10077
9906
9084
9698
10097
10435
7518
8717
8237
10448
9601
7974
10438
10665
10173
9889
10060
8430
9801
9613
9760
10503
9038
10651
9305
10301
11147
9271
10549
9983
8318
10563
10703
9799
9348
9832
9407
9467
9002
9730
9725
12721
11062
9787
10385
8896
9469
8888
9015
11195
9813
9611
9935
10079
10304
11428
10870
8801
10656
10343
12092
10126
11053
9690
10166
8947
9635
10437
9474
10502
10154
8014
8848
10947
11179
10821
10391
10643
10233
8263
9313
10018
9076
10028
8636
10912
8390
9835
9823
9959
10608
10576
10332
8789
10135
9141
10376
8455
9752
7749
9191
10184
10829
11228
9810
9531
10287
7848
9162
10192
8974
11192
8802
9081
9173
10935
9432
8460
9832
9047
11275
8937
9219
9308
9369
9593
10201
9528
10581
10393
9590
9648
10284
8655
11719
9105
8799
11207
9765
11470
8772
9293
8663
10520
9296
10280
9283
9738
8593
10529
10307
7583
11193
11262
8605
11143
9601
9354
9651
9079
8332
8468
10173
10242
9657
9461
10142
10794
9357
9178
9389
8748
7656
10014
10087
11796
10082
9572
9421
12463
11802
10258
11175
8993
9881
10571
10184
9100
9320
8722
10267
9057
9286
8605
9638
9422
8400
13107
9897
11113
9764
9620
8252
9913
9747
12651
9778
8970
11867
9158
9295
10018
9898
9552
8471
11331
10292
11000
9360
10028
7917
8933
8763
9973
8969
10452
10271
9346
9984
9938
12192
9215
9998
10472
8067
9265
8795
9431
9844
10220
10539
10321
11479
10464
10149
8651
9062
8886
9432
8496
9152
10637
11184
9417
9844
10161
7638
9407
10023
9086
9332
10657
10313
9379
7918
10150
8833
8334
8345
11181
9146
9086
11216
8465
9208
8909
9345
8581
9654
10322
9130
9057
9798
8989
9428
8289
7687
8606
8625
9019
8831
9577
11319
9705
8541
10561
10167
10035
8418
10069
9753
11228
9489
9437
10701
9427
8742
9795
10023
10245
9639
10609
9117
10843
9243
9516
11317
12166
9666
9053
7987
10664
10010
9799
8874
9324
9535
10666
9031
8497
9146
9386
9524
9876
8531
10003
9015
13417
11607
9318
9102
7973
8658
8733
10490
11826
10308
8531
9713
8216
8042
9514
10523
9167
8600
8700
11160
10043
9490
9439
7766
10893
9235
8237
9672
8523
9842
10622
10353
10652
10090
10418
10096
9839
9662
11086
10291
8627
11009
9823
10352
9278
10064
10418
10493
11151
9726
10210
8580
9939
9684
9712
9587
10078
8631
8851
9400
9469
10788
9698
8298
7754
9031
9472
9091
9463
9542
10770
12058
9065
9952
8498
9265
11093
8789
9243
10101
10733
9852
11160
9468
9550
9121
9904
7990
9050
10943
9734
9113
10111
10628
10432
10471
9104
9270
8973
9906
7947
10484
9035
9729
9390
10429
9939
8479
9713
9180
8874
9253
9288
11061
8228
9548
9989
10078
9343
8986
8207
9469
11327
10275
9836
8704
10100
9615
9652
9068
8802
9000
11544
9089
10237
9085
10304
9470
10077
9417
10417
9797
8300
11383
11021
10394
10534
8655
9018
9448
12534
9599
10499
9036
9499
9735
10981
11279
9544
9984
7712
9453
10419
9665
8484
9622
9237
10755
10541
11086
9319
10233
8765
9661
9770
9514
8176
8871
9744
8572
9091
9896
9167
11109
9419
9506
10906
11574
9113
9897
10635
9579
9357
10460
10001
9852
10516
10919
11923
9236
9921
10473
8986
10387
9190
10060
10487
8771
9194
10427
9335
7568
8833
8277
9352
9091
8722
9392
10787
9773
8921
9422
9545
10425
12445
10279
9774
8886
10006
10070
9647
9531
7806
9960
9391
9058
8941
9916
9493
9140
9909
10021
9819
9582
9991
10407
10946
12513
10698
12767
8146
9121
9369
9109
9249
8712
7993
9402
10419
11022
9325
10822
10006
9114
10735
8658
9843
8863
9148
9104
10985
10379
8890
9559
9557
9125
8640
9832
9929
8412
9954
9136
8586
9006
8105
9831
9109
10900
9079
10518
10289
9736
9583
7669
9148
10073
9657
8999
8492
9822
9636
9842
8892
12127
9629
10458
10006
9354
10010
10785
10141
9593
8605
10302
9368
9602
8979
9973
9685
9542
10713
8602
8868
8348
7834
8438
11259
9953
11709
9613
9450
9240
9750
8999
8745
8986
9713
10869
8900
8817
10636
9370
10475
9820
10772
8492
9029
10476
9905
9086
9397
9847
8174
8525
9980
8411
10565
10219
8763
10595
9558
10282
9494
8937
10569
10084
9740
9753
11322
9804
10003
9010
9389
10346
9696
9119
10937
9887
10566
9968
9459
9736
10791
10248
10474
10819
8727
9112
8893
10427
9037
9331
9134
9349
12953
9373
9125
11964
10817
9346
10579
9876
8837
9091
10712
10126
8468
8452
9600
9844
8179
9472
8726
9685
8176
9579
10772
8548
9324
10061
8252
10130
9355
8604
12131
9731
9535
8273
10482
8823
10055
10862
7517
9256
10082
9918
10012
9713
8593
9246
8702
10324
9516
9911
11094
8717
9415
8725
9765
9354
10213
11322
9700
8708
11936
11160
8984
10884
8931
9389
8727
8634
9702
9226
10570
11833
10447
10836
11694
10467
8481
9838
8818
11824
9350
9929
9106
10251
9186
9906
9328
9960
8661
8784
9392
10450
11100
9264
8220
9141
11468
8433
9483
10226
9586
9332
11916
11022
8903
10984
10576
11070
8950
9623
9037
8681
9900
10045
11116
8815
9308
10259
7506
9656
10382
9904
9673
9649
8470
9764
10553
9792
10281
9156
9881
9545
8881
9697
9773
9187
8531
9987
10290
8148
9445
9601
10010
9721
10782
10103
10573
9706
10230
9103
7904
10628
8717
11143
9098
9797
7994
10606
10406
9502
7965
9634
9583
9062
9813
7909
9524
9753
10105
9223
8873
9291
9130
11022
10304
8170
9817
11630
8752
10943
10688
8478
11685
8119
8298
9931
10226
10672
8700
9148
9011
9631
10488
8566
12922
8993
9044
10550
10081
11087
9263
10923
9302
8819
8641
10788
9107
10244
10020
8830
8644
9685
11436
8526
9495
9212
9077
7259
9841
10436
9454
9673
9076
8273
8481
10130
11268
10140
10557
10881
8112
10149
10407
10024
8494
9714
10806
8970
7945
10633
9498
9459
8435
10205
10849
8881
10776
10919
9534
8165
9254
9031
8478
9226
9540
9209
8902
9029
10806
9507
8391
12033
10204
9495
9493
8508
8275
9791
9575
11113
10951
10225
9818
10504
8558
10903
9659
9376
11432
9741
9400
10259
9311
9666
9893
10635
11051
9180
10692
10375
8218
9043
10301
9938
9121
8942
10118
9177
11478
9750
9625
10159
11207
9186
9506
9485
9694
9951
9856
12129
9742
9154
9240
10503
9575
8224
10538
8793
8836
8359
8808
9490
12563
11387
10228
8903
8902
9679
9836
7896
9906
11228
10279
9659
10175
8868
10091
8397
8082
11173
10136
8626
8822
11339
11185
7437
10152
10465
9017
8954
8913
9438
11467
9880
9813
9875
6872
7712
10273
9054
8969
8762
10313
11446
9955
10597
9089
8406
8041
9015
8860
9385
8638
7863
8952
9343
9642
9848
8866
11958
9655
10933
9321
8802
8988
10095
9125
9006
11237
8722
10204
9851
9864
10106
9868
9557
9597
8941
9606
9127
9291
10308
9103
9202
8961
10274
7888
8602
8921
8502
9165
8871
10338
9772
9074
10404
10827
8456
10742
9104
9917
10091
8783
11896
9588
9739
10156
10105
11835
9331
8154
10496
10338
10074
10188
11455
10217
9601
8167
10000
8472
8917
9892
9276
8533
11081
10244
10048
12479
9923
9325
9782
9832
10459
10818
10467
10851
9159
9163
9141
9140
11647
8902
9894
7649
9550
10715
10204
7921
9801
8347
11183
9343
8534
8244
12155
9205
10503
9896
9477
9547
8044
9639
10192
10385
8713
10040
10056
8562
9516
9052
8516
9935
10323
11415
10813
10616
8533
9292
9874
9926
9454
12625
9278
8838
8780
9286
10459
9940
9054
11910
9386
8985
11061
9063
11048
9362
7320
10557
10434
9526
9753
8978
9114
7900
10608
10039
8970
8146
10946
9052
9861
8997
8119
10286
9482
8925
11634
9011
7909
9246
7583
10477
10575
10470
9416
9880
10671
11130
8130
7959
9369
9231
8045
9472
8827
11120
8745
9345
8871
9039
8831
9790
10325
11409
10195
8488
9507
8130
9091
9762
10298
9848
9722
9584
9870
9046
10001
9243
9249
8661
8224
10621
10489
8325
7987
10865
9429
10919
9956
8702
8766
8533
8452
8705
7251
9231
9510
9329
11964
9701
9304
8155
8961
9733
9583
9544
10236
9920
9994
8140
7124
10142
9581
8558
8346
9953
10194
10485
10242
8246
8619
12185
11074
10015
10300
10208
8670
9681
10868
11107
10364
10051
8914
7957
12075
9661
8248
9308
9516
8155
8120
10286
7914
8611
9546
12078
9868
8727
11790
9849
9875
11052
10305
9022
9942
8052
10917
8335
11079
10681
9546
9275
12404
9909
8238
10627
9346
9656
10308
10603
10011
8784
9841
10231
9400
10532
9894
9302
9357
7656
9992
9428
11087
10481
10093
9138
9735
8545
10098
8412
8931
10419
9988
8881
9677
10369
9650
8023
9103
8761
10153
10256
8886
10038
8932
9718
9491
8478
9007
9109
9290
9106
8485
10006
9020
9187
10713
9493
8681
8572
8748
10514
9853
9632
10606
10150
10214
8772
9682
10175
10817
10118
8524
11345
11566
9770
8633
10465
9551
7852
10507
10521
9486
11979
9807
8753
9547
9263
9832
9774
8258
8922
9141
9836
10956
7867
9764
9136
7649
9472
10259
11321
8893
10461
10012
10243
9190
9381
9077
10557
8958
9560
10893
8950
9324
8241
9149
9876
8538
9890
10049
10270
11413
7712
10529
9079
9664
11446
9360
10215
11760
9264
9167
10216
12317
9848
9825
9052
8691
9916
10517
9485
8651
10609
9104
9275
9768
9632
8406
8862
9502
8698
8512
9177
8912
10411
8621
10003
10367
9223
10074
9690
8969
9407
11288
9747
10081
9813
9942
11131
9431
8655
10601
10688
9915
10045
10140
8438
9539
9853
11143
9441
8925
9613
10153
10097
9634
8819
9475
9316
9948
8026
8860
9788
9620
10238
9176
9583
8513
8630
7233
10280
9297
10067
10390
9165
9199
8937
9868
7842
8239
10382
7541
9200
10322
8346
8808
9627
9303
9228
9697
9091
10441
8318
8809
10132
9326
9545
9418
9305
9645
10719
9134
9316
9797
9136
10745
10417
8817
8925
10737
10690
9392
9570
10575
9079
11416
8813
9091
9684
10062
8774
9832
8624
9127
8822
8829
9465
8105
8733
8638
9074
9511
9565
9683
8984
9006
8813
11180
9240
10299
10363
7701
9832
10944
9088
9284
8836
11220
10242
9191
7937
9041
11273
12218
8965
8082
9490
9984
9431
9721
10177
7528
10367
9633
9622
9308
10964
9630
8622
8991
9698
9933
10427
9502
9718
8411
11807
10172
10376
11421
9345
10805
9200
9200
9767
11116
10735
9041
7655
10720
8802
9273
10323
10349
9199
9356
9902
9437
9175
10362
10953
8049
10764
9650
8910
10079
10024
9012
8712
9374
8501
10599
10823
8972
9160
8948
9113
8937
10376
10575
10242
9740
9323
9893
10851
8714
8293
10228
9982
8251
8730
9664
10191
10654
10279
9897
8633
10007
10351
8712
11048
9190
9684
11497
9270
8252
9849
8643
8702
9072
8776
9625
9820
7320
9589
10508
9108
9393
10727
9375
9136
10215
9548
10522
9782
9331
9909
9202
9790
11079
9106
8634
8899
8113
8435
9017
9682
8120
10335
9581
9606
9741
9078
11143
10462
8904
9015
10098
8588
10487
9888
9613
8936
9990
8779
9512
10644
8335
9228
9610
9256
10643
9558
9063
9531
7638
10424
11875
9105
9050
10359
10714
12070
8584
8585
10096
9333
10809
11570
11103
10111
10532
9391
8980
9685
8825
9274
10410
7749
9052
10067
8414
9137
10505
9537
10850
10955
7531
10327
9053
9391
9819
9920
8862
8928
10506
9624
9078
10474
8992
9193
10275
8257
10021
10760
7927
7687
8524
10668
9679
10774
11458
10968
10687
9671
12343
9859
10956
8248
9073
9405
10312
8691
9556
9327
9902
11280
9357
8983
9262
9345
12965
9304
10685
8994
9525
7649
9074
9181
8909
9615
11109
10643
8565
9818
8797
9291
10846
9833
10245
8155
8987
10578
9346
9379
8394
10212
8449
8965
8937
10742
9240
10182
10412
9918
9558
7863
7892
10727
9270
8643
9033
7643
9356
9156
9370
9043
11538
10608
10836
8964
7863
8494
12149
9502
10668
8410
8624
10801
8325
10322
9639
9855
9106
8899
8412
8182
8946
9015
10871
9100
8982
10629
9121
9729
9713
9684
9651
9040
8397
9343
10072
10893
9963
7992
8403
10144
9795
11223
9370
9386
9422
10920
8436
8836
8356
8826
8836
10920
7892
10570
10147
7761
11406
10826
12015
8644
9392
9199
9545
8405
10191
8122
8830
8146
8981
9477
11019
9374
9430
9040
10110
9480
7420
9109
10445
8205
10127
12208
8634
9218
10459
9063
9289
10067
8508
10139
9948
7761
10576
11256
10135
9449
10408
9731
9782
10082
9916
9421
8669
9325
9147
8991
7817
9422
9936
9348
9868
9939
9240
9462
8833
10527
7956
8941
9314
9318
9121
8000
10226
9547
9271
9580
8815
8354
11040
8309
8325
8541
11070
8883
10012
8397
9353
10688
9098
9738
12511
9372
7925
9650
9622
9471
10868
8430
8829
10534
9003
8860
9460
9265
9706
8135
7559
10111
8348
9603
9890
8216
9215
9424
9401
9346
7950
9540
8873
9787
8458
10120
9333
8949
9274
10170
8445
8893
9893
9661
10151
9939
10419
10361
9081
11574
10301
10313
9838
11049
9037
8873
9585
9874
12000
11263
10897
8993
9215
11077
10198
9462
9035
10910
7749
10219
9960
8772
11034
9145
10246
9392
8695
8497
9050
10301
10878
10128
10900
9210
8998
10008
9830
9086
9725
8245
9182
10215
9222
10784
8147
8766
10775
10675
7888
8913
9841
9859
9031
9871
8983
10432
8803
11500
9383
9925
8264
8889
9036
11093
8421
9862
8517
9955
9106
9445
9491
9295
10470
9135
11614
10177
10750
8631
10413
10851
9218
8829
9343
9448
9975
7859
9201
9201
10121
9685
9523
10065
10448
9231
9684
10406
9165
9223
9987
9774
10475
9693
8894
10110
8984
7429
9584
10016
9160
9332
9605
10006
8621
9550
9127
10783
9018
8540
9006
9459
9137
9577
10567
8691
9679
9800
8396
9336
9370
9357
9100
8192
8841
9248
9799
9101
10000
9854
9171
9893
10029
9123
11661
9516
8728
9074
10539
9995
9807
9767
8999
9677
9797
8658
12010
8937
9586
9567
9430
9800
9468
8289
11203
10010
8946
9512
8726
10276
9678
10205
8369
10583
8993
9653
9784
10259
7701
8823
9590
7895
9804
9960
8991
9272
8835
9158
7896
7806
9688
10555
9649
8763
9619
11317
10604
10596
10448
9516
8761
9748
12028
9909
9320
8192
8706
9916
9736
10196
9839
9611
11479
9231
9707
10204
10020
10167
9575
10993
10173
9462
9718
11190
9217
11288
8414
10862
9375
9326
8844
9348
8462
9948
9386
10287
11477
10219
9320
8888
9534
8468
9752
9177
9521
9893
8900
9496
10470
10896
8730
9430
9437
8540
8726
10036
9610
11030
9025
7570
8820
9758
11424
9002
9320
9679
8776
10282
9516
9270
9446
8713
10490
10524
8716
9955
9615
9479
8568
10563
9577
11294
10325
9009
10696
7712
9115
8847
10006
9490
10893
9540
8762
8357
8765
9630
10782
12409
9763
10013
10052
10740
9542
8894
8812
9229
9073
10755
8910
11823
9494
10999
9628
10020
8797
10242
9430
9292
8828
8586
12589
9331
9046
11222
10844
9368
7476
8837
8948
10546
8761
9496
9509
8134
7559
9445
8829
9241
10242
8704
7830
8154
9671
9177
10136
9956
8762
11047
11136
9279
8708
9164
9828
8797
8189
9695
8900
9597
8988
8804
10618
8996
9925
7669
9496
9861
10894
10012
9471
9040
9968
11553
9788
9140
9833
9953
9802
9065
8988
10194
10066
9850
10105
8190
9939
10944
8479
9386
7908
10101
9687
10399
9036
8149
10191
9537
8118
9263
8940
9356
9956
8796
9252
9622
7619
8913
8685
8021
9850
8013
9244
10325
9125
11061
8702
10291
9189
8041
9802
10274
9865
8999
9676
9760
10402
10322
10525
11936
9806
10462
10074
8836
10939
7259
9349
9450
9787
8568
9201
8932
9039
10201
9050
8484
9480
10739
11006
8140
12520
8695
8543
11064
9785
10321
8293
8119
9865
9401
9760
10321
8706
9084
10553
9707
9026
8124
10391
10563
11423
9100
9864
9762
12159
7420
11133
9679
8757
10762
9052
9551
9157
9956
9623
9493
8418
9140
8901
8570
8540
10533
9089
9994
9892
9373
10321
9550
7792
9342
10514
10036
7909
9642
10260
10923
10175
11011
10021
8808
8625
9253
7945
9948
10039
9544
11256
9054
8410
9074
8360
9291
9448
8873
8432
9550
10427
10672
9311
9275
10782
8797
10001
9373
7897
10679
10579
9512
9791
8988
8410
8900
8241
9831
9537
9815
10220
9078
9506
9917
10103
10816
10708
9615
9818
9601
8922
9575
10541
11017
12501
9639
10307
12824
8471
10482
9418
9701
10156
9970
10067
8869
10756
9116
9322
10377
9189
8580
9747
10089
9829
9662
8483
8914
10975
9548
11113
10408
9475
10346
9792
8987
7754
7712
9304
9886
11051
9506
9728
9848
9410
10807
9439
8119
9750
8711
9119
11468
9445
10437
9031
9252
9432
10120
9329
10060
11534
10234
7987
9762
10694
8996
8993
9651
9977
8543
9079
9316
9109
8021
9318
8965
9342
8348
8898
10048
11143
10001
8970
10598
11172
8831
9373
10385
9249
9463
9072
8437
9925
10361
10056
9260
9086
9664
9735
10637
10768
8277
9405
10383
10469
8543
9288
8811
9346
8947
10566
9848
8354
9098
8381
10867
7429
9490
8070
9998
10200
9710
9410
9782
10719
9237
8330
11383
9770
9701
10103
9125
8376
10712
9385
9216
8755
10547
8583
8773
10060
8796
9185
11430
10112
8209
10023
8572
10177
9439
9037
10401
9448
7529
9088
7922
10184
10149
9146
9482
9732
11051
9935
9747
9849
10502
9321
9291
9262
10570
11279
8123
9263
9980
8912
8558
9528
9586
8893
9534
9507
9385
9253
10691
7707
9959
8978
10412
8721
10594
7925
10578
10021
9121
11186
10815
8937
9990
9032
8298
9591
8972
9817
8583
8360
8535
9855
9101
9841
9725
8445
9217
10298
9139
10260
8868
9712
10964
11431
9694
10535
11384
10317
8325
9303
10483
9944
8837
9275
9406
9169
9050
9660
8954
10713
9681
9610
10347
9288
8123
9726
7517
8462
9614
10535
8325
10830
10018
9700
10556
8784
10596
11565
11557
9422
9965
9463
9736
10880
8984
8541
8839
7914
12103
9182
9209
10756
9629
9849
9651
8044
10274
9329
9004
10512
10433
9098
8636
8552
11021
9148
11119
10235
10479
9053
9980
10049
10998
9270
9418
9760
8744
9311
7712
9569
8853
8550
8082
10147
9760
8181
10305
9627
10511
8890
8452
9324
9108
10132
9249
9017
9072
10125
10938
9528
8982
10058
9365
9485
9327
9575
11369
10090
10346
9231
10217
8314
9252
9152
10166
7531
11051
9550
8565
8970
10200
11409
7101
8325
8728
11319
8857
9801
9972
9057
10107
10127
10480
8714
10286
8695
9487
9663
11053
9297
10402
9400
10301
8533
8535
7863
8819
8497
12975
9291
10001
8698
9994
8718
7993
9899
9313
11411
11739
10226
10476
9431
9474
9771
11710
7987
9045
9491
9004
9715
8468
10304
8406
9303
9125
7766
9593
10279
9290
9346
10672
9125
9612
8918
9734
8332
10964
9950
9733
9707
7999
10736
9243
10749
8991
9817
9548
10200
9449
7653
9315
9074
7957
8981
9682
10251
10710
11273
8191
8627
11143
9421
8913
9232
11277
8501
9684
9516
9586
9260
11555
8207
9853
10412
8553
9707
11408
9925
9557
10656
9968
9187
9896
9507
9619
9913
9502
9385
11330
13720
8910
8881
9302
9527
7965
9349
10561
9431
9741
9293
9410
8796
9368
9879
9781
9681
8789
8273
11647
8149
9222
9989
8070
9618
7861
9631
8681
8621
8124
9732
8819
10246
9640
10029
10306
9439
8761
10291
10854
9567
10606
12570
11130
8834
10219
9199
8987
9393
8356
10071
8545
9828
9979
8437
8767
11356
8973
9125
9534
9925
8512
9861
9918
10675
11087
9568
11918
8786
9529
9537
9031
10689
8559
11133
9131
11089
9613
9472
10208
10566
9677
10489
8350
8398
9721
10160
9274
11412
11173
9949
10227
8145
10260
8746
9595
10056
9705
10878
9094
9476
8318
7774
8915
10010
9946
9424
9275
10641
8026
7766
8330
8861
7437
9953
7922
8728
9546
9377
8209
9240
10843
11081
9589
9285
10371
9297
7067
8023
8808
9516
9123
10150
9368
9740
8456
9221
9997
9525
9377
9463
8516
10309
9495
12119
11226
8654
9816
7677
9493
8727
9209
11528
9326
9029
10364
8949
8892
8847
8893
9374
8761
10156
9849
9951
11710
10287
10090
10139
9227
10836
9926
9816
10000
8936
9446
9906
9944
9997
8418
10302
9741
9290
9939
11399
10149
8350
10205
9203
9816
10311
8961
8886
9463
8558
8568
11141
10801
8796
10191
9022
9634
9411
10273
10475
10393
9655
11305
8851
13338
9510
9071
8559
10484
9963
10514
9089
10113
9481
8192
8488
8487
8021
10036
9134
9137
7476
9438
9585
10940
10017
9276
8928
10118
9695
10306
9311
11057
8583
9895
9949
9509
9684
9496
9852
8281
9472
9987
9061
8972
7766
9551
9507
10379
11132
9289
10237
8914
8625
9586
9602
9162
11112
9432
11111
10963
8780
9182
9714
10307
8862
10419
8219
9324
9010
9320
9725
11621
9227
10831
9197
9476
9817
9744
9335
9730
9829
10335
9726
9354
8191
10097
7914
8831
12108
10618
10049
12244
10578
9682
8407
9575
9421
11136
8071
9061
7896
10634
8440
9510
11179
10299
8514
9237
11085
10401
9291
9859
10168
9948
9235
9245
9419
7999
9661
9575
10024
10520
9390
9612
10594
8219
9346
8860
10305
9418
8165
8712
10354
9167
11164
13444
9833
9951
9357
10822
10342
9125
9867
8748
9580
10371
9308
8773
9422
8174
9507
8767
9842
9883
8514
8279
10103
11389
9264
10363
7937
9629
8055
8049
11174
10320
9214
9110
8209
9106
8954
10049
9413
9311
8120
8854
10522
9998
10954
9176
8245
9580
13542
10448
8861
8165
9595
7646
9467
11707
8803
10566
9236
9861
9633
9201
9241
8588
8488
9109
10222
10062
9739
8268
9146
9986
9349
8552
9997
8807
10062
9804
9275
9212
7928
9767
10372
9410
11177
9576
10305
10692
11699
9887
11031
9611
8658
11123
9489
10082
9185
11185
8370
9957
8230
9763
8670
10671
9618
7032
10854
8013
9223
10843
9946
10234
8818
8796
7996
9472
9661
7731
10270
8636
10074
10119
9959
9272
9873
10154
9209
9546
9252
9057
8774
10637
7974
10949
11525
10517
8038
8560
9136
8476
9974
9864
8607
9278
8374
10322
9275
9762
9435
7987
9320
11775
9702
10589
9685
8925
10346
11965
9209
8748
9294
10454
9931
9975
9948
9446
11198
8548
9047
10203
7712
11141
11790
9945
9534
9432
8332
9991
9169
10893
8993
8677
9629
9739
9218
9243
9664
8494
10100
9319
11357
10153
8561
8605
9437
10085
10114
9881
10132
9109
8982
8044
10814
8549
9091
9678
9686
10640
8584
11902
9620
10506
10135
10543
10043
10419
8531
9142
9474
8470
10683
8763
10329
9859
9285
8978
10740
8667
9209
10506
9512
8819
10316
10367
9795
9073
9186
8958
10571
9692
8345
10775
8426
9932
9393
9536
10438
10112
9325
8893
11320
9842
8985
11184
8301
11082
8458
10012
11037
9352
9273
9037
8345
9254
9602
8947
10623
8357
9470
9948
9003
8462
9921
10490
9612
10893
10570
8248
8415
10621
9848
8888
8939
8417
8890
10329
10464
9079
9166
9093
10041
9371
9149
8273
10474
8850
10701
9359
9914
10628
10325
10401
8997
9615
10217
9600
9302
9659
9238
8534
9445
10467
8993
9158
9498
9045
9800
9322
9391
8654
9960
11530
10085
8823
8993
8989
10597
9526
9141
9778
10251
9844
9311
11226
9073
8923
8968
11606
11002
11937
11223
7918
10632
8730
9050
9053
9560
10449
9094
8209
9010
9434
8218
10681
11871
9991
10275
8543
7921
8192
9235
9772
10281
8279
10687
6824
9119
8501
8291
8837
9763
7656
9422
9347
10662
9989
9167
9763
11185
9393
7761
9413
9134
9929
9290
9081
10427
10029
8862
9023
9318
9604
10154
9293
9377
9036
9559
10253
7969
9410
8586
9416
9386
9600
8853
9771
9146
9943
9682
9734
8452
8318
9391
9192
9551
8862
8354
8330
9852
9861
9182
9244
9709
10286
9490
9149
9848
9018
9527
9709
9061
8869
9137
8621
8436
9542
9357
10938
8972
9327
8784
10693
8369
9511
10819
9390
9146
8996
9770
10569
9857
9516
9336
8394
10596
9883
9049
9086
9861
9428
9435
9818
8586
10990
8910
9579
8889
8932
9767
9140
9664
9103
10817
11186
8518
10235
9047
6784
9019
8961
9073
9169
9547
10710
11546
9135
10158
9463
8804
9260
8912
9676
9680
10760
8141
9098
8632
10274
9824
11862
8525
10102
7842
9140
10546
9818
9316
9545
8996
9744
10726
11138
9428
9774
7541
9796
9536
8636
10363
9948
9937
10674
8009
8167
9846
8545
11948
10580
7974
7766
9135
8683
9432
9305
10061
8497
8972
8496
10364
8238
10470
8853
9182
10095
10292
10279
10441
9463
10942
10331
8221
7570
9271
9253
11053
9670
8498
9125
9058
8010
8514
9737
8837
9602
9705
9733
9929
9125
8923
9985
8956
8488
9731
9315
9918
10027
9293
9178
9254
9971
9291
9853
12545
8452
11111
9459
9325
9606
8949
10437
8988
10635
10091
9587
9525
8580
8823
9861
9023
8986
9453
8710
9760
10914
10524
10556
9304
8753
9572
9442
9952
10466
9675
10305
10207
8472
9393
7055
9156
9233
8236
7866
9944
8983
9911
9486
9536
9390
8440
9814
8945
8863
9303
11283
9339
8896
9705
9152
9725
9270
9169
9374
8844
9261
9030
9119
8356
10743
9933
9322
10817
10622
9304
11411
9371
10164
9031
11026
7543
9575
9534
9748
8541
9736
8656
7904
8273
9405
7405
9818
11749
10352
9896
7687
8733
10563
9146
9302
10048
8552
9584
7944
9585
8311
10036
9977
8239
8143
9186
11300
9089
9039
9677
10868
9326
8941
9598
8414
10212
12423
9852
9071
11379
9681
10766
10320
9923
8772
9914
9173
8450
10602
9455
9798
11569
8238
9058
9797
9190
8726
8797
10696
11251
9925
10566
8540
9156
8352
9244
9734
9882
9625
9577
10085
9639
9190
9136
10762
9238
8802
9006
7959
10785
10239
8067
7944
10153
9734
8808
8373
9896
8703
9618
7900
9148
9323
10488
9983
8273
9506
10191
8325
9326
8531
9033
9226
8748
8700
10348
9583
9701
9178
11320
10379
9262
11498
10736
10756
11198
9744
8586
9591
11163
10469
11140
9257
9176
11261
10590
7638
9004
8993
10831
10090
10191
8994
8890
8119
9130
9286
8773
8982
9839
8400
9997
10364
10595
10219
10167
10067
9915
8808
9624
9432
10830
8318
11930
9868
10618
10279
9762
10269
10775
9945
9825
9767
8730
8464
10062
10189
9676
9249
10200
9551
9453
10120
10674
10335
9140
9419
9150
8932
10874
10182
8954
9476
9766
9472
11396
7506
10848
8982
10128
9753
10670
11337
9633
9542
9542
9509
11377
8661
8785
7925
9110
10472
11026
9231
8566
9273
9386
8939
10817
9345
9432
9514
9176
8304
10347
9079
10079
7864
9985
9125
10465
10127
9799
8497
9828
8549
9828
8408
9189
10029
10279
7506
8823
8412
9345
9374
10760
9841
9140
9324
10335
11229
8630
10282
10438
9985
10306
10097
8440
9906
9457
10443
9454
9945
9445
9148
9440
9400
9629
9476
8334
8703
8250
9285
9854
10238
10074
9091
9848
10048
9445
9685
9965
9950
8914
9320
9161
9313
8936
9289
10737
8997
8670
8560
8831
8776
9148
8819
8945
8189
9077
8302
10098
8010
8900
10741
10930
9471
11301
11978
9588
10366
9215
10126
9150
10420
10422
8994
9696
10936
12193
9998
9740
9602
10322
10704
8712
12214
9516
9661
8525
9190
10055
8668
10395
10621
9776
7469
7511
7469
10015
8837
10733
9801
8446
9103
7943
10546
8472
10417
9221
9493
9340
9327
9782
9429
8825
9888
9920
9550
8996
11715
9072
8284
7867
9037
8429
8937
10703
9340
9655
8415
9103
11411
9383
8049
10199
9289
9763
8839
10000
10238
9413
8625
9397
11259
8391
9152
9557
9872
9651
8812
9901
10144
9071
10764
9705
8733
9078
9784
9065
9872
9012
9161
10376
9253
9281
10305
8376
9807
8941
9343
9770
8374
9106
8648
7945
9175
10849
10796
8939
8636
9273
10163
11020
9801
9653
8325
9787
10943
9074
10715
9853
9339
9446
9313
8052
9698
10232
10167
7852
12534
9985
11320
9308
11047
8785
8923
9567
9807
12548
8485
8989
9995
10675
9935
8982
9127
9267
11266
8910
10779
7766
8978
8359
10161
11462
7638
10150
8147
8996
10101
12251
9687
10897
10035
10591
8979
8699
9812
11957
9418
9349
9705
10119
10039
7867
10524
7559
9884
8799
9693
8689
10084
9293
9551
9448
9606
8309
9448
9848
10175
10301
8755
9438
10633
10348
9475
10099
10860
8279
10238
8498
10298
10145
9559
9948
8142
8266
9770
8277
8586
8866
10161
10013
9694
8984
8853
9701
9551
10696
9254
8720
8985
10114
8376
8621
8802
9721
9567
9732
9859
9256
10142
9628
9807
11377
8203
8811
7600
8661
10340
9709
8626
10070
10435
9760
9895
12837
8874
9951
9681
10920
9664
10556
9415
9019
10547
8122
9668
9323
8215
9627
10257
9011
8761
11523
9086
10770
9339
9849
10280
11351
9201
10381
9820
10001
10840
9772
9323
9680
8264
10010
10449
10463
9593
9825
8209
10035
7677
8167
8207
9810
9527
7716
10177
9474
8634
9980
10021
8236
9134
11891
9747
8897
9509
10975
9294
8881
8272
8316
9711
10726
9790
8947
9400
8620
12626
9450
8862
9291
8616
10154
9141
9523
9125
7101
9718
11250
8963
10900
11468
10776
9746
10445
9851
8942
9391
9357
8264
9622
8481
10013
8257
10312
10472
10142
7767
9747
9308
9736
9418
8141
10226
8893
10719
9579
10035
8209
10595
9738
12184
7669
10195
9626
9557
8049
9532
9241
10783
9325
9660
9635
7293
8733
9909
9718
10110
9773
9144
7506
8396
8010
9725
9734
8993
9136
9726
9490
10227
9205
7517
9880
10528
9896
8548
9760
8421
9844
10887
9344
8654
8112
8420
11139
7649
10713
10082
9683
8945
8989
9462
9750
8948
7831
9037
9532
10802
10726
9243
10179
8586
11187
9381
10200
9877
9711
10643
11233
9510
10566
10208
7506
7562
8728
9351
10523
9876
8860
10763
10096
9018
7950
9630
11236
9103
8607
9219
9986
9270
8728
9495
9406
9705
10399
8899
9901
9294
9134
9767
9933
7842
8981
8978
10726
9925
8936
10225
9884
8192
11118
8438
12441
9936
11171
10896
8548
9088
9429
9584
10070
7731
9882
9492
9860
11021
10199
9690
9273
7767
8545
9462
8335
9576
9553
9654
9226
8670
9760
11442
9127
10508
10367
11526
9108
9253
9229
8941
10211
7384
9410
9109
9567
10258
10072
9462
9949
9045
10425
9351
8651
10220
11510
9313
9241
8901
9474
10551
9596
9567
9252
10307
9037
10323
10476
9369
8699
10351
10559
9994
10191
9582
8531
9209
7861
9030
10570
9071
8041
9318
10691
9915
9671
9243
8049
9357
8888
10138
8496
11516
8683
9182
8497
8082
9975
11229
8872
11268
9449
9726
9855
10292
8140
10817
8974
9229
10467
8236
8630
10622
11490
8755
9726
9860
8258
10954
9698
9324
8391
9344
8140
8008
9231
7766
8656
9828
10100
9223
8512
10447
9288
10837
8155
9160
9234
9766
8947
9323
10374
9551
9178
9718
7830
10450
9370
8964
8304
9537
9257
10661
7845
9222
8419
9897
10353
8126
9660
9189
12883
7531
9778
10156
9463
8630
7716
8775
9240
9740
