1199138
688501
521199
428695
372187
330495
312068
281966
268865
258755
239449
246802
213878
207397
207884
196565
198859
184058
195833
190055
172752
179958
186943
176737
175420
160041
163321
183389
159811
162780
164999
168146
158976
164051
176375
161497
146855
152338
151106
145589
143537
153499
150987
146451
153239
148164
146883
144469
140449
148767
146460
147305
150083
153379
141328
145998
140492
134077
141569
149410
143196
129190
128827
148767
144514
131587
152924
146893
149468
127333
126532
141101
127121
143957
136513
137743
134165
137611
126744
141295
138173
131123
130358
118371
125947
126391
142214
140253
130188
127720
118422
131808
123421
127113
126872
128352
119850
118910
128945
128582
122257
124222
127493
128595
129049
137994
119463
134969
123993
129675
119892
132946
115627
117828
138028
130895
122212
126113
124243
130820
120333
129360
132269
125143
132404
126223
117710
117260
118799
128353
127843
125659
129360
117537
122564
118247
127117
122428
123084
134794
118615
123469
119135
123385
113821
138374
107998
118971
129647
119322
118552
121658
129758
118735
133581
137720
118554
122159
132946
119114
119204
120560
112048
132900
129812
153679
134142
125599
111549
121734
128896
114715
125788
122684
124349
113182
114724
119270
118498
120959
143647
105778
128494
109018
128497
103900
134802
109962
110331
111361
123843
129121
124885
120283
117377
119350
123165
123249
107148
126949
107763
111128
125795
129156
121734
134271
117956
122219
113253
111147
134802
124134
124708
128204
121858
123165
114261
122171
123135
105575
119506
126351
119248
114874
123593
116747
122772
123899
116902
115954
103985
117668
119994
117646
123800
111147
141911
120904
131468
114298
113844
105927
107452
116608
116565
107885
112778
123628
111353
124985
118861
114406
116546
116555
118342
113532
131400
122353
134044
123885
107905
115968
110290
114575
116045
112778
123944
127400
112378
106543
122353
114164
114477
116583
111814
113914
130065
120836
124289
116580
128585
107888
127228
116995
125332
104900
114943
107955
111931
116933
109544
125332
115319
119350
118851
115709
112211
108775
139334
118224
119924
131787
113999
105137
112688
131413
124249
116120
111743
114032
122428
130727
115187
118269
123564
124986
123602
110173
122182
104800
107603
123135
114141
105432
106745
109867
117216
108026
128848
124549
124916
116268
119090
124247
122067
108588
119750
112905
128925
118901
112140
127590
118554
108400
129418
110792
114560
110362
121239
111259
117890
107949
122159
116851
119270
122972
107689
107250
126351
111743
120179
116902
123277
117313
114332
108874
110440
125964
117699
118498
123564
122819
123407
121364
119248
112378
114406
112046
113182
141409
115413
116911
117216
114724
111990
128582
114946
120135
102012
106569
118162
113821
117668
113999
119328
109673
122219
122993
127184
115058
117956
113825
109813
111664
111513
114032
124697
121080
108838
112359
109911
120694
103537
116948
125140
111954
126805
122232
133092
119697
117496
114477
100772
122182
118454
105616
114298
115725
122089
116388
114653
103394
121405
140711
115028
103900
118456
120632
118454
105976
106569
119316
104536
108775
98440
128559
119090
112001
109642
116104
109246
113802
120823
125656
117742
105110
120524
121147
103176
125097
108683
121894
113825
122190
111680
105182
112269
122171
108908
117828
112048
111814
114232
119652
99389
129574
113665
108140
121239
123277
129363
120823
105235
117903
114808
116560
119994
114037
116580
112688
111205
117015
117903
112378
106331
114141
107318
117042
122257
111386
126657
115940
115704
120371
109914
103394
125652
116527
109046
114406
114252
121065
117015
116060
116060
105976
114502
125218
111196
118224
116580
118092
109468
117733
113938
112992
108679
119040
108766
121356
108004
113972
122591
111688
111990
116565
120959
122224
119204
114975
116318
114367
108766
105916
108679
111990
106692
113791
124293
109212
114813
105406
112778
111058
127271
108874
115322
108140
111259
106453
120665
130005
110290
128840
124986
110440
109729
119495
118982
120104
121734
121341
111353
113385
122544
111743
113807
117202
114405
114763
106034
122385
110418
113787
123407
107148
114232
117650
105976
118552
113931
116432
136351
116015
109132
110123
115076
119270
120904
129121
108246
120904
113802
121364
111864
120560
103900
114575
110007
107567
127184
104536
106076
110792
114226
115520
109246
117180
112230
116302
111946
106652
110418
127574
112140
107277
117675
116509
104539
111353
105608
104859
112303
112458
107949
110792
120665
114763
115894
127400
119697
108722
105055
116060
123072
129726
114502
107885
111681
113310
118112
116747
112935
120930
115044
109169
106331
115089
117202
105575
115964
128827
110173
113829
109982
110169
114763
101120
115968
115058
120135
104800
111743
114794
102012
123944
109468
116509
99887
105916
116509
129388
114250
117384
114963
105189
112359
114298
128524
117180
105558
127902
118851
119996
133656
116388
139444
113787
118794
113182
108683
142461
113807
116873
106453
110792
102110
114477
103920
108140
109321
107943
123165
123135
121241
108838
115058
109982
111664
107604
114653
112508
133397
105235
110712
112190
117249
122972
111664
108722
118433
120382
123920
115061
115509
122067
112508
119040
110173
108072
109212
120104
112992
117042
109914
106331
114943
112140
117260
119697
112393
108657
139937
111353
115894
118092
103176
123735
123392
117496
109212
104435
111957
98440
117675
107522
106680
112511
118092
122567
112935
118665
110599
114502
101923
121239
99389
116412
107250
117042
105558
117742
111864
117646
116911
113829
103985
111128
124697
107603
113167
108004
113310
108265
108908
109212
104800
111688
101120
109914
117384
113821
113633
107943
110440
124476
113791
109321
113633
109673
110362
110290
118735
126391
123701
127519
120150
103394
116412
114975
120527
115968
115322
123072
113844
112046
104539
103920
108246
115058
109132
112905
125333
104435
108265
116045
96518
117260
119994
117202
123007
116933
115016
116412
105608
113914
107943
113999
108679
116135
114406
107318
118342
115089
107689
113456
117675
105406
110418
118615
123495
114250
106797
107955
106543
115894
117426
109046
114794
109468
111688
114367
111814
107943
107277
113385
108246
115725
107250
136866
112378
126744
108838
107604
104900
108874
117646
114477
121065
107009
100772
110792
128430
116560
105055
111946
117015
119328
105182
124186
117377
118982
116527
126255
111058
114943
123407
99389
117015
107955
112359
124289
113791
119506
117216
122257
118794
117384
113095
105558
108968
124232
110712
115133
104859
104798
118830
110290
107452
135263
101257
108588
122596
114252
130555
116006
131808
109212
100801
108265
121245
121658
112578
104931
108657
116015
110792
105608
111251
116432
107955
111513
100801
106692
111743
116608
123206
111957
113310
105976
114943
118456
112140
108683
124877
120930
111680
116995
115509
125935
102110
111196
105406
123165
113385
105482
103920
106680
118799
120527
114763
108026
104931
113931
110710
111743
136903
108679
109246
117646
105055
113690
110169
118554
120135
108968
117180
112992
115058
120283
107452
114261
116188
118028
105432
114046
96518
109046
126949
111931
113310
107452
109087
115985
101257
111549
119316
123885
122171
106749
121080
112992
99887
115512
109321
105482
107885
101923
116060
112190
108584
104931
112935
113931
139776
99887
113095
111251
109018
122224
116823
107250
117313
118342
113665
125656
114808
105189
122593
104435
110712
118830
105778
108584
109729
125795
109422
98259
104435
102110
123158
127663
102110
117180
130994
111946
111549
128497
110169
110599
122593
114046
121734
134465
115725
118269
120371
111743
107905
115985
111688
112230
133259
108584
107496
110710
96303
117015
113456
96518
115709
124584
107368
116086
103176
107318
109962
111946
110710
108766
123204
108588
114032
116555
114141
101827
103900
118615
113095
117202
109642
109729
109382
123272
112269
106680
117015
117275
101827
106692
123800
112080
115061
111680
107522
107496
105616
109246
116006
116527
108968
121356
123407
112904
109813
123800
115964
125659
110440
109321
100367
109914
117313
109046
111386
114963
116412
112904
108950
116583
103537
116823
122428
105055
103537
115985
113787
108140
106331
118552
109673
117742
117956
103985
126494
104859
106065
101923
114367
109962
125599
116302
108874
112190
111954
106692
132909
118162
125656
122420
117798
114975
110169
118982
111353
120333
114946
109544
125935
113114
105616
119300
106065
112269
108584
113807
104536
118112
108004
121099
120836
114808
126494
101016
117045
105916
109212
115985
117742
118028
111549
107567
106569
122193
112458
105976
115058
107949
121294
111864
103176
109813
108722
103176
117496
116527
113829
116412
105482
111990
107522
116546
108775
107452
104900
118224
122044
105916
120959
112303
119510
109321
124293
103394
111205
124232
106797
113114
108400
107250
116432
117202
131121
109642
108657
123084
114761
144445
100801
113633
115627
106543
111864
107949
105110
109169
129520
112386
130752
112511
111743
108248
116527
108722
119652
107689
122209
113167
111128
112393
121405
108968
112046
120354
106034
109382
111680
121012
113385
112393
114502
116045
119300
112458
118830
112935
105558
109422
108766
105432
111954
112080
109982
105137
110710
100367
122972
107836
111205
115187
106076
128352
110712
106065
115709
123421
107496
109087
130555
100367
106745
115044
117699
116412
114046
122157
115058
108722
116546
112905
117521
124639
111058
110169
108838
105137
105482
109422
120684
108248
114653
105055
109382
114560
108950
103920
116388
122067
110223
121364
111957
106034
111128
116509
118901
107250
134803
119270
111680
103176
114405
108584
118162
106065
115133
123392
106749
112578
108722
115076
118851
113456
109982
122591
108584
112578
106076
110599
109914
108908
105432
107277
124134
112578
109132
123602
117650
110710
106749
112230
115985
101923
123610
109673
107604
116302
127165
105575
113791
113665
114715
115029
105616
109169
113825
108657
120632
114046
109673
108026
116948
116432
113456
113802
114975
102012
105976
111743
116086
101257
105608
112393
108766
113914
112190
111681
126405
106652
117496
107998
111954
112140
107009
128232
107888
96518
122706
110169
112508
140711
129838
109914
118523
114943
101016
107148
107603
118982
114477
109321
111681
101016
128414
116060
111251
108968
116555
121894
107567
110331
108838
114406
113690
117249
109673
109867
108775
111361
115704
100367
105235
120632
110331
116268
122193
117202
109813
110599
111513
106749
112458
116527
106034
104800
105235
108004
105608
104859
109642
107368
99887
106034
131647
115061
111954
113787
110331
120354
114874
108679
108968
112001
117313
118917
108657
118982
113114
138853
116388
107604
125935
119204
109382
109212
102110
116902
110223
117798
120354
111353
114808
110007
109159
110440
128594
111147
119850
112269
117313
105616
118342
115954
117710
123602
120371
116902
105137
112992
114874
109962
113821
115028
109169
116914
106453
108400
112046
109813
111681
109018
122593
123692
98259
105616
124877
107943
121406
105137
103176
111931
113938
110440
106749
119892
118971
105927
101120
107689
115029
112905
129363
128149
107888
114763
115940
126392
123920
109544
108265
117202
121894
114141
96303
101120
114261
112303
108968
100801
109321
121894
131468
119463
105182
113633
106453
111743
108265
116045
123421
109914
105927
117537
114560
108026
125143
109813
116045
116948
103537
114761
107836
111549
114037
120104
107905
107836
112578
121239
120371
122171
108968
118554
104539
112359
101257
105110
111361
119300
111259
107763
112688
100367
106331
107905
113167
110169
122385
117313
100801
115322
122353
128406
117890
107885
111549
127720
121147
109729
124697
114332
121356
105432
111386
111147
110710
112458
123084
115512
114724
98259
115704
113095
108004
118971
103920
104900
98259
113310
116546
119090
109046
115512
120836
114226
111205
114298
112230
96303
108683
109422
101923
112458
105927
110331
114653
116432
116015
109159
106652
108657
123135
106797
115985
104536
106692
109046
104435
107998
114405
111664
109382
107836
107277
106076
101120
108246
106034
115512
111957
106797
117733
110007
125599
126456
115704
104798
109911
107943
98259
105110
110169
113938
104536
114724
99887
114560
114763
110223
107905
104798
112393
113167
122948
114032
114405
125097
116432
115322
112778
114813
110223
123158
103920
106745
131787
126351
105558
113791
108838
122171
119463
112386
117180
123421
124247
109132
105406
125704
105778
106692
123392
127271
105110
123793
107604
118901
105182
112303
120354
113690
109813
115985
119983
123610
116608
112511
120382
120560
106569
105406
119045
105558
120665
116188
107496
108265
111147
111681
117646
107689
116995
104798
112688
112001
118456
110712
108950
115704
122044
114560
103394
115954
120665
103920
107452
114975
123272
110792
110362
112378
104435
114164
106680
107522
104539
115061
122220
103920
107836
122993
113167
96303
127117
106797
115076
112905
106569
107998
106797
108004
105608
112992
115413
115968
114575
115076
105235
108265
121173
110792
108004
117202
119506
105616
120179
117426
109642
109422
119652
110440
115058
112386
112778
101923
113787
120823
108140
115709
130555
119300
106065
96303
113114
117710
107763
121294
113690
117202
114046
112578
113931
105182
126466
115322
106076
109673
119506
108683
120560
103900
115725
117903
117202
105235
108588
108838
111743
120371
107522
113938
117903
101016
120150
118342
114406
122567
121241
111058
100801
107604
115187
112578
107955
129360
106797
123084
117521
128559
116060
108072
104800
116302
111931
102012
122159
126489
116086
105055
119316
109159
113901
101923
109911
122089
104859
105406
107888
119322
105406
106076
108584
103394
116268
114037
116015
107522
107763
107318
104798
113665
104931
118498
114963
108950
109813
109729
104536
111931
111386
121639
108026
119502
108265
113825
110290
109246
120150
122398
118342
109729
104931
112393
141703
115133
129675
119510
128559
113665
105189
106652
110223
105482
108246
117275
108679
119322
114808
117699
112211
122067
118615
118092
123158
101016
117733
105235
129156
103537
112001
109087
123084
114975
109246
108246
115704
112046
105110
122601
124986
99887
132767
112458
101827
117828
108248
119850
111743
107368
106680
107250
106680
107318
115089
108722
113938
107277
109813
104900
104859
124349
106797
113690
108908
122564
113665
114794
109962
105778
113385
110712
112269
121341
114946
109867
108072
111681
115016
114406
133021
109018
105916
112935
123695
111931
115044
118735
108950
105110
127462
108950
130427
110223
106749
108140
102110
106065
131121
114252
117699
115058
113787
119316
106076
115016
116188
107763
122171
99389
126338
105575
112378
122257
104900
105432
112904
101827
119892
130555
112688
117313
127729
118554
126338
114141
105482
114164
108400
115725
105189
114037
116086
122706
108588
120104
120904
119090
101016
118498
116583
110223
111513
110007
117828
132289
117521
117340
108766
116388
124186
116580
142992
103394
112935
109914
117015
122819
115016
109169
118799
103985
101016
99887
103985
111954
111196
112508
104800
108766
121894
111259
107522
118247
111680
117180
112230
111946
107943
109962
108722
111361
98440
98259
106569
117015
126405
108679
104539
109673
111864
113633
107836
110710
120047
107452
115133
105608
113114
123593
109642
113821
113665
116412
109544
120047
107955
119850
116104
108950
113938
112386
114332
110007
99389
123333
106453
110290
111259
105608
115044
117733
117180
115509
116006
101120
113791
112190
104931
128083
107689
119300
105189
108004
107689
118422
101016
107318
116104
111864
121239
113807
118665
123204
116268
120026
118092
112508
113844
115028
114164
104539
108657
112140
107763
117903
114332
104536
107885
108950
115061
115894
113690
109159
113787
112046
117537
111205
115319
118092
115954
120026
112046
123692
105575
108400
118665
107496
109382
116580
109911
120904
115319
107905
114560
111549
106797
120930
106692
108026
111513
104539
119994
106652
107998
115133
119924
108766
112386
113914
108683
108766
118700
110123
114715
112303
118371
112578
110710
124249
110599
107905
117249
107368
116555
106749
124293
104798
110712
107905
127302
111251
119510
102110
106331
111814
111386
125652
111864
105110
111353
127199
125218
113114
106331
110223
120694
113938
110223
116851
104536
111743
116302
120281
108588
112303
118615
117650
113253
115512
118269
118028
105110
107522
111664
111954
103176
112904
114715
108766
112508
101257
96518
119996
112269
109911
126507
109321
128595
107888
114975
112992
107250
107888
123800
114164
109729
107567
114232
118665
104798
98259
111251
106076
113791
122219
111814
107277
109046
117249
108140
112140
112935
117650
123800
114763
108004
107368
111513
111259
105182
116560
117015
116045
114477
119431
120665
105432
101016
107277
109982
109867
117828
111205
107763
108588
105575
117275
113829
107148
120527
106797
105575
118162
105406
99389
126949
110362
114252
122232
113931
99389
111946
114653
109018
120665
123407
107496
108584
108908
110169
107955
123965
117733
107998
116911
115044
110290
105976
108246
122067
126657
119506
114141
130005
110710
105189
109642
110173
127165
122276
110599
107604
115058
108265
108400
114046
109159
106749
113182
104798
118615
111386
105235
108246
112511
105608
105608
112080
116318
116006
116608
109544
110599
105927
111688
113253
111688
111386
114226
123249
101827
114653
115133
104539
113821
121406
113310
116823
120959
117249
107955
107603
128083
106569
124349
116933
110169
106652
117202
116302
125788
117015
107603
112778
106652
120354
109382
118112
111681
105558
115968
112458
116555
109018
111814
103985
115985
110123
108248
113532
107009
108766
96518
107567
112688
105055
117675
106745
100772
116546
111205
113456
107496
122171
108679
122232
116006
114761
123733
122193
106453
106797
107604
104931
103176
113844
115520
117377
113821
98440
112688
115133
112190
119300
113802
111058
109087
108072
123813
103394
128585
121894
106076
129796
112393
115061
120333
113167
106331
105575
105927
116851
111513
113972
114874
104800
120047
129675
98259
112359
108004
117216
112511
96303
115954
111743
98440
105482
114367
116388
108400
111205
109422
109729
113690
115076
118851
111196
109169
116747
96303
125143
128848
117828
110290
114813
112230
101923
108072
111681
123628
112140
108004
108400
107949
114261
108072
116432
114252
117180
108072
115509
107567
105137
118982
116086
111688
112140
105189
112578
104539
108657
108657
117798
120527
107496
115058
113802
113791
126456
110599
113807
115016
106453
98259
128149
103176
110123
115940
104798
120836
119644
108679
105189
108775
113456
121099
115187
113182
116911
112048
102110
114808
113972
103985
117650
104931
111664
106065
115940
116914
113114
113253
112393
118861
114332
99887
106749
115076
112190
118799
116412
108584
104435
128232
104435
108140
110173
111864
114046
106331
115985
114575
115187
113972
111205
119270
113825
118112
115985
107368
109813
114261
115627
107496
107318
110418
108265
112230
100367
123920
111549
104859
117249
109212
105482
113901
109382
107522
116851
113253
111946
118700
114477
105976
114252
116006
105558
123165
106034
121639
117675
107885
118982
123495
101120
112386
135218
109544
104859
124877
116432
109046
109382
115964
105616
108874
115968
117521
114575
121065
100367
108026
109169
108908
103537
118552
109321
140455
108265
115709
101120
107836
105558
107452
116933
117202
110792
108679
106652
98440
116823
127958
122089
115940
105182
107496
107603
108950
123664
107009
122159
116086
110169
116851
124809
118342
114724
113633
109982
104859
118901
112211
112378
105616
105778
108004
111196
114761
106076
113999
101016
117496
105189
117260
118917
116318
101257
100801
109544
112378
100367
108400
101120
120179
117275
113167
115725
101016
124232
110599
106065
110290
109087
107998
117426
122993
107277
116583
108950
119750
124584
115520
110440
130427
105575
120026
106680
106543
111259
117384
114252
96303
107885
110418
117377
101827
104900
105608
107943
109382
112508
107522
110710
111954
109159
120820
106543
105927
106652
104798
110792
116104
116060
114761
124293
107888
118554
123165
113787
105482
104800
119248
114405
108775
107888
115133
103176
118112
113095
128773
113844
107522
128458
115076
114794
113999
123204
126392
119350
107943
113310
112511
98259
114298
125097
118422
108908
109982
112378
109982
108722
114963
119892
104539
123072
124247
104435
115322
112046
118092
106652
116546
122257
117675
130160
100801
111954
108838
119316
114232
108248
116120
117384
104536
120632
116104
110173
107277
105055
126949
115089
129715
117890
118851
119983
111259
107998
113114
108908
99389
112393
114575
112140
108679
96518
108968
107522
111549
110599
108950
109018
116823
117249
111259
117675
114332
115016
118982
106680
103394
111990
112458
106569
118861
111680
117377
117973
110710
116823
115894
121858
107603
105482
116388
109544
104539
109212
112378
108950
107009
117903
107368
103394
102110
115322
111128
115954
113114
107604
105916
116948
108874
107277
108246
114874
109382
118861
96518
105976
106745
117890
116188
107949
110173
107604
105137
116412
117015
110418
110223
111386
105235
107943
118794
108722
106453
124349
114261
101016
111931
107148
106569
116873
106797
104539
112303
115028
112001
110007
112303
116560
117384
132165
111664
109468
114332
111990
123944
109422
118092
110792
104931
108968
119248
115704
100772
106652
108968
106652
124809
103394
122044
105406
104800
114405
109422
112190
103394
116086
113931
116902
117791
124293
117377
116188
113931
124186
105558
118830
119135
111743
118092
108140
105575
122193
112688
114946
124708
104859
105482
119204
122398
108026
107496
113253
109867
115133
107567
109159
107277
115061
113972
105927
111147
106453
118910
114946
113456
119502
110173
100772
114761
115187
111957
123928
116388
112359
113999
108246
117313
110792
112778
105916
122772
101827
105189
113787
117180
116555
109382
108584
119652
109867
107567
110599
116188
118700
114715
117798
121499
117710
110712
121499
123793
116933
114502
112578
114575
109962
119652
112386
125656
120930
108657
117426
116188
115061
103920
111128
111128
123385
115725
107885
99389
127590
111954
115061
129541
113633
122353
117426
113901
100772
118269
107604
108248
108400
109321
105110
120959
112140
111058
115940
109729
100801
104539
105235
117496
116580
110331
99887
108248
128739
108874
115985
105608
111946
109169
111196
111864
115187
122596
116851
110792
108766
114032
109246
116086
123920
112511
109673
116911
96303
111954
110599
122684
123993
110223
121639
110223
128896
104800
114560
109468
109544
118554
116135
107567
105406
101827
117537
119248
108140
109018
110290
96303
110331
117313
106797
116948
125332
110173
99887
115509
107496
106034
114164
109982
126500
109018
113791
114975
114141
127889
116015
115894
114141
114943
107277
112269
105558
122220
100367
117045
123165
108246
111957
112303
117733
105055
111513
118982
96518
111688
128773
117521
123602
120823
120026
113456
112080
103537
118799
104859
113999
112001
116583
123993
115954
117521
114037
109729
113901
103900
111864
105110
112905
114232
106652
117377
112508
108657
123692
120527
122596
104798
122159
103394
114332
119994
110290
127590
113114
123793
99887
112905
116560
116086
112688
107496
96303
111549
120179
111931
106745
99887
116948
114232
119204
117384
120026
115058
113665
111931
116914
111946
119983
102012
114164
114808
107567
106749
109159
101120
108775
112511
107522
113633
107888
121080
113182
108400
109321
108584
109544
123701
112269
113633
112048
111196
112211
116911
114653
109169
111386
123421
113787
108908
108026
114261
126822
99389
119697
116873
121639
123084
101827
122209
111864
117260
111688
110362
114653
112508
109911
134165
105976
108584
105110
105575
112190
117903
107943
120665
107318
114141
116948
114653
116583
107943
101257
106749
129812
120820
107250
116873
113807
110223
108838
114874
108908
113972
105182
109468
118554
112269
114164
114502
119510
113999
109673
109087
100367
120179
130325
114332
115894
117710
112511
111814
119431
107277
110007
107955
112001
116911
115509
106065
116851
105616
129520
109544
108248
108584
105055
120104
96303
113825
123800
111864
117699
106797
115187
123581
112269
117973
113310
111864
109087
105189
122353
115509
115940
102012
113114
111205
112904
109087
106543
105916
123135
101016
115029
108657
121894
125598
104536
105432
109212
104859
109729
113825
104798
118498
122190
120135
100801
113901
112001
113310
113456
114032
123333
103900
114963
111743
114794
121245
116911
108026
109962
113253
113901
113456
124243
120632
117903
108400
110712
131851
110712
111664
108246
100801
108657
105616
120783
113972
104800
105189
123565
117377
107885
111954
111743
103537
105558
114813
108400
111946
102012
120524
115058
120560
104539
122157
117890
144261
111058
108248
124885
111196
114794
112048
123084
115940
116995
108004
113167
106453
107949
108248
109212
100801
124836
99887
107496
96518
115028
112378
112378
115029
112688
117384
108140
124232
112303
111549
117216
112904
106034
122232
104435
111513
116560
111259
105927
100801
106745
106543
123628
106034
118799
106652
123965
105189
115319
109642
116135
114943
110173
112904
106749
107318
114141
116851
111205
112378
107888
108950
114405
122567
112511
118971
107522
118454
112230
124186
108838
105976
108265
109813
99887
107250
115413
112048
112458
105482
124349
112269
117903
105182
116432
98440
110710
111957
106797
112140
113802
125333
112269
119502
100367
123135
107009
129574
106745
115044
120371
113310
105432
111058
113791
104798
125947
116104
108950
118982
123084
101257
109046
111990
127360
108874
117668
105235
107689
106652
115028
118846
125599
114332
122593
113844
108683
120665
115028
103920
110331
114141
107885
120836
128384
116015
113914
110123
118224
123564
110599
105608
103900
122398
110223
108246
100367
109544
122398
120283
105137
105182
113095
105137
117015
110007
124222
137996
104435
109246
109087
117791
106034
103900
111196
109246
108874
104539
123800
112001
118247
107998
122596
111954
111946
108248
113690
119248
116268
115029
119830
121364
116268
105406
107603
106797
109729
100367
106569
112359
107567
114813
103537
109962
107905
110290
121065
111688
106692
118224
107905
109018
122420
107522
104931
115089
114963
110599
108968
101827
113802
116432
118342
117768
117742
119850
113665
107604
112190
121080
113807
105406
112905
112511
106680
107949
106543
112992
109544
112303
106034
107885
128559
113253
112230
108908
105916
117798
115725
126466
113802
111664
111128
113253
111688
109642
112992
111128
106692
106331
118112
106745
112359
117202
108246
119502
117668
107763
119040
122182
107567
113532
108968
113385
113901
115133
113665
106065
119996
111353
113167
103985
115133
122219
108657
109159
111513
109422
111361
111957
116412
126096
103900
109468
105055
108683
116933
114943
112211
119575
122190
112778
114477
107318
99389
116006
108246
108908
111957
129675
110223
112211
105189
112992
121241
108588
117828
109046
101923
112269
109911
118615
104859
118735
99887
112688
118247
109087
115520
115940
122544
117973
113310
107452
103985
119575
128149
114332
107998
111664
106692
123735
118523
106692
122596
114046
115133
111196
116995
113821
127038
113385
111128
105608
107949
113456
104536
113253
112080
111688
104931
107496
111864
115016
117710
99887
104798
104900
111196
126351
111353
107277
112269
116086
122220
114232
105778
106652
111681
115187
96518
110362
108400
113802
101827
118910
111058
108400
107496
121858
106453
100367
114575
105110
108908
112378
112140
113802
106680
113844
123944
122159
112688
114560
120836
108908
105927
105189
114405
101923
109982
107998
108584
113931
104798
127462
108072
103920
108679
109169
106680
122212
96518
111205
110712
124885
105182
107009
109544
107522
107905
105558
123735
107496
109642
115964
106034
106797
116104
119994
104931
109132
99887
101257
108004
104798
112935
109468
104435
128435
115133
113690
118498
115076
124222
107496
116045
121639
123135
117668
98259
111058
122591
129675
122044
102110
108657
107836
111931
107836
105189
109018
106749
105482
112778
109382
111196
114653
98440
113095
112001
121356
112230
101016
114261
106034
147490
115894
130005
108072
111664
117710
121499
123735
107148
106543
132483
108766
117496
113999
122010
128595
103394
116851
105406
110123
115894
128353
112935
96518
112578
107763
117699
111681
113802
108766
106543
106652
113938
105575
117742
108874
116388
117384
107689
107689
98259
104859
122193
109046
113167
112048
119510
115627
112578
112080
109046
115016
120783
108874
108766
111990
116135
113665
108246
106453
114261
112508
114405
101923
101827
105916
108908
112359
102012
99887
106745
121080
105608
106569
115029
118851
122544
105406
118735
102012
107148
121406
118371
114250
118971
121406
118861
111954
106076
125935
123385
101923
107496
112904
104435
122596
111251
120694
113791
111743
117903
114975
115704
128648
115954
107689
109132
110290
108775
107836
128524
104900
98440
111681
110599
111259
111259
99389
122684
123581
101827
108657
119994
106745
112080
109018
117973
113114
103537
107888
114164
105110
118454
111058
122157
113791
120836
112046
107009
120930
110331
123701
110440
120527
120823
106749
106076
107603
104798
113901
109642
107955
112905
103537
118700
109169
107905
105406
115509
118422
124986
115894
105110
118846
116060
112080
120354
108072
117742
123965
116268
107522
115894
107277
107496
106745
120179
109642
116135
110223
113787
115940
108026
108246
107955
108775
109468
96518
119300
109321
98440
104435
118917
120930
122591
101827
109982
105189
114502
123692
99389
107888
109813
105189
96303
114298
102110
109382
108140
117313
111251
123735
100801
114252
128594
129473
127113
115044
109046
112303
113821
117742
109382
120527
111664
113931
106680
108400
118861
116302
107009
110173
112378
112048
112458
106065
114724
123676
114226
106331
107148
119506
118554
123664
107567
114261
107763
101923
117675
103900
126405
103900
124232
117202
120836
117798
115319
130526
123538
119924
113532
114763
114298
112992
115709
111058
113385
107009
117275
99389
110007
118700
111957
112393
104539
125788
115954
119090
118901
114724
107567
108683
112378
114261
120524
123602
104798
117537
111196
106065
116268
106034
110418
111196
115964
119040
112359
105482
110418
117313
113633
106076
108265
108766
117275
109159
101827
107888
110712
116188
112458
114943
113829
109382
125964
120135
111864
114808
106076
108722
109911
113385
109132
108908
110173
109544
105137
133735
105558
113310
117180
108908
112508
117384
117742
114252
106076
118846
119135
113532
115725
109046
106680
119983
117426
122591
114037
130482
113821
115016
120632
119316
117202
112778
116188
112992
101120
124697
111251
108584
111147
108246
106652
113829
115627
107009
128945
115028
113938
113167
115894
118371
109422
101016
119495
107522
111688
128524
113807
112001
112458
106065
106065
122772
109642
113665
118799
107836
107836
106453
107885
112904
120632
104859
114813
111864
107836
109246
107888
111931
120382
105927
106797
96518
110331
108775
109729
105482
106034
120632
127889
113972
114405
114653
106749
125133
116120
108722
118247
110362
107949
117798
109018
108722
107836
107888
116015
107955
106543
108588
107567
109962
112386
104435
100367
114724
110418
107277
131587
110599
101257
117275
105608
107452
116188
123993
115413
111549
105927
114763
113821
115509
112378
118830
107763
111549
106692
105189
120428
106692
122067
109911
107689
107250
114943
111196
117791
109169
107603
112269
105608
107522
112190
105616
111957
115058
107955
111931
106680
108026
107277
130482
105432
117042
99887
106749
109246
105182
109914
105182
112905
119575
105608
109468
121341
112458
106543
112508
108072
116948
108775
103176
114332
117426
100367
118901
122010
122257
112992
105558
114653
103985
104900
110712
109321
111957
108950
113633
113456
110169
122593
107603
103537
107905
117537
96303
116318
107998
100801
114298
105916
128896
104859
109169
115061
105575
117675
108584
117496
106680
109642
118269
114367
116015
111058
111743
122182
107905
125218
107148
105137
117650
113938
124289
116933
105110
99389
110123
117798
117377
128435
112935
107888
107368
105916
120820
117496
107009
98440
115058
109159
112269
108908
104539
119270
117426
114367
105432
104859
111814
103985
114298
111743
114032
106652
103900
117180
113633
111259
108657
107955
118112
121173
114298
114250
99389
104900
109422
123007
118901
115968
106797
116560
112393
110792
105976
105182
119652
101257
112386
114715
112992
111549
96518
113665
126949
122212
102110
111990
126500
114405
113901
117699
107836
107368
118665
119328
117496
105558
113901
108683
107604
108072
113253
111814
118092
116120
106797
107496
116948
111688
117275
112048
107368
114406
114794
105182
108679
107522
104798
103985
105916
112303
111259
112378
101923
124809
107763
119994
108683
113690
114141
117384
105189
108248
106692
107567
124708
117045
124122
115061
106065
111814
108950
114874
100801
108026
107148
100772
113829
129647
113802
139857
109729
111931
117710
113844
114164
117646
117675
114046
104900
111743
115061
109729
121858
100367
123701
103985
125964
116914
119697
110169
122044
109729
113821
110440
112230
108265
110712
108072
101257
108683
109422
111353
106331
105432
107496
108072
112001
112378
108072
108246
112778
132672
115985
140327
101257
115709
109867
119322
105778
108722
98259
109159
106692
111743
106692
106692
116580
113829
116432
104800
111058
121065
118851
106797
114367
133199
103900
107943
98440
110123
105558
116560
111353
122428
109382
114332
109087
109321
107885
117791
111814
115968
118498
106745
111864
119114
123843
122232
108722
107949
107009
117973
100772
109642
108588
112688
111386
107689
106749
123277
104539
117340
116509
110331
105575
119697
112190
127228
111147
115512
107009
111990
115187
113825
114502
115319
109382
112578
101827
110223
105137
116015
113690
101257
127378
118794
110418
116388
107567
108400
109914
113807
104536
122593
111954
117042
106543
105927
109159
110123
109159
114963
113829
114037
105927
105976
104536
111680
115627
114164
112046
112935
107496
103537
123206
105608
116911
106543
107836
115029
123272
120371
123664
102110
100801
107603
123204
96303
106034
102110
105482
129520
121639
128874
107943
105189
107522
102012
110123
111990
112511
109729
112140
106331
106652
113829
114794
113807
100772
105110
113385
98440
114946
108072
121012
109544
100772
109422
106745
118552
113825
113385
112688
109729
117668
124122
107522
112359
108683
113456
110169
109962
112508
117313
105927
132324
122010
101120
112211
114761
123165
117733
114332
113914
116302
125557
111864
115413
105778
112778
108246
124697
111688
117973
109911
107836
115894
117202
120959
114715
109468
116120
107452
107452
107955
114250
115968
106797
111058
112190
112048
116873
129811
106569
109169
109982
113253
117045
109087
111680
105608
106065
112905
105482
109159
112904
116432
116823
106749
110331
106797
104539
107603
108838
115413
116851
106065
107949
121099
115058
118454
135261
113821
107496
104800
122353
114164
113532
113972
122276
116302
105916
113802
120694
107885
112511
116432
116302
99887
114794
125964
115058
116015
116412
108679
111743
107888
112303
105110
117249
112211
109867
106065
109046
123692
107689
106692
107603
111361
115413
111864
101257
103920
123392
109246
112688
114874
108968
101923
109382
109382
123204
112458
116608
103920
110792
107452
115089
111058
123885
113633
125599
119575
107689
120281
111128
109087
103176
116873
105778
110290
107496
108775
100367
114794
106076
109867
112778
107998
107763
116555
111681
112080
107368
102110
113456
112458
112190
110362
103176
124186
106065
100801
110712
112386
107604
109321
104435
107318
127169
117260
107689
122428
116902
101120
107888
111251
103176
123272
120904
123628
117426
107277
114808
114761
114560
116560
124968
107318
110418
96518
110123
108248
130555
106652
117180
108072
116045
111931
111664
111386
123407
116388
98259
131157
111128
112080
114874
116412
127165
106453
107955
115894
118665
108838
107009
107318
106749
118498
100367
116580
116120
129388
126338
118615
108722
106652
113999
115894
114477
114367
109911
113999
109382
114975
109169
123564
111196
105482
111688
113787
106749
108072
101016
108722
105558
104435
106745
116873
121294
106749
118615
106749
101827
109212
106652
117313
108722
106543
107888
114715
116509
116412
123072
113532
105137
108072
116509
107009
112508
112269
117798
109867
108775
110440
109018
120560
115133
111954
102110
111664
109046
107885
108722
127570
128595
106453
109422
100367
112303
115964
96518
105778
114332
104931
111814
119697
108026
109867
120684
112904
120959
109132
106692
105558
120333
117675
115509
118917
115725
119350
111681
110223
116388
109544
96303
111058
113633
106065
119830
105055
134039
107836
101016
114763
101016
107368
123249
123610
107567
104798
105927
112378
133168
122159
116873
124289
105608
122157
107496
105055
112048
118830
107689
113665
108722
106652
103537
108775
105608
107905
109729
113114
101257
117699
106076
115322
108248
111931
119996
116995
129726
123565
106453
103394
105406
120104
104539
119322
106076
107836
120684
114164
117015
101923
108004
107567
112458
105482
115520
116104
113821
109813
109159
116873
111205
122186
107567
128430
110792
112386
118794
125768
108950
108248
121356
109642
124981
108775
107603
109962
108265
122993
114232
114298
105235
114405
103176
120959
105608
116873
112190
114813
104798
117313
112303
100801
109212
105575
113385
125795
114232
101120
110792
108265
108950
107689
124968
107955
115709
120820
108683
101016
104859
118700
107885
117015
108400
110362
118735
108775
101120
105608
109246
113844
106034
123206
125333
109132
112303
102110
106543
110173
98440
120150
104800
107888
112904
111205
105406
113821
131469
105558
109018
106749
119830
121012
110710
114761
106749
109087
113914
109468
119114
104435
107949
119045
125704
111147
112508
116432
110223
128494
110223
119994
105182
112508
116388
119924
114761
111946
111205
108246
116948
112905
104931
113690
119204
115509
116060
105575
107522
111128
100367
111864
118371
114761
118846
109246
106745
100801
116045
109544
112378
111549
104931
115413
107604
109321
107604
117742
115968
104798
120836
107604
121080
117426
116823
107496
105235
116823
115133
118433
109813
109087
112211
109468
112378
112211
111681
109642
107955
107905
122224
114141
113787
114252
115704
111251
134814
115968
118028
133092
112359
108838
106065
114367
110418
117202
104539
110007
107943
128888
109813
108657
106745
111549
130555
111957
112230
112001
105235
99887
113787
117275
111814
104435
116060
115089
107836
117798
123944
107943
107885
105432
115413
123692
118224
106331
118456
119270
118342
107452
116015
116509
101120
102012
108246
108683
112688
113972
108968
107277
101257
112230
107943
125795
104798
105189
117249
123843
118554
107250
119431
108246
107250
110418
116268
98259
106065
114575
98259
101016
117699
101923
107943
116546
115029
107496
126822
110331
100801
114226
106680
115894
111513
117202
104435
110123
112269
126351
113095
116560
109914
115894
111251
118917
113829
123843
109018
119322
110173
105608
98440
107603
118498
114761
112269
105482
122044
113914
103176
107603
108026
112386
110710
105182
106797
112378
123564
123735
107836
105406
104900
103537
113167
109018
108775
113807
112269
120354
122190
109132
113095
111681
121658
119697
105778
107955
116583
123965
134794
111353
113972
110362
105616
111946
114032
107885
109212
113532
113167
105110
109673
106680
114946
107603
101120
114946
108766
110223
108722
119040
105916
120371
106680
103985
121499
107604
107604
109046
114794
113633
105927
121405
134549
108140
118342
138857
126952
121341
117768
110331
112211
108657
117015
113665
106569
111259
122044
106692
108874
107836
105608
111990
115985
115964
107603
115509
110223
115058
114813
124243
111513
113182
107905
112001
100772
101827
108950
122819
107949
114502
105976
117260
113456
112904
107318
116995
116086
111513
109914
104539
111128
96303
118794
112458
109087
108968
115016
104536
111931
106652
119850
118498
113821
115322
124697
112303
108265
128925
107368
99887
103537
118982
105432
100772
107943
103920
111680
109132
108722
111251
108248
103394
107452
119431
115520
109422
105406
102012
129451
96303
122684
113787
107009
110169
116565
115076
105558
108775
106076
110362
116006
128071
106680
99389
115964
105235
110223
109212
117733
109544
109982
107888
108004
106745
109132
109911
111814
129574
112190
109212
119506
118735
110362
110362
111386
112080
103394
116583
127302
115089
121858
109046
114037
123392
112386
100367
107603
122044
123385
117384
117275
117798
126113
108908
103920
107009
112303
105916
119431
107604
109159
114653
112778
122257
108838
117426
116560
109132
107148
113253
113456
111743
127165
117275
105575
107522
115089
104435
115319
113914
110710
115954
124549
119270
111251
115016
106569
115133
112080
113167
113931
98259
111864
114502
111058
123392
101923
113633
117180
99389
108838
120823
116583
104435
106034
116120
113456
115520
117180
105927
117828
107949
108874
119300
121050
110362
111128
112303
124134
110712
112230
105189
117042
106569
128497
106652
127184
115954
116933
103900
108908
113807
104859
114575
106453
108908
102012
111513
116388
127302
103176
107567
109018
104798
106797
105916
108072
111680
122684
113456
115044
120884
107763
121241
113791
107148
114232
108072
103900
110223
108766
104435
114141
113807
110331
104900
106034
116555
113385
105055
114653
115058
108004
105235
96303
109046
112269
115319
107277
113844
105406
105235
123277
116902
103394
125218
106652
120783
124697
111681
105482
103176
114653
108657
118269
115894
127574
101120
108679
111147
116527
117216
119575
110712
113532
107368
109212
114794
114261
106065
109046
99389
121173
123899
130188
116851
108908
105110
111688
124584
116608
108950
126392
111946
110007
115029
113829
112935
112211
109169
105182
116432
109729
116583
108400
115058
105927
103900
118794
115709
117768
109982
101923
114560
110007
111386
104931
107148
113807
106680
114874
107905
110007
100367
114037
107368
110290
101016
111664
109132
114943
108683
124134
107763
107368
119644
117646
101923
104539
114226
103394
120783
114332
113310
107998
108838
98259
107277
108950
103176
102012
114943
108265
114164
110290
112905
125143
106692
112211
109087
118794
116902
110440
109212
109382
116318
108265
105406
119248
112190
112386
111205
112001
110418
117768
120150
107250
111353
120684
112992
117791
117015
107368
114963
109169
112393
110712
116135
106065
128435
119248
99389
115413
116608
102110
109867
111513
106745
100367
108248
128739
114477
98259
101923
104800
126674
113938
115520
109212
107955
101827
113844
108950
105482
99389
103985
103900
109246
107567
114046
129675
107009
106680
119316
118371
100367
117377
116318
107567
108950
107763
116911
114963
111946
107763
107604
110712
108265
98259
122193
122385
115058
113802
118735
115512
117249
128406
114298
114298
116608
117710
105976
112190
113182
108874
127519
111688
128384
122420
129190
108265
115725
110223
117015
113095
109673
113938
105927
100367
114252
109212
113914
117260
111386
117903
108248
100772
111743
119892
115058
101257
105916
105235
114813
121050
108874
105482
102110
110362
107368
104798
112269
112303
109729
117313
114252
132269
110007
116006
108004
120904
120150
114874
105137
104859
113844
100772
107603
99389
104931
104539
106076
101257
121239
119644
114975
98259
125199
120632
114406
109159
113829
121239
116555
111990
111196
122089
111864
122209
105110
115985
106745
111259
106034
105976
127184
111743
116135
114226
112140
120333
115725
115725
112046
115058
106652
96303
112905
113385
104800
104859
110331
113114
112048
105137
122232
114405
117377
117650
108246
112386
112935
111743
109321
115954
111743
109729
120150
108400
122010
107009
114715
114046
109246
108950
101120
111513
105976
121099
109813
104931
111990
119652
114963
105608
111386
113802
106034
107998
115028
114232
115512
108140
115319
106692
110223
132484
105137
108248
107148
127902
117650
116412
114046
113385
109159
105235
113310
106692
122772
122089
105406
110362
109159
106692
128559
121356
114653
134145
109867
114164
109169
109422
117650
111205
118269
110007
108968
112046
108679
107885
114560
108588
105235
109544
117042
113114
113456
105182
102110
108265
108679
105137
106652
105055
111361
109382
113690
113791
112458
107689
112778
105406
103920
111681
110223
107009
121406
110173
113310
119316
111205
107763
111946
105432
115940
100367
108246
99389
104800
122593
117668
109468
111688
116565
107277
112140
105189
111251
112393
111954
109087
119350
100772
115029
106034
107603
105976
119510
120026
107148
109159
105558
109246
119316
108140
106453
115061
107452
108246
103537
101827
113787
106331
106569
118917
107943
101257
108140
101923
112001
106749
118247
120665
112508
105189
117042
108722
123392
101923
109867
111196
120281
109911
109813
116120
113999
107955
109382
111931
110123
112904
105916
123565
111259
111743
109018
110712
110173
108248
109673
118552
109867
120382
109642
116873
104800
111058
108248
101257
117202
103394
113791
106076
113532
109544
117384
104859
116995
109867
108026
116120
119996
103537
112140
111680
111688
99887
108248
117340
109867
111386
104539
105616
115319
117426
105182
120382
118917
104536
117216
109468
112303
120179
114653
130555
108265
107522
108026
108679
106680
111681
105558
113253
96303
101120
106453
114141
100367
112688
105137
108968
120428
112511
107943
113791
128497
120823
113167
105110
113456
107689
111814
108679
113532
111931
107603
112211
109018
108072
108248
113825
110599
112688
114946
106034
114232
111864
122193
106680
96303
108246
107763
109867
113901
114164
107955
115028
111205
110169
111688
110712
124697
112001
105189
116914
115968
120047
110007
117733
120333
111058
115709
109813
115704
116608
110599
106543
112080
123733
117340
117710
116948
123593
126288
101827
103176
100772
108838
103920
113825
112778
115133
113633
104900
103176
105927
107943
119652
105608
105976
109212
107905
105055
108722
106543
99887
103900
109046
108683
106331
112269
102110
105575
123944
111680
106076
104798
105778
105432
105575
106692
111688
114367
112386
117496
107943
107885
111946
114164
111743
119924
120179
112211
117377
108248
112046
105927
111688
114232
107318
108657
115061
105182
106680
113938
108657
109422
108679
111743
106569
117956
110362
109642
113253
107763
108775
111743
107250
104435
122353
115940
123072
113456
119270
120684
107603
126338
108584
123610
104800
109382
108004
115968
113844
105616
104859
111664
107689
107522
107522
127570
119850
107250
107763
109673
108584
127902
106569
118665
114946
104859
112935
112386
113802
123565
102012
114164
115061
102110
113665
109544
112378
111990
111353
116188
111549
101257
120823
111931
103985
112393
106652
113532
124885
115133
123206
112688
124809
103537
113791
98440
115029
127729
117699
106692
120179
121406
125947
106680
108968
103920
109914
119994
103537
102012
96303
112508
105189
111681
106680
108657
100772
116851
106652
124232
117699
123007
106692
122353
108950
116914
100367
115627
118112
115322
124809
104536
100367
120930
106076
118901
103985
114813
122182
103176
110712
111147
120930
107148
119850
107009
109962
106543
111931
116911
111128
130690
117537
109159
113182
113999
108874
107368
107604
122276
118665
108004
108950
113914
108004
113931
107604
125964
127378
107836
111743
108968
104798
112511
111205
111954
110418
104931
116914
118028
109159
104798
101827
114232
108588
103394
102012
112140
112778
116006
122772
107888
109962
116560
120694
116318
115413
119300
116060
101923
118700
106569
113807
113310
105110
102110
128240
114298
115061
114232
115627
115520
107452
115058
107885
106692
128435
107452
122159
105927
107496
116015
112046
120333
114252
111386
107277
112140
108026
118523
108072
122353
107836
115044
110418
106745
101923
116302
106065
112992
101257
114963
112393
119502
104931
112778
129520
107250
108246
113456
114037
111957
109087
109046
114232
105575
122420
106749
111205
114761
107604
112046
117699
114405
123695
105235
109813
118665
120047
98259
107998
114037
106692
117275
112303
107277
112211
127590
100367
119040
109169
110362
100367
105778
115061
112778
105778
105778
108584
108026
118162
125652
108246
123206
123581
109867
120665
108874
111513
121499
116302
105927
126255
108248
106692
103176
124986
105432
103537
112211
107318
96518
115725
108766
111664
105778
111931
114232
107009
116823
105575
104900
109642
120047
107888
105189
128352
107368
116104
124640
113095
102110
108838
117537
112578
111058
115512
117650
111513
103394
110331
116527
117202
105778
103985
108657
116555
102110
104900
106749
106745
108072
120884
113914
118523
101827
107836
103537
106680
107604
108950
105235
119996
115058
112378
111259
114367
115016
111664
118735
117646
125333
112511
129796
113791
105927
117973
105927
107949
114250
112190
105189
100367
107603
108775
111386
115089
113844
106543
109642
112378
127038
113787
117340
123084
107368
116851
121894
108588
117042
100772
114575
116045
110007
115704
116555
107318
112458
111361
108657
112935
103920
107885
113825
96303
98259
128103
112359
105778
122706
111386
123165
106331
113633
106745
119040
103394
119431
107888
117791
116851
123564
119463
108679
114874
111549
116580
130005
118433
101923
112508
112508
112935
112359
112080
108766
101016
119697
114141
120524
115089
105110
115704
105575
106331
109422
109159
108072
104900
108679
110440
108838
100801
116546
119431
111681
105616
112080
117668
113972
110712
115322
118861
108072
112359
113791
114763
111147
104800
105189
109914
106076
101827
122212
113791
108950
114813
114946
107522
104859
108908
116902
109159
112303
123581
118830
110331
109544
109867
109544
107603
118735
106745
107009
100801
106076
118700
109914
115512
113182
96303
112508
111058
112001
98440
111251
100801
112230
104435
106680
106065
111954
107148
105927
104435
118028
113791
112458
107009
108026
125964
112386
137994
114946
123581
106569
107603
108140
108968
106652
118861
100367
111743
108908
105778
121241
116318
114141
108265
108026
105235
105432
109914
124639
109813
117537
117260
127169
112140
98440
120428
126288
117742
113802
109729
110173
104900
118830
116823
99389
127121
100367
112269
104931
109169
116086
112393
103985
114405
107277
101827
112359
106076
116104
114575
108838
103920
112211
104931
113532
115520
113914
109246
128353
109169
111259
123385
111251
114946
101827
112269
113182
106569
107603
109132
113310
110362
113787
106034
115058
115709
110710
118269
104435
117650
116388
134282
118342
98440
111147
127519
113938
111386
117733
114560
109729
111688
108026
98259
118456
120026
110173
116914
108248
106569
105927
107603
112393
105927
111814
107318
104798
108248
99887
104435
117180
113844
117668
114808
117015
123610
107949
109422
113114
112393
106453
108683
114232
117202
104798
111680
111259
111128
114367
120333
115076
106569
108072
119495
109642
108908
107888
105608
127333
120371
108950
103985
123538
115954
114367
103920
122758
116933
122772
108072
115028
114715
116135
112778
113095
109132
121245
106076
112778
107496
114232
105189
111549
106745
120150
107009
114367
118799
111681
108679
108265
114261
109911
112080
115076
114367
107318
104798
106797
109962
107148
106543
105055
115968
107885
107250
109132
114141
108026
119040
101923
106453
113532
112230
122186
105608
130005
116911
100367
114575
112303
105916
123538
112359
123565
113821
119463
108584
110290
105575
116318
100772
118269
109468
117249
113095
108683
122593
109729
99389
113938
117668
107452
105055
104798
115187
116565
109673
114874
98440
109911
117180
116995
109914
98259
119248
111864
117791
104435
121065
128848
118456
113253
105137
114724
103920
108968
107943
119114
106692
113385
112211
108072
104900
134465
123800
114037
113825
110007
115029
111353
107763
109962
102012
110123
125557
112230
123072
120783
116302
123928
105137
108248
105558
100801
107522
120823
103537
113532
107763
108874
112046
113825
113633
103176
108004
109422
117249
107763
111386
111386
122157
107148
113310
109729
108657
110362
109468
108657
112001
122758
120333
118971
114406
107368
96303
111954
111954
111957
109046
106453
120179
102110
110418
105916
119506
112190
107368
117313
113167
111957
109246
115016
113690
117202
115058
108400
123158
117798
114332
101257
119697
107250
103985
113787
104435
114405
113167
104536
101923
117710
112190
115187
113901
106331
116135
96303
112048
105406
107949
102012
106745
114477
106680
107148
109422
109132
111353
108950
108657
115322
108657
108968
103985
111259
104536
102110
109159
105137
120371
121050
116948
121658
131689
110599
112511
109729
105055
109132
113914
108722
116060
114715
115894
111954
114252
123565
116914
102012
113690
113633
111957
105575
98440
98440
114808
121080
117015
114575
106749
120281
110173
109673
129721
107318
117216
101827
108683
112508
123602
114653
113690
114252
109159
114575
105406
107148
105432
114975
122220
113253
114032
111743
127333
120959
108908
105482
114261
118422
112778
115704
119502
111361
106692
122819
117903
109962
128595
112048
114715
107009
104539
108722
123813
116302
119996
110223
111681
115016
107277
106034
103537
122219
106453
113802
110712
113807
107277
122544
115964
104539
109544
112269
117903
115940
119506
130358
104800
115028
122212
106034
114715
109867
114032
112211
120836
119924
118615
111946
108072
107949
106652
101257
107888
120354
113825
130877
108246
111814
114715
117798
112935
119850
107009
108775
117260
107250
111128
105916
119270
109962
109246
108588
114560
107955
105558
112359
113972
115940
108584
107905
124349
96303
113182
113914
107603
105575
108072
111361
107836
117699
128414
115058
103394
106065
111128
112393
109982
113999
108968
116608
117249
111957
105916
113938
109321
104435
117045
114141
112378
121658
106076
114653
118794
101257
118422
111128
114252
107943
117956
108679
108588
122385
117202
107955
100801
112211
118700
105778
104539
128071
102110
107277
119045
104931
101827
116933
119575
109046
111814
106453
119495
115322
114141
112359
114560
109212
108657
107603
123676
103920
106749
122219
116995
98440
128793
113931
101923
112211
104859
118247
117710
113182
101827
109321
111946
105235
107250
108265
118554
107885
117015
122993
111680
105182
113938
111680
101257
119431
111664
114232
106453
112508
117045
114963
116302
122706
113385
115058
108722
121050
114813
100772
117768
110290
109212
122010
117733
104798
98259
109321
107567
107522
118799
109962
107689
105608
117791
123928
109982
109246
104435
109422
109321
118799
117646
105137
110792
104931
116873
121239
128497
111147
116388
116823
111954
105182
113972
98440
106680
111743
104900
105432
123581
114252
111814
110440
110123
107277
100367
116580
108584
114560
114367
114332
115133
123204
120047
107368
114874
125140
123602
104536
115704
115322
109169
105608
110362
120684
109673
107148
100772
107905
111664
106692
107250
106453
109422
113310
111058
111743
114943
101016
122353
115058
100772
101016
110123
118092
113253
119983
109246
115725
109169
101016
111814
105916
104798
119350
107318
109382
117768
112378
100801
113114
111251
112190
120884
108072
109132
119996
116555
108683
123277
109212
115058
101923
117710
110173
107522
114250
110169
118552
112046
107949
114261
111058
112386
112378
107522
104800
108679
114406
123385
106569
112190
115964
105137
117956
106652
99887
118523
104536
101120
119431
116432
121858
107836
114575
122993
112378
124986
107905
108400
117426
117668
101257
113310
114763
122772
116747
106065
116318
105432
119350
127493
107522
119892
115520
109914
115704
101923
108908
117742
105432
121173
107318
113791
111681
108722
105182
114653
104798
101923
105055
114813
114141
101827
107452
107603
112230
105406
111128
137996
108248
110173
108072
114232
112211
120820
109914
122232
110712
103537
123664
108838
105235
116555
112935
114405
128285
111513
105575
108588
111128
108968
105927
111386
108657
96303
127228
100772
124186
107888
123565
110599
109729
117180
115709
105432
107888
118700
109246
111549
112458
118523
103985
113802
122190
110007
109132
104798
119204
122385
104536
108874
105235
117202
107567
115322
109813
104800
118028
105182
107689
120823
105189
105182
107368
111128
115725
119300
114405
111743
113938
118028
107567
117768
111513
116045
102012
107250
122948
110169
122593
109018
104539
109673
105406
107998
118456
120665
109159
119994
116873
106692
126351
122224
113633
125133
105137
110173
112905
115058
115016
114232
118269
128406
110169
106453
107318
118028
110710
113182
121639
103985
118456
112386
116120
113791
105558
100801
117521
108775
119830
106543
112458
111386
117384
108026
107318
105575
109422
119750
105976
107949
117521
101016
111513
124584
106331
111058
106692
108683
120904
112001
117668
111957
112904
109087
108968
120047
112511
110173
113829
110007
115954
113385
99887
111361
113787
96518
118454
113385
113972
116006
119750
108683
115187
123593
114946
125097
116060
118971
113844
103537
111513
109914
107496
109914
108683
113825
120333
109382
105406
122193
115709
111743
109212
116555
103985
130690
115322
98259
108968
115076
128340
111251
114252
111664
109813
117015
105916
104539
115044
107955
119892
126405
106569
109729
117733
118269
109159
110440
109422
126952
114164
114252
115058
111259
106797
113787
114405
103394
122772
105110
100801
115044
126489
113938
128888
96303
113807
110169
108004
110792
105916
101257
106652
118846
112211
110792
112992
103394
115133
115028
127462
106692
123469
113114
107604
103537
101120
102012
107955
107689
120283
114250
106652
108400
121894
107452
107277
115413
113385
113114
109321
109468
114226
119204
107496
111990
106749
119090
107955
115985
123277
122398
107250
107885
99389
103537
112688
108908
108775
104800
103920
123676
114367
110173
106569
101257
118851
116006
106652
107452
105182
114226
106076
124985
107943
109159
100801
118092
105189
107250
116188
107604
125768
105976
103985
116268
109321
101827
113095
119644
109962
118917
106065
105482
101257
113310
124036
107955
116580
105432
112688
112935
101120
104931
117384
112458
111946
106797
116546
113665
113385
119328
122209
108683
118247
116432
109169
109642
113167
116914
109087
133593
104931
120333
111946
114298
117426
112046
106569
107949
104931
105916
116318
107905
109246
105778
108588
109132
108248
110007
111549
111361
105558
124389
118247
107009
110712
105406
104798
113310
108248
110173
107998
115319
108838
100772
119135
105558
116948
119114
118498
105055
116006
107250
101120
115964
116565
100772
117668
116120
105608
112992
109382
108246
106749
107604
108400
111196
107836
106034
100801
100367
117202
108140
112359
101827
107567
116527
113901
118523
106569
100772
111353
110331
109982
129675
119090
109867
106569
98259
108908
116432
96518
106749
112048
114298
110710
116135
100801
107943
115413
123676
108657
120150
105406
121245
107905
118092
116555
107949
107998
105482
105235
105137
108679
116388
118971
107567
105432
128414
111814
109813
116527
118700
105110
106065
109813
98440
121239
98259
112904
122353
113791
123593
114250
109673
123495
109468
123165
112992
108400
122067
111931
107250
117646
106065
119090
122948
105235
101120
106749
105182
107603
122544
105916
115894
115940
109911
116188
108588
104435
107888
105406
99389
109911
111864
114032
103176
113829
110418
117646
115058
110418
107368
109382
109813
114724
117045
108265
106453
110169
110173
106745
117742
111513
116045
120694
122067
115029
107836
105482
124036
117216
110123
115029
110418
127843
120820
108908
100367
107689
98440
105482
120354
107522
117042
106331
110223
123206
101923
123735
113802
106745
99887
123928
117668
109642
105482
110418
114261
113532
116608
107368
120694
109673
107567
118910
115016
108838
119996
109321
104900
121341
116412
111990
109729
106034
107905
122420
98259
104931
117646
113999
101827
105616
107998
107277
105406
126674
121405
118917
110290
118028
110710
118901
138634
106680
106569
111681
115509
118851
105055
112393
107836
105110
122067
111361
120684
98259
118830
105189
116412
109813
115058
101827
120665
122220
128497
106543
103900
107836
109867
101257
109673
121080
105110
124985
112001
116060
119750
104800
114046
106569
104435
108584
111361
108248
105137
116851
123701
113665
101257
117260
116546
110123
108246
107148
109544
105558
105927
130427
120959
109212
111864
108400
104859
108908
103176
110223
107522
119316
108775
113791
119045
130325
112080
118846
113787
117537
117537
101827
112080
109159
109422
123793
118799
103985
107836
100801
118422
109867
113825
109867
114477
113095
106797
105432
112190
123899
109422
100367
109544
104900
107148
121245
112378
103176
107148
116948
118498
110223
118456
107689
116432
109962
106680
114963
119495
110173
113791
113938
109867
119135
96303
110223
104435
114813
103176
105976
105608
100801
105778
105432
105558
107250
110712
132215
117260
133309
101257
118700
122209
105189
114405
114367
123993
108246
117275
107689
110418
107604
108140
114164
122220
108679
120428
107277
113787
116933
111664
112458
109046
107603
115058
103900
104539
112992
105432
115940
104859
112905
116006
105616
114261
108838
113844
105575
109246
103394
110440
107496
121245
99389
123277
106680
112378
108766
110712
114653
99389
119750
112211
106745
106745
104798
108766
99887
112904
113787
122171
104800
114724
106543
111864
108246
120354
107009
107905
108766
111990
119350
100367
116995
131808
105558
116565
108584
111954
103176
106692
98259
120820
127378
104435
117202
114575
105189
112992
109046
120281
107888
114575
118162
112992
111549
114298
100367
110169
109911
122772
113095
107763
116823
107368
109673
119135
108838
107452
106076
115509
98440
107318
114715
103985
114653
105182
116914
117377
112508
111864
118498
107009
116555
99887
109132
115894
114653
116015
122193
110712
117275
109132
105055
117973
111058
123899
109642
117496
109422
118269
104931
108004
119983
112935
117668
128458
121241
112190
107368
106034
107949
115187
110290
118830
113844
115512
114232
110169
109914
128799
112393
108838
105055
109132
115520
102110
109046
104931
114874
100367
108722
114715
114761
109914
109246
121241
113821
105182
116851
123538
115076
109169
107955
118910
116509
96518
106065
118799
117798
121147
117015
111251
123610
108004
108679
122157
115985
116914
105976
107998
107009
109422
116948
118342
116995
105558
115940
113914
132909
115322
107277
116412
109642
98440
120283
125599
107905
110792
115940
108248
112378
109422
116318
121639
109867
116580
105558
106692
108657
108950
119830
125097
103900
113914
113807
120371
119502
116120
103394
110712
118794
105976
115016
106076
108950
102110
121099
105575
105182
133869
110331
129650
123333
120150
104859
106745
108657
121499
104800
111205
109544
112140
107888
106749
121858
109132
106692
104800
113938
103537
116015
99389
108838
113829
111361
102012
117521
99887
101827
123701
106076
104536
119502
109422
101923
105055
105575
108766
118851
113385
116933
111386
112211
108838
106543
107496
106331
103537
103985
109544
111128
100772
123469
116914
105575
118224
109867
117890
119510
139692
124186
114794
112140
112386
115894
99887
122385
110123
117668
115985
108265
118456
107905
105055
105916
109914
114250
106543
109046
120783
111814
124293
107949
117180
110173
108584
105927
118917
109962
109159
109087
105406
110440
101120
105778
114261
114763
107836
113310
103537
111147
117650
106680
98259
112578
108140
108657
109169
106331
104798
114232
115076
105137
106453
107250
126096
123538
117275
102012
105189
108838
110710
119045
107318
113167
117521
105137
120836
117275
108140
101257
117377
101923
116060
120179
106680
100772
122190
104859
113821
117249
112269
129650
118851
107604
105482
115016
103176
122220
109382
103176
112303
105137
107452
111990
104859
115512
105616
107496
116086
98440
114808
104435
106453
111147
101257
128848
117828
107905
118971
108874
107567
99887
121065
122819
117340
110173
100772
118700
110223
117798
120959
112992
116933
104539
112393
114232
112211
105916
101120
114298
120281
123272
107763
101827
115058
119502
96518
103920
120836
107763
132577
107888
107368
111954
108838
106569
108766
104435
108400
107949
108908
106680
110007
106543
105432
109544
109321
114406
108026
112190
111990
119322
113844
111386
105927
116104
108248
121894
110169
108004
107522
113310
109246
108766
105137
117742
101257
104539
107148
115076
108246
108950
116873
99389
103900
117042
107496
107689
109813
105927
111361
108950
109982
107763
109813
123333
109982
113633
109159
118456
121294
113999
104536
108004
113901
116902
117275
108072
105406
112269
103900
116104
115319
119850
98259
128353
110440
106692
110712
107522
105055
107522
101120
105927
108657
106692
105558
103394
130752
106749
106692
105558
111946
112140
105235
116555
105616
111681
113310
112303
105189
111954
108838
113825
105575
105189
109132
109911
108722
113532
107604
108248
120135
98259
104798
114560
105432
115954
105055
107277
110440
107009
112904
112905
114232
111814
115413
116318
105432
129451
107009
144261
102012
96518
104536
109169
143471
120836
106569
123602
106745
105616
105778
130188
105406
106652
100367
117668
111681
113253
116580
120930
114963
107604
106797
111681
107603
112386
105406
113182
110290
107148
114560
105406
108400
118523
106569
109087
107567
105055
113167
105235
108908
106797
114575
113690
114037
112508
113532
114477
103900
98259
108400
122993
102012
106065
106331
109729
116006
107836
109729
106749
115028
106331
116995
105976
114874
121239
106652
104800
104900
118971
118092
124289
121065
113095
108246
117710
113938
114046
124247
107009
114575
111205
107250
112211
113095
116135
117249
111814
116873
110223
119850
108400
113999
109867
124389
120371
108072
107522
105575
127702
114715
113532
116560
114037
100772
105406
104859
123249
108588
105182
111931
109087
105916
119463
108588
96303
109246
98259
98259
104931
111743
112048
108004
116823
115076
116902
116933
111681
103537
113999
112386
115709
109422
112508
107452
98259
117710
108683
107318
120283
110712
117956
114813
119328
114761
118615
117956
120904
116268
115512
118162
111251
131811
117890
111957
108588
113802
105616
116995
113385
117646
109544
108265
107368
113095
109468
124122
101923
120632
105482
103394
115058
112393
123610
107836
103900
117742
108584
115954
107148
117384
113253
111931
111058
116509
112269
107148
115058
107368
114252
114761
113791
114874
114963
114261
114037
118112
120930
110362
118371
112190
120884
118851
112386
114653
109962
111681
115322
105055
111251
101923
114946
119850
113310
113167
114046
109321
127722
117828
108400
126405
118112
118433
116015
106453
106543
101257
123249
117699
111681
110710
118028
105927
109729
114715
99887
111743
103900
114813
109159
112511
108140
116388
112378
96518
98440
130188
105608
112508
105482
109169
121080
110169
128494
111353
111147
111957
110362
115627
118433
112688
108588
114502
113914
113829
115709
108140
120904
113690
107943
108679
116060
108004
113690
112778
113829
114724
111957
106076
111743
121294
101120
108908
118615
120371
107567
116933
117646
127169
100772
108838
109911
107888
111386
121173
116015
111386
111743
109642
116546
105055
110290
121499
127729
102110
108004
109729
102012
107885
114037
116135
105406
109321
125795
113829
128103
108248
113665
128071
124249
108248
108950
107009
104800
108838
121245
109169
105055
118917
103920
104435
108874
111386
103985
117650
104539
103176
112269
106692
104800
101120
108265
104900
108400
116560
108657
112080
114037
123928
113665
105189
114761
112778
110362
109813
111680
110290
108838
115725
107998
105406
113825
114032
108657
116060
120104
117537
102110
101827
120930
114715
108248
105055
100801
106034
111954
111743
117646
118342
114332
109867
114141
108722
112211
112508
122220
119510
105778
108838
115016
105182
115954
116823
124122
103394
112393
99389
116565
103394
123277
103537
116527
114226
107689
115985
108874
109046
119506
105976
105778
107888
106745
100367
112511
105778
127889
99887
109169
106749
116823
120959
120354
115028
106065
108657
103537
106680
109169
108140
101016
116412
126405
111743
107998
116120
114226
105575
103985
102012
117015
111957
111196
105927
117202
105927
96518
111205
113914
105558
137389
117015
124036
111680
105482
106065
103985
106543
119850
105235
110362
113931
114813
120047
108248
118422
108838
113802
112511
113844
103985
112080
114761
106749
117202
113825
108072
112080
109867
136271
112386
107943
118523
96303
116555
108683
109813
111931
107885
122010
107604
103176
108679
114332
108950
128406
114715
121405
111957
113938
112080
111513
107318
102110
103920
112211
105976
105110
104536
116509
114250
115413
107949
116873
109321
107522
111128
117202
98440
120820
104931
109911
110599
116412
107888
116509
120665
112269
105608
105778
120823
105778
107604
99887
105482
109018
114298
114164
123701
110792
103985
112578
114032
107998
99389
108004
104900
117890
112905
119431
115509
119045
111931
104435
103176
109914
111864
113999
127570
115016
114037
108874
104435
108588
119924
110331
111513
116565
109544
114046
106680
109673
105406
116104
101016
120333
124968
96303
128799
112140
109813
118422
112508
117668
101016
111361
109321
107496
116060
111196
104900
108950
104435
108838
113931
116583
121065
108584
115028
106065
114367
120823
105110
113253
102012
106065
116911
107905
129388
121734
112386
108588
116823
103985
114946
100772
107885
115016
121294
113253
115016
113787
119040
108400
109382
109018
107604
113532
115512
107250
111513
115940
111513
105608
105558
124293
111147
113807
109159
111196
113385
112080
98440
111688
120150
102012
110331
109673
112359
110712
121239
109046
126507
108766
115968
106797
108400
108400
111128
111196
110418
107949
120836
109982
116911
106065
122544
101827
118830
113914
109468
109018
123277
104539
109673
124639
111361
105927
114298
104435
111954
122089
119135
108246
109382
109813
105189
113844
111681
103900
117260
117699
105406
109132
121294
111931
106652
111864
106034
106034
113844
113914
108908
119994
119983
105482
119850
117015
99389
108246
125218
98440
108908
101827
101120
112378
109382
105055
115322
108246
100801
107885
112140
106543
110418
104800
104536
111205
104800
106680
114226
115954
107943
112386
107277
111864
112386
106076
108400
123206
109159
105055
112046
122044
112211
112048
107318
107318
109911
113787
106076
101016
104900
109212
102012
112190
112048
109159
106797
113182
117180
106331
112393
105558
107603
120354
113901
111954
114653
105778
116086
121294
104931
101923
116565
112359
105432
101257
102110
110290
107604
127519
117496
111196
108584
119892
123495
105406
104859
123602
107250
112001
124222
105558
113253
115509
105927
119270
108775
104539
126657
104859
110599
105432
117313
118901
110418
108026
104798
107603
108657
109914
106543
124968
117903
106034
110331
112378
104859
101120
100801
101923
112778
105976
101257
114226
115319
107836
117202
120354
105110
