1199164
688439
521214
428695
372285
330531
312053
282039
268908
258761
239501
246833
213789
207391
208001
196603
198868
184087
195821
190032
172730
179972
186890
176729
175427
160074
163348
183399
159842
162778
165012
168245
158952
164064
176357
161498
146887
152378
151101
145603
143554
153480
150983
146425
153237
148182
146864
144441
140460
148775
146488
147303
150118
153362
141285
146019
140549
134043
141625
149503
143189
129195
128797
148808
144507
131575
152913
146914
149461
127366
126515
141094
127108
143939
136508
137796
134151
137586
126714
141236
138165
131120
130369
118444
125976
126371
142206
140254
130200
127725
118373
131781
123367
127139
126917
128396
119919
118908
128953
128634
122226
124182
127506
128591
129082
138033
119442
134973
124025
129692
119950
132969
115626
117778
138078
130887
122161
126132
124264
130810
120321
129360
132336
125133
132400
126264
117662
117290
118703
128315
127773
125645
129360
117472
122553
118229
127116
122418
123041
134791
118584
123442
119134
123368
113820
138407
107977
118966
129646
119270
118553
121659
129828
118782
133680
137688
118550
122157
132969
119111
119222
120551
112042
132880
129826
153619
134110
125591
111465
121685
128841
114745
125774
122748
124347
113196
114706
119292
118485
120918
143606
105780
128489
109018
128476
103890
134823
109970
110353
111380
123786
129131
124909
120294
117385
119360
123181
123347
107148
126946
107728
111077
125817
129136
121685
134272
117972
122215
113290
111144
134823
124135
124662
128201
121888
123181
114249
122149
123147
105522
119496
126350
119275
114860
123569
116737
122708
123930
116867
115932
103982
117664
120016
117622
123780
111144
141930
120861
131522
114269
113843
105927
107477
116607
116572
107904
112840
123588
111340
124989
118857
114415
116603
116579
118332
113506
131413
122344
134034
123879
107904
115955
110338
114495
116030
112840
124021
127421
112473
106539
122344
114161
114477
116597
111802
113933
130094
120846
124247
116517
128591
107919
127306
116936
125360
104900
114898
107940
111951
116926
109491
125360
115275
119360
118885
115680
112199
108814
139395
118219
119917
131729
114013
105158
112674
131342
124263
116087
111712
114027
122418
130706
115196
118285
123592
124952
123599
110129
122193
104795
107603
123147
114082
105406
106748
109877
117199
107988
128785
124541
124916
116254
119093
124288
122070
108616
119717
112907
128922
118899
112168
127610
118550
108393
129415
110796
114532
110367
121237
111232
117887
107935
122157
116860
119292
123013
107664
107267
126350
111725
120177
116867
123278
117330
114343
108817
110419
125993
117694
118485
123592
122824
123391
121355
119275
112381
114415
112091
113196
141392
115478
116896
117199
114706
112040
128634
114982
120133
102016
106568
118119
113820
117664
114013
119330
109692
122215
123002
127188
115072
117972
113821
109815
111666
111515
114027
124673
121023
108837
112343
109911
120710
103576
116970
125161
111954
126848
122212
133150
119772
117483
114477
100782
122193
118451
105570
114269
115730
122117
116368
114628
103368
121404
140756
115018
103890
118415
120654
118451
105994
106568
119336
104523
108814
98455
128535
119093
111989
109650
116132
109213
113843
120812
125677
117711
105105
120469
121093
103187
125097
108692
121884
113821
122142
111661
105144
112288
122149
108911
117778
112042
111802
114200
119663
99350
129575
113625
108093
121237
123278
129394
120812
105177
117922
114811
116537
120016
114059
116517
112674
111204
117046
117922
112381
106348
114082
107274
117043
122226
111415
126662
115918
115793
120374
109854
103368
125684
116513
108996
114415
114248
121023
117046
116079
116079
105994
114446
125184
111157
118219
116517
118144
109452
117737
113880
113026
108670
119033
108765
121377
108010
113980
122593
111684
112040
116572
120918
122202
119222
114933
116315
114363
108765
105950
108670
112040
106686
113801
124282
109196
114752
105376
112840
111022
127199
108817
115358
108093
111232
106412
120649
129954
110338
128795
124952
110419
109733
119566
118957
120023
121685
121351
111340
113364
122572
111725
113777
117196
114359
114780
106028
122396
110435
113797
123394
107148
114200
117642
105994
118553
113922
116386
136347
115998
109101
110095
115089
119292
120861
129131
108257
120861
113843
121355
111838
120551
103890
114495
110077
107626
127188
104523
106059
110796
114264
115521
109213
117168
112206
116259
111896
106634
110435
127544
112168
107271
117667
116505
104575
111340
105624
104841
112301
112452
107935
110796
120649
114780
115948
127421
119772
108722
105062
116079
123046
129723
114446
107904
111695
113313
118111
116737
112941
120922
115004
109135
106348
115022
117231
105522
116042
128797
110129
113827
110035
110165
114780
101109
115955
115072
120133
104795
111712
114802
102016
124021
109452
116505
99889
105950
116505
129395
114283
117385
114966
105191
112343
114269
128502
117168
105534
127919
118885
119979
133659
116368
139442
113797
118823
113196
108692
142466
113777
116887
106412
110796
102116
114477
103919
108093
109294
107933
123181
123147
121240
108837
115072
110035
111666
107582
114628
112525
133485
105177
110653
112174
117240
123013
111666
108722
118436
120322
123908
115067
115461
122070
112525
119033
110129
108105
109196
120023
113026
117043
109854
106348
114898
112168
117290
119772
112373
108644
139925
111340
115948
118144
103187
123788
123383
117483
109196
104471
112006
98455
117667
107515
106750
112560
118144
122619
112941
118657
110586
114446
101921
121237
99350
116395
107267
117043
105534
117711
111838
117622
116896
113827
103982
111077
124673
107603
113144
108010
113313
108284
108911
109196
104795
111684
101109
109854
117385
113820
113632
107933
110419
124515
113801
109294
113632
109692
110367
110338
118782
126371
123708
127537
120121
103368
116395
114933
120522
115955
115358
123046
113843
112091
104575
103919
108257
115036
109101
112907
125373
104471
108284
116030
96469
117290
120016
117231
122962
116926
114967
116395
105624
113933
107933
114013
108670
116139
114415
107274
118332
115022
107664
113390
117667
105376
110435
118584
123498
114283
106796
107940
106539
115948
117367
108996
114802
109452
111684
114363
111802
107933
107271
113364
108257
115730
107267
136926
112473
126714
108837
107582
104900
108817
117622
114477
121023
107006
100782
110796
128430
116537
105062
111896
117004
119330
105144
124179
117385
118957
116513
126213
111022
114898
123391
99350
117046
107940
112343
124247
113801
119496
117199
122226
118823
117385
113093
105534
108971
124181
110653
115160
104841
104727
118885
110338
107477
135212
101240
108616
122611
114248
130582
116015
131781
109196
100785
108284
121241
121659
112540
104942
108644
115998
110796
105624
111251
116386
107940
111515
100785
106686
111725
116607
123178
112006
113313
105994
114898
118415
112168
108692
124896
120922
111661
116936
115461
125938
102116
111157
105376
123181
113364
105531
103919
106750
118703
120522
114780
107988
104942
113922
110706
111725
136891
108670
109213
117622
105062
113657
110165
118550
120133
108971
117168
113026
115036
120294
107477
114249
116116
118030
105406
114076
96469
108996
126946
111951
113313
107477
109098
115974
101240
111465
119336
123879
122149
106723
121023
113026
99889
115474
109294
105531
107904
101921
116079
112174
108559
104942
112941
113922
139772
99889
113093
111251
109018
122202
116836
107267
117330
118332
113625
125677
114811
105191
122603
104471
110653
118885
105780
108559
109733
125817
109441
98208
104471
102116
123156
127688
102116
117168
130966
111896
111465
128463
110165
110586
122603
114076
121685
134471
115730
118285
120374
111712
107904
115974
111684
112206
133261
108559
107477
110706
96317
117004
113390
96469
115680
124567
107419
116055
103187
107274
109970
111896
110706
108765
123216
108616
114027
116579
114082
101847
103890
118584
113093
117196
109650
109733
109384
123266
112288
106750
117004
117292
101847
106686
123780
112059
115067
111661
107515
107477
105570
109213
116015
116513
108971
121377
123391
112888
109815
123780
116042
125645
110419
109294
100365
109854
117330
108996
111415
114966
116395
112888
108943
116597
103576
116836
122418
105062
103576
115974
113797
108093
106348
118553
109692
117711
117972
103982
126493
104841
106093
101921
114363
109970
125591
116259
108817
112174
111954
106686
132904
118119
125677
122362
117792
114933
110165
118957
111340
120321
114982
109491
125938
113115
105570
119260
106093
112288
108559
113777
104523
118111
108010
121109
120846
114811
126493
100990
117034
105950
109196
115974
117711
118030
111465
107626
106568
122199
112452
105994
115036
107935
121287
111838
103187
109815
108722
103187
117483
116513
113827
116395
105531
112040
107515
116603
108814
107477
104900
118219
122038
105950
120918
112301
119584
109294
124282
103368
111204
124181
106796
113115
108393
107267
116386
117196
131173
109650
108644
123041
114747
144437
100785
113632
115626
106539
111838
107935
105105
109135
129563
112345
130748
112560
111725
108247
116513
108722
119663
107664
122262
113144
111077
112373
121404
108971
112091
120351
106028
109384
111661
121003
113364
112373
114446
116030
119260
112452
118885
112941
105534
109441
108765
105406
111954
112059
110035
105158
110706
100365
123013
107808
111204
115196
106059
128396
110653
106093
115680
123367
107477
109098
130582
100365
106748
115004
117694
116395
114076
122205
115072
108722
116603
112907
117412
124619
111022
110165
108837
105158
105531
109441
120651
108247
114628
105062
109384
114532
108943
103919
116368
122070
110222
121355
112006
106028
111077
116505
118899
107267
134866
119292
111661
103187
114359
108559
118119
106093
115160
123383
106723
112540
108722
115089
118885
113390
110035
122593
108559
112540
106059
110586
109854
108911
105406
107271
124135
112540
109101
123617
117642
110706
106723
112206
115974
101921
123646
109692
107582
116259
127156
105522
113801
113625
114745
115027
105570
109135
113821
108644
120654
114076
109692
107988
116970
116386
113390
113843
114933
102016
105994
111712
116055
101240
105624
112373
108765
113933
112174
111695
126366
106634
117483
107977
111954
112168
107006
128239
107919
96469
122713
110165
112525
140756
129845
109854
118457
114898
100990
107148
107603
118957
114477
109294
111695
100990
128419
116079
111251
108971
116579
121884
107626
110353
108837
114415
113657
117240
109692
109877
108814
111380
115793
100365
105177
120654
110353
116254
122199
117231
109815
110586
111515
106723
112452
116513
106028
104795
105177
108010
105624
104841
109650
107419
99889
106028
131600
115067
111954
113797
110353
120351
114860
108670
108971
111989
117330
118895
108644
118957
113115
138856
116368
107582
125938
119222
109384
109196
102116
116867
110222
117792
120351
111340
114811
110077
109157
110419
128595
111144
119919
112288
117330
105570
118332
115932
117662
123617
120374
116867
105158
113026
114860
109970
113820
115018
109135
116916
106412
108393
112042
109815
111695
109018
122603
123697
98208
105570
124896
107933
121412
105158
103187
111951
113880
110419
106723
119950
118966
105927
101109
107664
115027
112907
129394
128141
107919
114780
115918
126369
123908
109491
108284
117231
121884
114082
96317
101109
114249
112301
108971
100785
109294
121884
131522
119442
105144
113632
106412
111712
108284
116030
123367
109854
105927
117472
114532
107988
125133
109815
116030
116970
103576
114747
107808
111465
114059
120023
107904
107808
112540
121237
120374
122149
108971
118550
104575
112343
101240
105105
111380
119260
111232
107728
112674
100365
106348
107904
113144
110165
122396
117330
100785
115358
122344
128412
117887
107904
111465
127725
121093
109733
124673
114343
121377
105406
111415
111144
110706
112452
123041
115474
114706
98208
115793
113093
108010
118966
103919
104900
98208
113313
116603
119093
108996
115474
120846
114264
111204
114269
112206
96317
108692
109441
101921
112452
105927
110353
114628
116386
115998
109157
106634
108644
123147
106796
115974
104523
106686
108996
104471
107977
114359
111666
109384
107808
107271
106059
101109
108257
106028
115474
112006
106796
117737
110077
125591
126444
115793
104727
109911
107933
98208
105105
110165
113880
104523
114706
99889
114532
114780
110222
107904
104727
112373
113144
122999
114027
114359
125097
116386
115358
112840
114752
110222
123156
103919
106748
131729
126350
105534
113801
108837
122149
119442
112345
117168
123367
124288
109101
105376
125676
105780
106686
123383
127199
105105
123793
107582
118899
105144
112301
120351
113657
109815
115974
119938
123646
116607
112560
120322
120551
106568
105376
119035
105534
120649
116116
107477
108284
111144
111695
117622
107664
116936
104727
112674
111989
118415
110653
108943
115793
122038
114532
103368
115932
120649
103919
107477
114933
123266
110796
110367
112381
104471
114161
106750
107515
104575
115067
122204
103919
107808
123002
113144
96317
127116
106796
115089
112907
106568
107977
106796
108010
105624
113026
115478
115955
114495
115089
105177
108284
121173
110796
108010
117231
119496
105570
120177
117367
109650
109441
119663
110419
115036
112345
112840
101921
113797
120841
108093
115680
130582
119260
106093
96317
113115
117662
107728
121287
113657
117231
114076
112540
113922
105144
126474
115358
106059
109692
119496
108692
120551
103890
115730
117922
117231
105177
108616
108837
111712
120374
107515
113880
117922
100990
120121
118332
114415
122619
121240
111022
100785
107582
115196
112540
107940
129360
106796
123041
117412
128535
116079
108105
104795
116259
111951
102016
122157
126487
116055
105062
119336
109157
113927
101921
109911
122117
104841
105376
107919
119270
105376
106059
108559
103368
116254
114059
115998
107515
107728
107274
104727
113625
104942
118485
114966
108943
109815
109733
104523
111951
111415
121679
107988
119501
108284
113821
110338
109213
120121
122387
118332
109733
104942
112373
141702
115160
129626
119584
128535
113625
105191
106634
110222
105531
108257
117292
108670
119270
114811
117694
112199
122070
118584
118144
123156
100990
117737
105177
129136
103576
111989
109098
123041
114933
109213
108257
115793
112091
105105
122578
124952
99889
132754
112452
101847
117778
108247
119919
111725
107419
106750
107267
106750
107274
115022
108722
113880
107271
109815
104900
104841
124347
106796
113657
108911
122553
113625
114802
109970
105780
113364
110653
112288
121351
114982
109877
108105
111695
114967
114415
133032
109018
105950
112941
123747
111951
115004
118782
108943
105105
127468
108943
130396
110222
106723
108093
102116
106093
131173
114248
117694
115036
113797
119336
106059
114967
116116
107728
122149
99350
126299
105522
112473
122226
104900
105406
112888
101847
119950
130582
112674
117330
127733
118550
126299
114082
105531
114161
108393
115730
105191
114059
116055
122713
108616
120023
120861
119093
100990
118485
116597
110222
111515
110077
117778
132317
117412
117352
108765
116368
124179
116517
142994
103368
112941
109854
117046
122824
114967
109135
118703
103982
100990
99889
103982
111954
111157
112525
104795
108765
121884
111232
107515
118229
111661
117168
112206
111896
107933
109970
108722
111380
98455
98208
106568
117004
126366
108670
104575
109692
111838
113632
107808
110706
120031
107477
115160
105624
113115
123569
109650
113820
113625
116395
109491
120031
107940
119919
116132
108943
113880
112345
114343
110077
99350
123257
106412
110338
111232
105624
115004
117737
117168
115461
116015
101109
113801
112174
104942
128084
107664
119260
105191
108010
107664
118373
100990
107274
116132
111838
121237
113777
118657
123216
116254
120034
118144
112525
113843
115018
114161
104575
108644
112168
107728
117922
114343
104523
107904
108943
115067
115948
113657
109157
113797
112091
117472
111204
115275
118144
115932
120034
112091
123713
105522
108393
118657
107477
109384
116517
109911
120861
115275
107904
114532
111465
106796
120922
106686
107988
111515
104575
120016
106634
107977
115160
119917
108765
112345
113933
108692
108765
118710
110095
114745
112301
118444
112540
110706
124263
110586
107904
117240
107419
116579
106723
124282
104727
110653
107904
127271
111251
119584
102116
106348
111802
111415
125684
111838
105105
111340
127216
125184
113115
106348
110222
120710
113880
110222
116860
104523
111712
116259
120303
108616
112301
118584
117642
113290
115474
118285
118030
105105
107515
111666
111954
103187
112888
114745
108765
112525
101240
96469
119979
112288
109911
126515
109294
128591
107919
114933
113026
107267
107919
123780
114161
109733
107626
114200
118657
104727
98208
111251
106059
113801
122215
111802
107271
108996
117240
108093
112168
112941
117642
123780
114780
108010
107419
111515
111232
105144
116537
117004
116030
114477
119447
120649
105406
100990
107271
110035
109877
117778
111204
107728
108616
105522
117292
113827
107148
120522
106796
105522
118119
105376
99350
126946
110367
114248
122212
113922
99350
111896
114628
109018
120649
123391
107477
108559
108911
110165
107940
123993
117737
107977
116896
115004
110338
105994
108257
122070
126662
119496
114082
129954
110706
105191
109650
110129
127156
122266
110586
107582
115036
108284
108393
114076
109157
106723
113196
104727
118584
111415
105177
108257
112560
105624
105624
112059
116315
116015
116607
109491
110586
105927
111684
113290
111684
111415
114264
123347
101847
114628
115160
104575
113820
121412
113313
116836
120918
117240
107940
107603
128084
106568
124347
116926
110165
106634
117196
116259
125774
117046
107603
112840
106634
120351
109384
118111
111695
105534
115955
112452
116579
109018
111802
103982
115974
110095
108247
113506
107006
108765
96469
107626
112674
105062
117667
106748
100782
116603
111204
113390
107477
122149
108670
122212
116015
114747
123775
122199
106412
106796
107582
104942
103187
113843
115521
117385
113820
98455
112674
115160
112174
119260
113843
111022
109098
108105
123850
103368
128591
121884
106059
129853
112373
115067
120321
113144
106348
105522
105927
116860
111515
113980
114860
104795
120031
129692
98208
112343
108010
117199
112560
96317
115932
111712
98455
105531
114363
116368
108393
111204
109441
109733
113657
115089
118885
111157
109135
116737
96317
125133
128785
117778
110338
114752
112206
101921
108105
111695
123588
112168
108010
108393
107935
114249
108105
116386
114248
117168
108105
115461
107626
105158
118957
116055
111684
112168
105191
112540
104575
108644
108644
117792
120522
107477
115067
113843
113801
126444
110586
113777
114967
106412
98208
128141
103187
110095
115918
104727
120846
119637
108670
105191
108814
113390
121109
115196
113196
116896
112042
102116
114811
113980
103982
117642
104942
111666
106093
115918
116916
113115
113290
112373
118857
114343
99889
106723
115089
112174
118703
116395
108559
104471
128239
104471
108093
110129
111838
114076
106348
115974
114495
115196
113980
111204
119292
113821
118111
115974
107419
109815
114249
115626
107477
107274
110435
108284
112206
100365
123908
111465
104841
117240
109196
105531
113927
109384
107515
116860
113290
111896
118710
114477
105994
114248
116015
105534
123181
106028
121679
117667
107904
118957
123498
101109
112345
135218
109491
104841
124896
116386
108996
109384
115998
105570
108817
115955
117412
114495
121023
100365
107988
109135
108911
103576
118553
109294
140460
108284
115680
101109
107808
105534
107477
116926
117196
110796
108670
106634
98455
116836
127975
122117
115918
105144
107477
107603
108943
123686
107006
122157
116055
110165
116860
124796
118332
114706
113632
110035
104841
118899
112199
112381
105570
105780
108010
111157
114747
106059
114013
100990
117483
105191
117290
118895
116315
101240
100785
109491
112381
100365
108393
101109
120177
117292
113144
115730
100990
124181
110586
106093
110338
109098
107977
117367
123002
107271
116597
108943
119717
124567
115521
110419
130396
105522
120034
106750
106539
111232
117385
114248
96317
107904
110435
117385
101847
104900
105624
107933
109384
112525
107515
110706
111954
109157
120818
106539
105927
106634
104727
110796
116132
116079
114747
124282
107919
118550
123181
113797
105531
104795
119275
114359
108814
107919
115160
103187
118111
113093
128859
113843
107515
128462
115089
114802
114013
123216
126369
119360
107933
113313
112560
98208
114269
125097
118373
108911
110035
112381
110035
108722
114966
119950
104575
123046
124288
104471
115358
112091
118144
106634
116603
122226
117667
130112
100785
111954
108837
119336
114200
108247
116087
117385
104523
120654
116132
110129
107271
105062
126946
115022
129741
117887
118885
119938
111232
107977
113115
108911
99350
112373
114495
112168
108670
96469
108971
107515
111465
110586
108943
109018
116836
117240
111232
117667
114343
114967
118957
106750
103368
112040
112452
106568
118857
111661
117385
118046
110706
116836
115948
121888
107603
105531
116368
109491
104575
109196
112473
108943
107006
117922
107419
103368
102116
115358
111077
115932
113115
107582
105950
116970
108817
107271
108257
114860
109384
118857
96469
105994
106748
117887
116116
107935
110129
107582
105158
116395
117046
110435
110222
111415
105177
107933
118823
108722
106412
124347
114249
100990
111951
107148
106568
116887
106796
104575
112301
115018
111989
110077
112301
116537
117385
132172
111666
109452
114343
112040
124021
109441
118144
110796
104942
108971
119275
115793
100782
106634
108971
106634
124796
103368
122038
105376
104795
114359
109441
112174
103368
116055
113922
116867
117824
124282
117385
116116
113922
124179
105534
118885
119134
111712
118144
108093
105522
122199
112674
114967
124662
104841
105531
119222
122387
107988
107477
113290
109877
115160
107626
109157
107271
115067
113980
105927
111144
106412
118908
114982
113390
119501
110129
100782
114747
115196
112006
123918
116368
112343
114013
108257
117330
110796
112840
105950
122708
101847
105191
113797
117168
116579
109384
108559
119663
109877
107603
110586
116116
118710
114745
117792
121502
117662
110653
121502
123793
116926
114446
112540
114495
109970
119663
112345
125677
120922
108644
117367
116116
115067
103919
111077
111077
123368
115730
107904
99350
127610
111954
115067
129524
113632
122344
117367
113927
100782
118285
107582
108247
108393
109294
105105
120918
112168
111022
115918
109733
100785
104575
105177
117483
116517
110353
99889
108247
128703
108817
115974
105624
111896
109135
111157
111838
115196
122611
116860
110796
108765
114027
109213
116055
123908
112560
109692
116896
96317
111954
110586
122748
124025
110222
121679
110222
128841
104795
114532
109452
109491
118550
116139
107626
105376
101847
117472
119275
108093
109018
110338
96317
110353
117330
106796
116970
125360
110129
99889
115461
107477
106028
114161
110035
126601
109018
113801
114933
114082
127862
115998
115948
114082
114898
107271
112288
105534
122204
100365
117034
123181
108257
112006
112301
117737
105062
111515
118957
96469
111684
128859
117412
123617
120812
120034
113390
112059
103576
118703
104841
114013
111989
116597
124025
115932
117412
114059
109733
113927
103890
111838
105105
112907
114200
106634
117385
112525
108644
123697
120522
122611
104727
122157
103368
114343
120016
110338
127610
113115
123793
99889
112907
116537
116055
112674
107477
96317
111465
120177
111951
106748
99889
116970
114200
119222
117385
120034
115036
113625
111951
116916
111896
119938
102016
114161
114811
107626
106723
109157
101109
108814
112560
107515
113632
107919
121023
113196
108393
109294
108559
109491
123708
112288
113632
112042
111157
112199
116896
114628
109135
111415
123367
113797
108911
107988
114249
126835
99350
119772
116887
121679
123041
101847
122262
111838
117290
111684
110367
114628
112525
109911
134151
105994
108559
105105
105522
112174
117922
107933
120649
107274
114082
116970
114628
116597
107933
101240
106723
129826
120818
107267
116887
113777
110222
108837
114860
108911
113980
105144
109452
118550
112288
114161
114446
119584
114013
109692
109098
100365
120177
130326
114343
115948
117662
112560
111802
119447
107271
110077
107940
111989
116896
115461
106093
116860
105570
129563
109491
108247
108559
105062
120023
96317
113821
123780
111838
117694
106796
115196
123558
112288
118046
113313
111838
109098
105191
122344
115461
115918
102016
113115
111204
112888
109098
106539
105950
123147
100990
115027
108644
121884
125598
104523
105406
109196
104841
109733
113821
104727
118485
122142
120133
100785
113927
111989
113313
113390
114027
123257
103890
114966
111712
114802
121241
116896
107988
109970
113290
113927
113390
124264
120654
117922
108393
110653
131838
110653
111666
108257
100785
108644
105570
120787
113980
104795
105191
123581
117385
107904
111954
111712
103576
105534
114752
108393
111896
102016
120469
115036
120551
104575
122205
117887
144257
111022
108247
124909
111157
114802
112042
123041
115918
116936
108010
113144
106412
107935
108247
109196
100785
124890
99889
107477
96469
115018
112381
112473
115027
112674
117385
108093
124181
112301
111465
117199
112888
106028
122212
104471
111515
116537
111232
105927
100785
106748
106539
123588
106028
118703
106634
123993
105191
115275
109650
116139
114898
110129
112888
106723
107274
114082
116860
111204
112381
107919
108943
114359
122619
112560
118966
107515
118451
112206
124179
108837
105994
108284
109815
99889
107267
115478
112042
112452
105531
124347
112288
117922
105144
116386
98455
110706
112006
106796
112168
113843
125373
112288
119501
100365
123147
107006
129575
106748
115004
120374
113313
105406
111022
113801
104727
125976
116132
108943
118957
123041
101240
108996
112040
127333
108817
117664
105177
107664
106634
115018
118915
125591
114343
122603
113843
108692
120649
115018
103919
110353
114082
107904
120835
128387
115998
113933
110095
118219
123592
110586
105624
103890
122387
110222
108257
100365
109491
122387
120294
105158
105144
113093
105158
117004
110077
124182
138009
104471
109213
109098
117824
106028
103890
111157
109213
108817
104575
123780
111989
118229
107977
122611
111954
111896
108247
113657
119275
116254
115027
119823
121355
116254
105376
107603
106796
109733
100365
106568
112343
107626
114752
103576
109970
107904
110338
121023
111684
106686
118219
107904
109018
122362
107515
104942
115022
114966
110586
108971
101847
113843
116386
118332
117715
117711
119919
113625
107582
112174
121023
113777
105376
112907
112560
106750
107935
106539
113026
109491
112301
106028
107904
128535
113290
112206
108911
105950
117792
115730
126474
113843
111666
111077
113290
111684
109650
113026
111077
106686
106348
118111
106748
112343
117231
108257
119501
117664
107728
119033
122193
107626
113506
108971
113364
113927
115160
113625
106093
119979
111340
113144
103982
115160
122215
108644
109157
111515
109441
111380
112006
116395
126054
103890
109452
105062
108692
116926
114898
112199
119615
122142
112840
114477
107274
99350
116015
108257
108911
112006
129626
110222
112199
105191
113026
121240
108616
117778
108996
101921
112288
109911
118584
104841
118782
99889
112674
118229
109098
115521
115918
122572
118046
113313
107477
103982
119615
128141
114343
107977
111666
106686
123788
118457
106686
122611
114076
115160
111157
116936
113820
126973
113364
111077
105624
107935
113390
104523
113290
112059
111684
104942
107477
111838
114967
117662
99889
104727
104900
111157
126350
111340
107271
112288
116055
122204
114200
105780
106634
111695
115196
96469
110367
108393
113843
101847
118908
111022
108393
107477
121888
106412
100365
114495
105105
108911
112381
112168
113843
106750
113843
124021
122157
112674
114532
120835
108911
105927
105191
114359
101921
110035
107977
108559
113922
104727
127468
108105
103919
108670
109135
106750
122161
96469
111204
110653
124909
105144
107006
109491
107515
107904
105534
123788
107477
109650
116042
106028
106796
116132
120016
104942
109101
99889
101240
108010
104727
112941
109452
104471
128404
115160
113657
118485
115089
124182
107477
116030
121679
123147
117664
98208
111022
122593
129692
122038
102116
108644
107808
111951
107808
105191
109018
106723
105531
112840
109384
111157
114628
98455
113093
111989
121377
112206
100990
114249
106028
147492
115948
129954
108105
111666
117662
121502
123788
107148
106539
132484
108765
117483
114013
122008
128591
103368
116860
105376
110095
115948
128315
112941
96469
112540
107728
117694
111695
113843
108765
106539
106634
113880
105522
117711
108817
116368
117385
107664
107664
98208
104841
122199
108996
113144
112042
119584
115626
112540
112059
108996
114967
120787
108817
108765
112040
116139
113625
108257
106412
114249
112525
114359
101921
101847
105950
108911
112343
102016
99889
106748
121023
105624
106568
115027
118885
122572
105376
118782
102016
107148
121412
118444
114283
118966
121412
118857
111954
106059
125938
123368
101921
107477
112888
104471
122611
111251
120710
113801
111725
117922
114933
115793
128641
115932
107664
109101
110338
108814
107808
128502
104900
98455
111695
110586
111232
111232
99350
122748
123558
101847
108644
120016
106748
112059
109018
118046
113115
103576
107919
114161
105105
118451
111022
122205
113801
120846
112091
107006
120922
110353
123708
110419
120522
120812
106723
106059
107603
104727
113927
109650
107940
112907
103576
118710
109135
107904
105376
115461
118373
124952
115948
105105
118915
116079
112059
120351
108105
117711
123993
116254
107515
115948
107271
107477
106748
120177
109650
116139
110222
113797
115918
107988
108257
107940
108814
109452
96469
119260
109294
98455
104471
118895
120922
122593
101847
110035
105191
114446
123713
99350
107919
109815
105191
96317
114269
102116
109384
108093
117330
111251
123788
100785
114248
128595
129473
127139
115004
108996
112301
113820
117711
109384
120522
111666
113922
106750
108393
118857
116259
107006
110129
112381
112042
112452
106093
114706
123672
114264
106348
107148
119496
118550
123686
107626
114249
107728
101921
117667
103890
126366
103890
124181
117196
120846
117792
115275
130537
123557
119917
113506
114780
114269
113026
115680
111022
113364
107006
117292
99350
110077
118710
112006
112373
104575
125774
115932
119093
118899
114706
107626
108692
112381
114249
120469
123599
104727
117472
111157
106093
116254
106028
110435
111157
116042
119033
112343
105531
110435
117330
113632
106059
108284
108765
117292
109157
101847
107919
110653
116116
112452
114898
113827
109384
125993
120133
111838
114811
106059
108722
109911
113364
109101
108911
110129
109491
105158
133736
105534
113313
117168
108911
112525
117385
117711
114248
106059
118915
119134
113506
115730
108996
106750
119938
117367
122593
114059
130449
113820
114967
120654
119336
117196
112840
116116
113026
101109
124673
111251
108559
111144
108257
106634
113827
115626
107006
128953
115018
113880
113144
115948
118444
109441
100990
119566
107515
111684
128502
113777
111989
112452
106093
106093
122708
109650
113625
118703
107808
107808
106412
107904
112888
120654
104841
114752
111838
107808
109213
107919
111951
120322
105927
106796
96469
110353
108814
109733
105531
106028
120654
127862
113980
114359
114628
106723
125097
116087
108722
118229
110367
107935
117792
109018
108722
107808
107919
115998
107940
106539
108616
107626
109970
112345
104471
100365
114706
110435
107271
131575
110586
101240
117292
105624
107477
116116
124025
115478
111465
105927
114780
113820
115461
112381
118885
107728
111465
106686
105191
120380
106686
122070
109911
107664
107267
114898
111157
117824
109135
107603
112288
105624
107515
112174
105570
112006
115072
107940
111951
106750
107988
107271
130449
105406
117043
99889
106723
109213
105144
109854
105144
112907
119615
105624
109452
121351
112452
106539
112525
108105
116970
108814
103187
114343
117367
100365
118899
122008
122226
113026
105534
114628
103982
104900
110653
109294
112006
108943
113632
113390
110165
122603
107603
103576
107904
117472
96317
116315
107977
100785
114269
105950
128841
104841
109135
115067
105522
117667
108559
117483
106750
109650
118285
114363
115998
111022
111712
122193
107904
125184
107148
105158
117642
113880
124247
116926
105105
99350
110095
117792
117385
128404
112941
107919
107419
105950
120818
117483
107006
98455
115072
109157
112288
108911
104575
119292
117367
114363
105406
104841
111802
103982
114269
111725
114027
106634
103890
117168
113632
111232
108644
107940
118111
121173
114269
114283
99350
104900
109441
122962
118899
115955
106796
116537
112373
110796
105994
105144
119663
101240
112345
114745
113026
111465
96469
113625
126946
122161
102116
112040
126601
114359
113927
117694
107808
107419
118657
119330
117483
105534
113927
108692
107582
108105
113290
111802
118144
116087
106796
107477
116970
111684
117292
112042
107419
114415
114802
105144
108670
107515
104727
103982
105950
112301
111232
112473
101921
124796
107728
120016
108692
113657
114082
117385
105191
108247
106686
107626
124662
117034
124179
115067
106093
111802
108943
114860
100785
107988
107148
100782
113827
129646
113843
139856
109733
111951
117662
113843
114161
117622
117667
114076
104900
111712
115067
109733
121888
100365
123708
103982
125993
116916
119772
110165
122038
109733
113820
110419
112206
108284
110653
108105
101240
108692
109441
111340
106348
105406
107477
108105
111989
112473
108105
108257
112840
132644
115974
140325
101240
115680
109877
119270
105780
108722
98208
109157
106686
111712
106686
106686
116517
113827
116386
104795
111022
121023
118885
106796
114363
133197
103890
107933
98455
110095
105534
116537
111340
122418
109384
114343
109098
109294
107904
117824
111802
115955
118485
106748
111838
119111
123786
122212
108722
107935
107006
118046
100782
109650
108616
112674
111415
107664
106723
123278
104575
117352
116505
110353
105522
119772
112174
127261
111144
115474
107006
112040
115196
113821
114446
115275
109384
112540
101847
110222
105158
115998
113657
101240
127351
118823
110435
116368
107626
108393
109854
113777
104523
122603
111954
117043
106539
105927
109157
110095
109157
114966
113827
114059
105927
105994
104523
111661
115626
114161
112091
112941
107477
103576
123178
105624
116896
106539
107808
115027
123266
120374
123686
102116
100785
107603
123216
96317
106028
102116
105531
129563
121679
128841
107933
105191
107515
102016
110095
112040
112560
109733
112168
106348
106634
113827
114802
113777
100782
105105
113364
98455
114982
108105
121003
109491
100782
109441
106748
118553
113821
113364
112674
109733
117664
124179
107515
112343
108692
113390
110165
109970
112525
117330
105927
132318
122008
101109
112199
114747
123181
117737
114343
113933
116259
125586
111838
115478
105780
112840
108257
124673
111684
118046
109911
107808
115948
117196
120918
114745
109452
116087
107477
107477
107940
114283
115955
106796
111022
112174
112042
116887
129836
106568
109135
110035
113290
117034
109098
111661
105624
106093
112907
105531
109157
112888
116386
116836
106723
110353
106796
104575
107603
108837
115478
116860
106093
107935
121109
115072
118451
135260
113820
107477
104795
122344
114161
113506
113980
122266
116259
105950
113843
120710
107904
112560
116386
116259
99889
114802
125993
115072
115998
116395
108670
111712
107919
112301
105105
117240
112199
109877
106093
108996
123697
107664
106686
107603
111380
115478
111838
101240
103919
123383
109213
112674
114860
108971
101921
109384
109384
123216
112452
116607
103919
110796
107477
115022
111022
123879
113632
125591
119615
107664
120303
111077
109098
103187
116887
105780
110338
107477
108814
100365
114802
106059
109877
112840
107977
107728
116579
111695
112059
107419
102116
113390
112452
112174
110367
103187
124179
106093
100785
110653
112345
107582
109294
104471
107274
127191
117290
107664
122418
116867
101109
107919
111251
103187
123266
120861
123588
117367
107271
114811
114747
114532
116537
125022
107274
110435
96469
110095
108247
130582
106634
117168
108105
116030
111951
111666
111415
123394
116368
98208
131163
111077
112059
114860
116395
127156
106412
107940
115948
118657
108837
107006
107274
106723
118485
100365
116517
116087
129395
126299
118584
108722
106634
114013
115948
114477
114363
109911
114013
109384
114933
109135
123592
111157
105531
111684
113797
106723
108105
100990
108722
105534
104471
106748
116887
121287
106723
118584
106723
101847
109196
106634
117330
108722
106539
107919
114745
116505
116395
123046
113506
105158
108105
116505
107006
112525
112288
117792
109877
108814
110419
109018
120551
115160
111954
102116
111666
108996
107904
108722
127548
128591
106412
109441
100365
112301
116042
96469
105780
114343
104942
111802
119772
107988
109877
120651
112888
120918
109101
106686
105534
120321
117667
115461
118895
115730
119360
111695
110222
116368
109491
96317
111022
113632
106093
119823
105062
134055
107808
100990
114780
100990
107419
123347
123646
107626
104727
105927
112381
133161
122157
116887
124247
105624
122205
107477
105062
112042
118885
107664
113625
108722
106634
103576
108814
105624
107904
109733
113115
101240
117694
106059
115358
108247
111951
119979
116936
129723
123581
106412
103368
105376
120023
104575
119270
106059
107808
120651
114161
117046
101921
108010
107626
112452
105531
115521
116132
113820
109815
109157
116887
111204
122178
107626
128430
110796
112345
118823
125772
108943
108247
121377
109650
124948
108814
107603
109970
108284
123002
114200
114269
105177
114359
103187
120918
105624
116887
112174
114752
104727
117330
112301
100785
109196
105522
113364
125817
114200
101109
110796
108284
108943
107664
125022
107940
115680
120818
108692
100990
104841
118710
107904
117046
108393
110367
118782
108814
101109
105624
109213
113843
106028
123178
125373
109101
112301
102116
106539
110129
98455
120121
104795
107919
112888
111204
105376
113820
131482
105534
109018
106723
119823
121003
110706
114747
106723
109098
113933
109452
119111
104471
107935
119035
125676
111144
112525
116386
110222
128489
110222
120016
105144
112525
116368
119917
114747
111896
111204
108257
116970
112907
104942
113657
119222
115461
116079
105522
107515
111077
100365
111838
118444
114747
118915
109213
106748
100785
116030
109491
112473
111465
104942
115478
107582
109294
107582
117711
115955
104727
120846
107582
121023
117367
116836
107477
105177
116836
115160
118436
109815
109098
112199
109452
112473
112199
111695
109650
107940
107904
122202
114082
113797
114248
115793
111251
134736
115955
118030
133150
112343
108837
106093
114363
110435
117196
104575
110077
107933
128879
109815
108644
106748
111465
130582
112006
112206
111989
105177
99889
113797
117292
111802
104471
116079
115022
107808
117792
124021
107933
107904
105406
115478
123713
118219
106348
118415
119292
118332
107477
115998
116505
101109
102016
108257
108692
112674
113980
108971
107271
101240
112206
107933
125817
104727
105191
117240
123786
118550
107267
119447
108257
107267
110435
116254
98208
106093
114495
98208
100990
117694
101921
107933
116603
115027
107477
126835
110353
100785
114264
106750
115948
111515
117231
104471
110095
112288
126350
113093
116537
109854
115948
111251
118895
113827
123786
109018
119270
110129
105624
98455
107603
118485
114747
112288
105531
122038
113933
103187
107603
107988
112345
110706
105144
106796
112381
123592
123788
107808
105376
104900
103576
113144
109018
108814
113777
112288
120351
122142
109101
113093
111695
121659
119772
105780
107940
116597
123993
134791
111340
113980
110367
105570
111896
114027
107904
109196
113506
113144
105105
109692
106750
114982
107603
101109
114982
108765
110222
108722
119033
105950
120374
106750
103982
121502
107582
107582
108996
114802
113632
105927
121404
134553
108093
118332
138902
126915
121351
117715
110353
112199
108644
117046
113625
106568
111232
122038
106686
108817
107808
105624
112040
115974
116042
107603
115461
110222
115036
114752
124264
111515
113196
107904
111989
100782
101847
108943
122824
107935
114446
105994
117290
113390
112888
107274
116936
116055
111515
109854
104575
111077
96317
118823
112452
109098
108971
114967
104523
111951
106634
119919
118485
113820
115358
124673
112301
108284
128922
107419
99889
103576
118957
105406
100782
107933
103919
111661
109101
108722
111251
108247
103368
107477
119447
115521
109441
105376
102016
129452
96317
122748
113797
107006
110165
116572
115089
105534
108814
106059
110367
116015
128080
106750
99350
116042
105177
110222
109196
117737
109491
110035
107919
108010
106748
109101
109911
111802
129575
112174
109196
119496
118782
110367
110367
111415
112059
103368
116597
127271
115022
121888
108996
114059
123383
112345
100365
107603
122038
123368
117385
117292
117792
126132
108911
103919
107006
112301
105950
119447
107582
109157
114628
112840
122226
108837
117367
116537
109101
107148
113290
113390
111712
127156
117292
105522
107515
115022
104471
115275
113933
110706
115932
124541
119292
111251
114967
106568
115160
112059
113144
113922
98208
111838
114446
111022
123383
101921
113632
117168
99350
108837
120841
116597
104471
106028
116087
113390
115521
117168
105927
117778
107935
108817
119260
121048
110367
111077
112301
124135
110653
112206
105191
117043
106568
128463
106634
127188
115932
116926
103890
108911
113777
104841
114495
106412
108911
102016
111515
116368
127271
103187
107626
109018
104727
106796
105950
108105
111661
122748
113390
115004
120890
107728
121240
113801
107148
114200
108105
103890
110222
108765
104471
114082
113777
110353
104900
106028
116579
113364
105062
114628
115036
108010
105177
96317
108996
112288
115275
107271
113843
105376
105177
123278
116867
103368
125184
106634
120787
124673
111695
105531
103187
114628
108644
118285
115948
127544
101109
108670
111144
116513
117199
119615
110653
113506
107419
109196
114802
114249
106093
108996
99350
121173
123930
130200
116860
108911
105105
111684
124567
116607
108943
126369
111896
110077
115027
113827
112941
112199
109135
105144
116386
109733
116597
108393
115036
105927
103890
118823
115680
117715
110035
101921
114532
110077
111415
104942
107148
113777
106750
114860
107904
110077
100365
114059
107419
110338
100990
111666
109101
114898
108692
124135
107728
107419
119637
117622
101921
104575
114264
103368
120787
114343
113313
107977
108837
98208
107271
108943
103187
102016
114898
108284
114161
110338
112907
125133
106686
112199
109098
118823
116867
110419
109196
109384
116315
108284
105376
119275
112174
112345
111204
111989
110435
117715
120121
107267
111340
120651
113026
117824
117046
107419
114966
109135
112373
110653
116139
106093
128404
119275
99350
115478
116607
102116
109877
111515
106748
100365
108247
128703
114477
98208
101921
104795
126657
113880
115521
109196
107940
101847
113843
108943
105531
99350
103982
103890
109213
107626
114076
129626
107006
106750
119336
118444
100365
117385
116315
107626
108943
107728
116896
114966
111896
107728
107582
110653
108284
98208
122199
122396
115072
113843
118782
115474
117240
128412
114269
114269
116607
117662
105994
112174
113196
108817
127528
111684
128387
122362
129195
108284
115730
110222
117046
113093
109692
113880
105927
100365
114248
109196
113933
117290
111415
117922
108247
100782
111712
119950
115072
101240
105950
105177
114752
121048
108817
105531
102116
110367
107419
104727
112288
112301
109733
117330
114248
132336
110077
116015
108010
120861
120121
114860
105158
104841
113843
100782
107603
99350
104942
104575
106059
101240
121237
119637
114933
98208
125198
120654
114415
109157
113827
121237
116579
112040
111157
122117
111838
122262
105105
115974
106748
111232
106028
105994
127188
111725
116139
114264
112168
120321
115730
115730
112091
115072
106634
96317
112907
113364
104795
104841
110353
113115
112042
105158
122212
114359
117385
117642
108257
112345
112941
111725
109294
115932
111712
109733
120121
108393
122008
107006
114745
114076
109213
108943
101109
111515
105994
121109
109815
104942
112040
119663
114966
105624
111415
113843
106028
107977
115018
114200
115474
108093
115275
106686
110222
132484
105158
108247
107148
127919
117642
116395
114076
113364
109157
105177
113313
106686
122708
122117
105376
110367
109157
106686
128535
121377
114628
134162
109877
114161
109135
109441
117642
111204
118285
110077
108971
112091
108670
107904
114532
108616
105177
109491
117043
113115
113390
105144
102116
108284
108670
105158
106634
105062
111380
109384
113657
113801
112452
107664
112840
105376
103919
111695
110222
107006
121412
110129
113313
119336
111204
107728
111896
105406
115918
100365
108257
99350
104795
122603
117664
109452
111684
116572
107271
112168
105191
111251
112373
111954
109098
119360
100782
115027
106028
107603
105994
119584
120034
107148
109157
105534
109213
119336
108093
106412
115067
107477
108257
103576
101847
113797
106348
106568
118895
107933
101240
108093
101921
111989
106723
118229
120649
112525
105191
117043
108722
123383
101921
109877
111157
120303
109911
109815
116087
114013
107940
109384
111951
110095
112888
105950
123581
111232
111712
109018
110653
110129
108247
109692
118553
109877
120322
109650
116887
104795
111022
108247
101240
117196
103368
113801
106059
113506
109491
117385
104841
116936
109877
107988
116087
119979
103576
112168
111661
111684
99889
108247
117352
109877
111415
104575
105570
115275
117367
105144
120322
118895
104523
117199
109452
112301
120177
114628
130582
108284
107515
107988
108670
106750
111695
105534
113290
96317
101109
106412
114082
100365
112674
105158
108971
120380
112560
107933
113801
128476
120812
113144
105105
113390
107664
111802
108670
113506
111951
107603
112199
109018
108105
108247
113821
110586
112674
114982
106028
114200
111838
122199
106750
96317
108257
107728
109877
113927
114161
107940
115018
111204
110165
111684
110653
124673
111989
105191
116916
115955
120031
110077
117737
120321
111022
115680
109815
115793
116607
110586
106539
112059
123775
117352
117662
116970
123569
126296
101847
103187
100782
108837
103919
113821
112840
115160
113632
104900
103187
105927
107933
119663
105624
105994
109196
107904
105062
108722
106539
99889
103890
108996
108692
106348
112288
102116
105522
124021
111661
106059
104727
105780
105406
105522
106686
111684
114363
112345
117483
107933
107904
111896
114161
111712
119917
120177
112199
117385
108247
112091
105927
111684
114200
107274
108644
115067
105144
106750
113880
108644
109441
108670
111725
106568
117972
110367
109650
113290
107728
108814
111712
107267
104471
122344
115918
123046
113390
119292
120651
107603
126299
108559
123646
104795
109384
108010
115955
113843
105570
104841
111666
107664
107515
107515
127548
119919
107267
107728
109692
108559
127919
106568
118657
114982
104841
112941
112345
113843
123581
102016
114161
115067
102116
113625
109491
112473
112040
111340
116116
111465
101240
120841
111951
103982
112373
106634
113506
124909
115160
123178
112674
124796
103576
113801
98455
115027
127733
117694
106686
120177
121412
125976
106750
108971
103919
109854
120016
103576
102016
96317
112525
105191
111695
106750
108644
100782
116860
106634
124181
117694
122962
106686
122344
108943
116916
100365
115626
118111
115358
124796
104523
100365
120922
106059
118899
103982
114752
122193
103187
110653
111144
120922
107148
119919
107006
109970
106539
111951
116896
111077
130721
117472
109157
113196
114013
108817
107419
107582
122266
118657
108010
108943
113933
108010
113922
107582
125993
127351
107808
111712
108971
104727
112560
111204
111954
110435
104942
116916
118030
109157
104727
101847
114200
108616
103368
102016
112168
112840
116015
122708
107919
109970
116537
120710
116315
115478
119260
116079
101921
118710
106568
113777
113313
105105
102116
128209
114269
115067
114200
115626
115521
107477
115072
107904
106686
128404
107477
122157
105927
107477
115998
112091
120321
114248
111415
107271
112168
107988
118457
108105
122344
107808
115004
110435
106748
101921
116259
106093
113026
101240
114966
112373
119501
104942
112840
129563
107267
108257
113390
114059
112006
109098
108996
114200
105522
122362
106723
111204
114747
107582
112091
117694
114359
123747
105177
109815
118657
120031
98208
107977
114059
106686
117292
112301
107271
112199
127610
100365
119033
109135
110367
100365
105780
115067
112840
105780
105780
108559
107988
118119
125684
108257
123178
123558
109877
120649
108817
111515
121502
116259
105927
126213
108247
106686
103187
124952
105406
103576
112199
107274
96469
115730
108765
111666
105780
111951
114200
107006
116836
105522
104900
109650
120031
107919
105191
128396
107419
116132
124637
113093
102116
108837
117472
112540
111022
115474
117642
111515
103368
110353
116513
117196
105780
103982
108644
116579
102116
104900
106723
106748
108105
120890
113933
118457
101847
107808
103576
106750
107582
108943
105177
119979
115072
112381
111232
114363
114967
111666
118782
117622
125373
112560
129853
113801
105927
118046
105927
107935
114283
112174
105191
100365
107603
108814
111415
115022
113843
106539
109650
112381
126973
113777
117352
123041
107419
116860
121884
108616
117043
100782
114495
116030
110077
115793
116579
107274
112452
111380
108644
112941
103919
107904
113821
96317
98208
128128
112343
105780
122713
111415
123181
106348
113632
106748
119033
103368
119447
107919
117824
116860
123592
119442
108670
114860
111465
116517
129954
118436
101921
112525
112525
112941
112343
112059
108765
100990
119772
114082
120469
115022
105105
115793
105522
106348
109441
109157
108105
104900
108670
110419
108837
100785
116603
119447
111695
105570
112059
117664
113980
110653
115358
118857
108105
112343
113801
114780
111144
104795
105191
109854
106059
101847
122161
113801
108943
114752
114982
107515
104841
108911
116867
109157
112301
123558
118885
110353
109491
109877
109491
107603
118782
106748
107006
100785
106059
118710
109854
115474
113196
96317
112525
111022
111989
98455
111251
100785
112206
104471
106750
106093
111954
107148
105927
104471
118030
113801
112452
107006
107988
125993
112345
138033
114982
123558
106568
107603
108093
108971
106634
118857
100365
111712
108911
105780
121240
116315
114082
108284
107988
105177
105406
109854
124619
109815
117472
117290
127191
112168
98455
120380
126296
117711
113843
109733
110129
104900
118885
116836
99350
127152
100365
112288
104942
109135
116055
112373
103982
114359
107271
101847
112343
106059
116132
114495
108837
103919
112199
104942
113506
115521
113933
109213
128315
109135
111232
123368
111251
114982
101847
112288
113196
106568
107603
109101
113313
110367
113797
106028
115036
115680
110706
118285
104471
117642
116368
134289
118332
98455
111144
127528
113880
111415
117737
114532
109733
111684
107988
98208
118415
120034
110129
116916
108247
106568
105927
107603
112373
105927
111802
107274
104727
108247
99889
104471
117168
113843
117664
114811
117046
123646
107935
109441
113115
112373
106412
108692
114200
117196
104727
111661
111232
111077
114363
120321
115089
106568
108105
119566
109650
108911
107919
105624
127366
120322
108943
103982
123557
115932
114363
103919
122761
116926
122708
108105
115018
114745
116139
112840
113093
109101
121241
106059
112840
107477
114200
105191
111465
106748
120121
107006
114363
118703
111695
108670
108284
114249
109911
112059
115089
114363
107274
104727
106796
109970
107148
106539
105062
115955
107904
107267
109101
114082
107988
119033
101921
106412
113506
112206
122178
105624
129954
116896
100365
114495
112301
105950
123557
112343
123581
113820
119442
108559
110338
105522
116315
100782
118285
109452
117240
113093
108692
122603
109733
99350
113880
117664
107477
105062
104727
115196
116572
109692
114860
98455
109911
117168
116936
109854
98208
119275
111838
117824
104471
121023
128785
118415
113290
105158
114706
103919
108971
107933
119111
106686
113364
112199
108105
104900
134471
123780
114059
113821
110077
115027
111340
107728
109970
102016
110095
125586
112206
123046
120787
116259
123918
105158
108247
105534
100785
107515
120841
103576
113506
107728
108817
112091
113821
113632
103187
108010
109441
117240
107728
111415
111415
122205
107148
113313
109733
108644
110367
109452
108644
111989
122761
120321
118966
114415
107419
96317
111954
111954
112006
108996
106412
120177
102116
110435
105950
119496
112174
107419
117330
113144
112006
109213
114967
113657
117196
115072
108393
123156
117792
114343
101240
119772
107267
103982
113797
104471
114359
113144
104523
101921
117662
112174
115196
113927
106348
116139
96317
112042
105376
107935
102016
106748
114477
106750
107148
109441
109101
111340
108943
108644
115358
108644
108971
103982
111232
104523
102116
109157
105158
120374
121048
116970
121659
131688
110586
112560
109733
105062
109101
113933
108722
116079
114745
115948
111954
114248
123581
116916
102016
113657
113632
112006
105522
98455
98455
114811
121023
117046
114495
106723
120303
110129
109692
129708
107274
117199
101847
108692
112525
123599
114628
113657
114248
109157
114495
105376
107148
105406
114933
122204
113290
114027
111712
127366
120918
108911
105531
114249
118373
112840
115793
119501
111380
106686
122824
117922
109970
128591
112042
114745
107006
104575
108722
123850
116259
119979
110222
111695
114967
107271
106028
103576
122215
106412
113843
110653
113777
107271
122572
116042
104575
109491
112288
117922
115918
119496
130369
104795
115018
122161
106028
114745
109877
114027
112199
120835
119917
118584
111896
108105
107935
106634
101240
107919
120351
113821
130893
108257
111802
114745
117792
112941
119919
107006
108814
117290
107267
111077
105950
119292
109970
109213
108616
114532
107940
105534
112343
113980
115918
108559
107904
124347
96317
113196
113933
107603
105522
108105
111380
107808
117694
128419
115072
103368
106093
111077
112373
110035
114013
108971
116607
117240
112006
105950
113880
109294
104471
117034
114082
112473
121659
106059
114628
118823
101240
118373
111077
114248
107933
117972
108670
108616
122396
117231
107940
100785
112199
118710
105780
104575
128080
102116
107271
119035
104942
101847
116926
119615
108996
111802
106412
119566
115358
114082
112343
114532
109196
108644
107603
123672
103919
106723
122202
116936
98455
128804
113880
101921
112199
104841
118229
117662
113196
101847
109294
111896
105177
107267
108284
118550
107904
117004
123002
111661
105144
113880
111661
101240
119447
111666
114200
106412
112525
117034
114966
116259
122713
113364
115036
108722
121048
114752
100782
117715
110338
109196
122008
117737
104727
98208
109294
107626
107515
118703
109970
107664
105624
117824
123918
110035
109213
104471
109441
109294
118703
117622
105158
110796
104942
116887
121237
128463
111144
116368
116836
111954
105144
113980
98455
106750
111712
104900
105406
123558
114248
111802
110419
110095
107271
100365
116517
108559
114532
114363
114343
115160
123216
120031
107419
114860
125161
123599
104523
115793
115358
109135
105624
110367
120651
109692
107148
100782
107904
111666
106686
107267
106412
109441
113313
111022
111712
114898
100990
122344
115072
100782
100990
110095
118144
113290
119938
109213
115730
109135
100990
111802
105950
104727
119360
107274
109384
117715
112381
100785
113115
111251
112174
120890
108105
109101
119979
116579
108692
123278
109196
115072
101921
117662
110129
107515
114283
110165
118553
112091
107935
114249
111022
112345
112381
107515
104795
108670
114415
123368
106568
112174
116042
105158
117972
106634
99889
118457
104523
101109
119447
116386
121888
107808
114495
123002
112381
124952
107904
108393
117367
117664
101240
113313
114780
122708
116737
106093
116315
105406
119360
127506
107515
119950
115521
109854
115793
101921
108911
117711
105406
121173
107274
113801
111695
108722
105144
114628
104727
101921
105062
114752
114082
101847
107477
107603
112206
105376
111077
138009
108247
110129
108105
114200
112199
120818
109854
122212
110653
103576
123686
108837
105177
116579
112941
114359
128262
111515
105522
108616
111077
108971
105927
111415
108644
96317
127261
100782
124179
107919
123581
110586
109733
117168
115680
105406
107919
118710
109213
111465
112452
118457
103982
113843
122142
110077
109101
104727
119222
122396
104523
108817
105177
117196
107626
115358
109815
104795
118030
105144
107664
120812
105191
105144
107419
111077
115730
119260
114359
111725
113880
118030
107626
117715
111515
116030
102016
107267
122999
110165
122603
109018
104575
109692
105376
107977
118415
120649
109157
120016
116887
106686
126350
122202
113632
125097
105158
110129
112907
115036
114967
114200
118285
128412
110165
106412
107274
118030
110706
113196
121679
103982
118415
112345
116087
113801
105534
100785
117412
108814
119823
106539
112452
111415
117385
107988
107274
105522
109441
119717
105994
107935
117412
100990
111465
124567
106348
111022
106686
108692
120861
111989
117664
112006
112888
109098
108971
120031
112560
110129
113827
110077
115932
113364
99889
111380
113797
96469
118451
113364
113980
116015
119717
108692
115196
123569
114982
125097
116079
118966
113843
103576
111515
109854
107477
109854
108692
113821
120321
109384
105376
122199
115680
111725
109196
116579
103982
130721
115358
98208
108971
115089
128268
111251
114248
111666
109815
117046
105950
104575
115004
107940
119950
126366
106568
109733
117737
118285
109157
110419
109441
126915
114161
114248
115072
111232
106796
113797
114359
103368
122708
105105
100785
115004
126487
113880
128879
96317
113777
110165
108010
110796
105950
101240
106634
118915
112199
110796
113026
103368
115160
115018
127468
106686
123442
113115
107582
103576
101109
102016
107940
107664
120294
114283
106634
108393
121884
107477
107271
115478
113364
113115
109294
109452
114264
119222
107477
112040
106723
119093
107940
115974
123278
122387
107267
107904
99350
103576
112674
108911
108814
104795
103919
123672
114363
110129
106568
101240
118885
116015
106634
107477
105144
114264
106059
124989
107933
109157
100785
118144
105191
107267
116116
107582
125772
105994
103982
116254
109294
101847
113093
119637
109970
118895
106093
105531
101240
113313
124060
107940
116517
105406
112674
112941
101109
104942
117385
112452
111896
106796
116603
113625
113364
119330
122262
108692
118229
116386
109135
109650
113144
116916
109098
133533
104942
120321
111896
114269
117367
112091
106568
107935
104942
105950
116315
107904
109213
105780
108616
109101
108247
110077
111465
111380
105534
124481
118229
107006
110653
105376
104727
113313
108247
110129
107977
115275
108837
100782
119134
105534
116970
119111
118485
105062
116015
107267
101109
116042
116572
100782
117664
116087
105624
113026
109384
108257
106723
107582
108393
111157
107808
106028
100785
100365
117231
108093
112343
101847
107626
116513
113927
118457
106568
100782
111340
110353
110035
129626
119093
109877
106568
98208
108911
116386
96469
106723
112042
114269
110706
116139
100785
107933
115478
123672
108644
120121
105376
121241
107904
118144
116579
107935
107977
105531
105177
105158
108670
116368
118966
107626
105406
128419
111802
109815
116513
118710
105105
106093
109815
98455
121237
98208
112888
122344
113801
123569
114283
109692
123498
109452
123181
113026
108393
122070
111951
107267
117622
106093
119093
122999
105177
101109
106723
105144
107603
122572
105950
115948
115918
109911
116116
108616
104471
107919
105376
99350
109911
111838
114027
103187
113827
110435
117622
115072
110435
107419
109384
109815
114706
117034
108284
106412
110165
110129
106748
117711
111515
116030
120710
122070
115027
107808
105531
124060
117199
110095
115027
110435
127773
120818
108911
100365
107664
98455
105531
120351
107515
117043
106348
110222
123178
101921
123788
113843
106748
99889
123918
117664
109650
105531
110435
114249
113506
116607
107419
120710
109692
107626
118908
114967
108837
119979
109294
104900
121351
116395
112040
109733
106028
107904
122362
98208
104942
117622
114013
101847
105570
107977
107271
105376
126657
121404
118895
110338
118030
110706
118899
138698
106750
106568
111695
115461
118885
105062
112373
107808
105105
122070
111380
120651
98208
118885
105191
116395
109815
115072
101847
120649
122204
128463
106539
103890
107808
109877
101240
109692
121023
105105
124989
111989
116079
119717
104795
114076
106568
104471
108559
111380
108247
105158
116860
123708
113625
101240
117290
116603
110095
108257
107148
109491
105534
105927
130396
120918
109196
111838
108393
104841
108911
103187
110222
107515
119336
108814
113801
119035
130326
112059
118915
113797
117472
117472
101847
112059
109157
109441
123793
118703
103982
107808
100785
118373
109877
113821
109877
114477
113093
106796
105406
112174
123930
109441
100365
109491
104900
107148
121241
112381
103187
107148
116970
118485
110222
118415
107664
116386
109970
106750
114966
119566
110129
113801
113880
109877
119134
96317
110222
104471
114752
103187
105994
105624
100785
105780
105406
105534
107267
110653
132217
117290
133318
101240
118710
122262
105191
114359
114363
124025
108257
117292
107664
110435
107582
108093
114161
122204
108670
120380
107271
113797
116926
111666
112452
108996
107603
115072
103890
104575
113026
105406
115918
104841
112907
116015
105570
114249
108837
113843
105522
109213
103368
110419
107477
121241
99350
123278
106750
112473
108765
110653
114628
99350
119717
112199
106748
106748
104727
108765
99889
112888
113797
122149
104795
114706
106539
111838
108257
120351
107006
107904
108765
112040
119360
100365
116936
131781
105534
116572
108559
111954
103187
106686
98208
120818
127351
104471
117196
114495
105191
113026
108996
120303
107919
114495
118119
113026
111465
114269
100365
110165
109911
122708
113093
107728
116836
107419
109692
119134
108837
107477
106059
115461
98455
107274
114745
103982
114628
105144
116916
117385
112525
111838
118485
107006
116579
99889
109101
115948
114628
115998
122199
110653
117292
109101
105062
118046
111022
123930
109650
117483
109441
118285
104942
108010
119938
112941
117664
128462
121240
112174
107419
106028
107935
115196
110338
118885
113843
115474
114200
110165
109854
128803
112373
108837
105062
109101
115521
102116
108996
104942
114860
100365
108722
114745
114747
109854
109213
121240
113820
105144
116860
123557
115089
109135
107940
118908
116505
96469
106093
118703
117792
121093
117004
111251
123646
108010
108670
122205
115974
116916
105994
107977
107006
109441
116970
118332
116936
105534
115918
113933
132904
115358
107271
116395
109650
98455
120294
125591
107904
110796
115918
108247
112473
109441
116315
121679
109877
116517
105534
106686
108644
108943
119823
125097
103890
113933
113777
120374
119501
116087
103368
110653
118823
105994
114967
106059
108943
102116
121109
105522
105144
133891
110353
129603
123257
120121
104841
106748
108644
121502
104795
111204
109491
112168
107919
106723
121888
109101
106686
104795
113880
103576
115998
99350
108837
113827
111380
102016
117412
99889
101847
123708
106059
104523
119501
109441
101921
105062
105522
108765
118885
113364
116926
111415
112199
108837
106539
107477
106348
103576
103982
109491
111077
100782
123442
116916
105522
118219
109877
117887
119584
139693
124179
114802
112168
112345
115948
99889
122396
110095
117664
115974
108284
118415
107904
105062
105950
109854
114283
106539
108996
120787
111802
124282
107935
117168
110129
108559
105927
118895
109970
109157
109098
105376
110419
101109
105780
114249
114780
107808
113313
103576
111144
117642
106750
98208
112540
108093
108644
109135
106348
104727
114200
115089
105158
106412
107267
126054
123557
117292
102016
105191
108837
110706
119035
107274
113144
117412
105158
120835
117292
108093
101240
117385
101921
116079
120177
106750
100782
122142
104841
113820
117240
112288
129603
118885
107582
105531
114967
103187
122204
109384
103187
112301
105158
107477
112040
104841
115474
105570
107477
116055
98455
114811
104471
106412
111144
101240
128785
117778
107904
118966
108817
107626
99889
121023
122824
117352
110129
100782
118710
110222
117792
120918
113026
116926
104575
112373
114200
112199
105950
101109
114269
120303
123266
107728
101847
115036
119501
96469
103919
120835
107728
132541
107919
107419
111954
108837
106568
108765
104471
108393
107935
108911
106750
110077
106539
105406
109491
109294
114415
107988
112174
112040
119270
113843
111415
105927
116132
108247
121884
110165
108010
107515
113313
109213
108765
105158
117711
101240
104575
107148
115089
108257
108943
116887
99350
103890
117043
107477
107664
109815
105927
111380
108943
110035
107728
109815
123257
110035
113632
109157
118415
121287
114013
104523
108010
113927
116867
117292
108105
105376
112288
103890
116132
115275
119919
98208
128315
110419
106686
110653
107515
105062
107515
101109
105927
108644
106686
105534
103368
130748
106723
106686
105534
111896
112168
105177
116579
105570
111695
113313
112301
105191
111954
108837
113821
105522
105191
109101
109911
108722
113506
107582
108247
120133
98208
104727
114532
105406
115932
105062
107271
110419
107006
112888
112907
114200
111802
115478
116315
105406
129452
107006
144257
102016
96469
104523
109135
143480
120846
106568
123617
106748
105570
105780
130200
105376
106634
100365
117664
111695
113290
116517
120922
114966
107582
106796
111695
107603
112345
105376
113196
110338
107148
114532
105376
108393
118457
106568
109098
107626
105062
113144
105177
108911
106796
114495
113657
114059
112525
113506
114477
103890
98208
108393
123002
102016
106093
106348
109733
116015
107808
109733
106723
115018
106348
116936
105994
114860
121237
106634
104795
104900
118966
118144
124247
121023
113093
108257
117662
113880
114076
124288
107006
114495
111204
107267
112199
113093
116139
117240
111802
116887
110222
119919
108393
114013
109877
124481
120374
108105
107515
105522
127698
114745
113506
116537
114059
100782
105376
104841
123347
108616
105144
111951
109098
105950
119442
108616
96317
109213
98208
98208
104942
111725
112042
108010
116836
115089
116867
116926
111695
103576
114013
112345
115680
109441
112525
107477
98208
117662
108692
107274
120294
110653
117972
114752
119330
114747
118584
117972
120861
116254
115474
118119
111251
131848
117887
112006
108616
113843
105570
116936
113364
117622
109491
108284
107419
113093
109452
124179
101921
120654
105531
103368
115072
112373
123646
107808
103890
117711
108559
115932
107148
117385
113290
111951
111022
116505
112288
107148
115036
107419
114248
114747
113801
114860
114966
114249
114059
118111
120922
110367
118444
112174
120890
118885
112345
114628
109970
111695
115358
105062
111251
101921
114982
119919
113313
113144
114076
109294
127759
117778
108393
126366
118111
118436
115998
106412
106539
101240
123347
117694
111695
110706
118030
105927
109733
114745
99889
111725
103890
114752
109157
112560
108093
116368
112473
96469
98455
130200
105624
112525
105531
109135
121023
110165
128489
111340
111144
112006
110367
115626
118415
112674
108616
114446
113933
113827
115680
108093
120861
113657
107933
108670
116079
108010
113657
112840
113827
114706
112006
106059
111725
121287
101109
108911
118584
120374
107626
116926
117622
127191
100782
108837
109911
107919
111415
121173
115998
111415
111712
109650
116603
105062
110338
121502
127733
102116
108010
109733
102016
107904
114059
116139
105376
109294
125817
113827
128128
108247
113625
128080
124263
108247
108943
107006
104795
108837
121241
109135
105062
118895
103919
104471
108817
111415
103982
117642
104575
103187
112288
106686
104795
101109
108284
104900
108393
116537
108644
112059
114059
123918
113625
105191
114747
112840
110367
109815
111661
110338
108837
115730
107977
105376
113821
114027
108644
116079
120023
117472
102116
101847
120922
114745
108247
105062
100785
106028
111954
111725
117622
118332
114343
109877
114082
108722
112199
112525
122204
119584
105780
108837
114967
105144
115932
116836
124179
103368
112373
99350
116572
103368
123278
103576
116513
114264
107664
115974
108817
108996
119496
105994
105780
107919
106748
100365
112560
105780
127862
99889
109135
106723
116836
120918
120351
115018
106093
108644
103576
106750
109135
108093
100990
116395
126366
111725
107977
116087
114264
105522
103982
102016
117046
112006
111157
105927
117196
105927
96469
111204
113933
105534
137388
117004
124060
111661
105531
106093
103982
106539
119919
105177
110367
113922
114752
120031
108247
118373
108837
113843
112560
113843
103982
112059
114747
106723
117196
113821
108105
112059
109877
136260
112345
107933
118457
96317
116579
108692
109815
111951
107904
122008
107582
103187
108670
114343
108943
128412
114745
121404
112006
113880
112059
111515
107274
102116
103919
112199
105994
105105
104523
116505
114283
115478
107935
116887
109294
107515
111077
117231
98455
120818
104942
109911
110586
116395
107919
116505
120649
112288
105624
105780
120841
105780
107582
99889
105531
109018
114269
114161
123708
110796
103982
112540
114027
107977
99350
108010
104900
117887
112907
119447
115461
119035
111951
104471
103187
109854
111838
114013
127548
114967
114059
108817
104471
108616
119917
110353
111515
116572
109491
114076
106750
109692
105376
116132
100990
120321
125022
96317
128803
112168
109815
118373
112525
117664
100990
111380
109294
107477
116079
111157
104900
108943
104471
108837
113922
116597
121023
108559
115018
106093
114363
120812
105105
113290
102016
106093
116896
107904
129395
121685
112345
108616
116836
103982
114982
100782
107904
114967
121287
113290
114967
113797
119033
108393
109384
109018
107582
113506
115474
107267
111515
115918
111515
105624
105534
124282
111144
113777
109157
111157
113364
112059
98455
111684
120121
102016
110353
109692
112343
110653
121237
108996
126565
108765
115955
106796
108393
108393
111077
111157
110435
107935
120846
110035
116896
106093
122572
101847
118885
113933
109452
109018
123278
104575
109692
124619
111380
105927
114269
104471
111954
122117
119134
108257
109384
109815
105191
113843
111695
103890
117290
117694
105376
109101
121287
111951
106634
111838
106028
106028
113843
113933
108911
120016
119938
105531
119919
117004
99350
108257
125184
98455
108911
101847
101109
112473
109384
105062
115358
108257
100785
107904
112168
106539
110435
104795
104523
111204
104795
106750
114264
115932
107933
112345
107271
111838
112345
106059
108393
123178
109157
105062
112091
122038
112199
112042
107274
107274
109911
113797
106059
100990
104900
109196
102016
112174
112042
109157
106796
113196
117168
106348
112373
105534
107603
120351
113927
111954
114628
105780
116055
121287
104942
101921
116572
112343
105406
101240
102116
110338
107582
127537
117483
111157
108559
119950
123498
105376
104841
123617
107267
111989
124182
105534
113290
115461
105927
119292
108814
104575
126662
104841
110586
105406
117330
118899
110435
107988
104727
107582
108644
109854
106539
125022
117922
106028
110353
112381
104841
101109
100785
101921
112840
105994
101240
114264
115275
107808
117231
120351
105105
