1199127
688496
521217
428693
372286
330531
312059
282030
268905
258754
239495
246833
213785
207397
207953
196603
198861
184087
195821
190024
172730
179952
186896
176696
175426
160011
163360
183425
159842
162785
165012
168248
158951
164064
176360
161498
146867
152378
151101
145609
143554
153480
150983
146425
153237
148182
146863
144441
140460
148770
146491
147279
150118
153328
141340
146019
140521
134035
141628
149474
143191
129214
128775
148806
144505
131583
152913
146903
149461
127366
126511
141098
127108
143976
136509
137796
134162
137586
126711
141233
138168
131120
130368
118454
125979
126368
142206
140254
130203
127727
118392
131781
123365
127127
126967
128393
119918
118908
128955
128608
122236
124181
127500
128596
129066
138015
119442
134973
123985
129688
119948
132968
115627
117768
138080
130895
122161
126132
124260
130807
120321
129359
132319
125133
132403
126233
117662
117290
118741
128343
127777
125637
129359
117468
122553
118192
127112
122418
123036
134796
118586
123441
119137
123374
113823
138407
108013
118966
129655
119309
118554
121657
129808
118807
133684
137691
118551
122162
132968
119112
119196
120544
112043
132880
129826
153618
134110
125645
111465
121689
128861
114745
125819
122736
124347
113196
114678
119292
118485
120931
143609
105796
128490
109015
128476
103890
134916
109963
110353
111380
123801
129132
124904
120294
117385
119360
123187
123313
107152
126947
107728
111075
125821
129136
121689
134270
117972
122214
113290
111144
134916
124135
124670
128201
121876
123187
114249
122149
123145
105538
119496
126351
119254
114897
123542
116735
122693
123929
116886
115932
103986
117667
120004
117645
123774
111144
141930
120861
131455
114266
113844
105938
107480
116606
116572
107905
112841
123602
111339
124989
118857
114436
116597
116581
118332
113506
131440
122346
134028
123864
107906
115977
110339
114507
116030
112841
124019
127419
112444
106539
122346
114158
114477
116600
111806
113934
130097
120854
124247
116546
128580
107916
127257
116953
125352
104899
114914
107994
111951
116944
109490
125352
115256
119360
118888
115771
112219
108798
139398
118218
119868
131728
114013
105158
112678
131349
124236
116110
111710
114032
122418
130703
115196
118277
123592
124952
123599
110129
122193
104795
107603
123145
114079
105405
106754
109854
117199
107964
128820
124495
124918
116277
119093
124297
122070
108587
119714
112924
128925
118895
112170
127635
118551
108399
129423
110797
114528
110359
121238
111232
117886
107934
122162
116841
119292
123030
107664
107245
126351
111742
120177
116886
123273
117310
114343
108822
110419
125999
117700
118485
123592
122821
123391
121355
119254
112373
114436
112088
113196
141395
115478
116926
117199
114678
112010
128608
114983
120133
102009
106565
118119
113823
117667
114013
119336
109683
122214
123002
127175
115074
117972
113822
109815
111671
111521
114032
124669
121023
108833
112388
109910
120710
103579
116972
125161
111951
126848
122212
133152
119769
117481
114477
100782
122193
118448
105569
114266
115730
122117
116368
114628
103367
121411
140756
115004
103890
118412
120657
118448
105994
106565
119336
104534
108798
98455
128535
119093
111986
109653
116134
109224
113843
120812
125683
117688
105108
120482
121094
103187
125029
108692
121884
113822
122140
111660
105144
112283
122149
108954
117768
112043
111806
114199
119663
99350
129575
113623
108105
121238
123273
129395
120812
105198
117922
114814
116517
120004
114063
116546
112678
111208
117043
117922
112373
106348
114079
107275
117046
122236
111408
126658
115918
115783
120374
109895
103367
125674
116523
108993
114436
114249
121020
117043
116078
116078
105994
114447
125183
111157
118218
116546
118144
109452
117737
113884
113050
108670
119033
108766
121374
108006
113970
122594
111681
112010
116572
120931
122188
119196
114933
116321
114358
108766
105952
108670
112010
106686
113795
124269
109196
114781
105386
112841
111024
127188
108822
115357
108105
111232
106404
120652
129954
110339
128794
124952
110419
109734
119564
118917
120022
121689
121362
111339
113364
122552
111742
113777
117196
114342
114737
106032
122396
110435
113797
123396
107152
114199
117642
105994
118554
113922
116388
136347
115994
109104
110095
115136
119292
120861
129132
108255
120861
113843
121355
111844
120544
103890
114507
110075
107627
127175
104534
106058
110797
114264
115522
109224
117168
112205
116274
111917
106635
110435
127544
112170
107263
117667
116508
104578
111339
105623
104839
112267
112452
107934
110797
120652
114737
115962
127419
119769
108722
105062
116078
123046
129725
114447
107905
111695
113313
118115
116735
112941
120922
115025
109133
106348
115046
117224
105538
116056
128775
110129
113820
110052
110169
114737
101134
115977
115074
120133
104795
111710
114832
102009
124019
109452
116508
99893
105952
116508
129412
114283
117381
114964
105193
112388
114266
128511
117168
105545
127904
118888
120047
133641
116368
139443
113797
118823
113196
108692
142465
113777
116842
106404
110797
102116
114477
103923
108105
109292
107920
123187
123145
121248
108833
115074
110052
111671
107575
114628
112513
133484
105198
110657
112171
117240
123030
111671
108722
118462
120334
123912
115067
115445
122070
112513
119033
110129
108121
109196
120022
113050
117046
109895
106348
114914
112170
117290
119769
112378
108672
139925
111339
115962
118144
103187
123788
123390
117481
109196
104497
112006
98455
117667
107515
106750
112560
118144
122619
112941
118657
110580
114447
101920
121238
99350
116392
107245
117046
105545
117688
111844
117645
116926
113820
103986
111075
124669
107603
113144
108006
113313
108284
108954
109196
104795
111681
101134
109895
117381
113823
113627
107920
110419
124511
113795
109292
113627
109683
110359
110339
118807
126368
123708
127537
120121
103367
116392
114933
120549
115977
115357
123046
113844
112088
104578
103923
108255
115036
109104
112924
125373
104497
108284
116030
96467
117290
120004
117224
122976
116944
114990
116392
105623
113934
107920
114013
108670
116134
114436
107275
118332
115046
107664
113392
117667
105386
110435
118586
123511
114283
106796
107994
106539
115962
117369
108993
114832
109452
111681
114358
111806
107920
107263
113364
108255
115730
107245
136920
112444
126711
108833
107575
104899
108822
117645
114477
121020
107010
100782
110797
128436
116517
105062
111917
117017
119336
105144
124182
117385
118917
116523
126222
111024
114914
123391
99350
117043
107994
112388
124247
113795
119496
117199
122236
118823
117381
113106
105545
108981
124177
110657
115160
104839
104739
118888
110339
107480
135214
101240
108587
122602
114249
130588
116011
131781
109196
100785
108284
121241
121657
112539
104944
108672
115994
110797
105623
111236
116388
107994
111521
100785
106686
111742
116606
123176
112006
113313
105994
114914
118412
112170
108692
124885
120922
111660
116953
115445
125938
102116
111157
105386
123187
113364
105531
103923
106750
118741
120549
114737
107964
104944
113922
110706
111742
136906
108670
109224
117645
105062
113657
110169
118551
120133
108981
117168
113050
115036
120294
107480
114249
116135
118036
105405
114073
96467
108993
126947
111951
113313
107480
109098
115976
101240
111465
119336
123864
122149
106723
121023
113050
99893
115475
109292
105531
107905
101920
116078
112171
108559
104944
112941
113922
139772
99893
113106
111236
109015
122188
116825
107245
117310
118332
113623
125683
114814
105193
122603
104497
110657
118888
105796
108559
109734
125821
109439
98226
104497
102116
123159
127689
102116
117168
130983
111917
111465
128463
110169
110580
122603
114073
121689
134467
115730
118277
120374
111710
107906
115976
111681
112205
133261
108559
107479
110706
96329
117017
113392
96467
115771
124567
107396
116055
103187
107275
109963
111917
110706
108766
123215
108587
114032
116581
114079
101853
103890
118586
113106
117196
109653
109734
109387
123263
112283
106750
117017
117293
101853
106686
123774
112063
115067
111660
107515
107479
105569
109224
116011
116523
108981
121374
123391
112898
109815
123774
116056
125637
110419
109292
100362
109895
117310
108993
111408
114964
116392
112898
108938
116600
103579
116825
122418
105062
103579
115976
113797
108105
106348
118554
109683
117688
117972
103986
126493
104839
106089
101920
114358
109963
125645
116274
108822
112171
111951
106686
132879
118119
125683
122363
117799
114933
110169
118917
111339
120321
114983
109490
125938
113117
105569
119260
106089
112283
108559
113777
104534
118115
108006
121106
120854
114814
126493
101052
117034
105952
109196
115976
117688
118036
111465
107627
106565
122193
112452
105994
115036
107934
121287
111844
103187
109815
108722
103187
117481
116523
113820
116392
105531
112010
107515
116597
108798
107480
104899
118218
122039
105952
120931
112267
119584
109292
124269
103367
111208
124177
106796
113117
108399
107245
116388
117196
131175
109653
108672
123036
114749
144437
100785
113627
115627
106539
111844
107934
105108
109133
129549
112412
130763
112560
111742
108265
116523
108722
119663
107664
122225
113144
111075
112378
121411
108981
112088
120350
106032
109387
111660
121006
113364
112378
114447
116030
119260
112452
118888
112941
105545
109439
108766
105405
111951
112063
110052
105158
110706
100362
123030
107808
111208
115196
106058
128393
110657
106089
115771
123365
107479
109098
130588
100362
106754
115025
117700
116392
114073
122205
115074
108722
116597
112924
117414
124619
111024
110169
108833
105158
105531
109439
120646
108265
114628
105062
109387
114528
108938
103923
116368
122070
110245
121355
112006
106032
111075
116508
118895
107245
134860
119292
111660
103187
114342
108559
118119
106089
115160
123390
106723
112539
108722
115136
118888
113392
110052
122594
108559
112539
106058
110580
109895
108954
105405
107263
124135
112539
109104
123613
117642
110706
106723
112205
115976
101920
123646
109683
107575
116274
127136
105538
113795
113623
114745
115024
105569
109133
113822
108672
120657
114073
109683
107964
116972
116388
113392
113843
114933
102009
105994
111710
116055
101240
105623
112378
108766
113934
112171
111695
126353
106635
117481
108013
111951
112170
107010
128226
107916
96467
122713
110169
112513
140756
129844
109895
118458
114914
101052
107152
107603
118917
114477
109292
111695
101052
128413
116078
111236
108981
116581
121884
107627
110353
108833
114436
113657
117240
109683
109854
108798
111380
115783
100362
105198
120657
110353
116277
122193
117224
109815
110580
111521
106723
112452
116523
106032
104795
105198
108006
105623
104839
109653
107396
99893
106032
131605
115067
111951
113797
110353
120350
114897
108670
108981
111986
117310
118895
108672
118917
113117
138857
116368
107575
125938
119196
109387
109196
102116
116886
110245
117799
120350
111339
114814
110075
109160
110419
128595
111144
119918
112283
117310
105569
118332
115932
117662
123613
120374
116886
105158
113050
114897
109963
113823
115004
109133
116909
106404
108399
112043
109815
111695
109015
122603
123697
98226
105569
124885
107920
121412
105158
103187
111951
113884
110419
106723
119948
118966
105938
101134
107664
115024
112924
129395
128157
107916
114737
115918
126370
123912
109490
108284
117224
121884
114079
96329
101134
114249
112267
108981
100785
109292
121884
131455
119442
105144
113627
106404
111710
108284
116030
123365
109895
105938
117468
114528
107964
125133
109815
116030
116972
103579
114749
107808
111465
114063
120022
107906
107808
112539
121238
120374
122149
108981
118551
104578
112388
101240
105108
111380
119260
111232
107728
112678
100362
106348
107906
113144
110169
122396
117310
100785
115357
122346
128444
117886
107905
111465
127727
121094
109734
124669
114343
121374
105405
111408
111144
110706
112452
123036
115475
114678
98226
115783
113106
108006
118966
103923
104899
98226
113313
116597
119093
108993
115475
120854
114264
111208
114266
112205
96329
108692
109439
101920
112452
105938
110353
114628
116388
115994
109160
106635
108672
123145
106796
115976
104534
106686
108993
104497
108013
114342
111671
109387
107808
107263
106058
101134
108255
106032
115475
112006
106796
117737
110075
125645
126452
115783
104739
109910
107920
98226
105108
110169
113884
104534
114678
99893
114528
114737
110245
107906
104739
112378
113144
123025
114032
114342
125029
116388
115357
112841
114781
110245
123159
103923
106754
131728
126351
105545
113795
108833
122149
119442
112412
117168
123365
124297
109104
105386
125676
105796
106686
123390
127188
105108
123793
107575
118895
105144
112267
120350
113657
109815
115976
119947
123646
116606
112560
120334
120544
106565
105386
119037
105545
120652
116135
107479
108284
111144
111695
117645
107664
116953
104739
112678
111986
118412
110657
108938
115783
122039
114528
103367
115932
120652
103923
107480
114933
123263
110797
110359
112373
104497
114158
106750
107515
104578
115067
122204
103923
107808
123002
113144
96329
127112
106796
115136
112924
106565
108013
106796
108006
105623
113050
115478
115977
114507
115136
105198
108284
121177
110797
108006
117224
119496
105569
120177
117369
109653
109439
119663
110419
115036
112412
112841
101920
113797
120841
108105
115771
130588
119260
106089
96329
113117
117662
107728
121287
113657
117224
114073
112539
113922
105144
126476
115357
106058
109683
119496
108692
120544
103890
115730
117922
117224
105198
108587
108833
111710
120374
107515
113884
117922
101052
120121
118332
114436
122619
121248
111024
100785
107575
115196
112539
107994
129359
106796
123036
117414
128535
116078
108121
104795
116274
111951
102009
122162
126474
116055
105062
119336
109160
113927
101920
109910
122117
104839
105386
107916
119309
105386
106058
108559
103367
116277
114063
115994
107515
107728
107275
104739
113623
104944
118485
114964
108938
109815
109734
104534
111951
111408
121679
107964
119485
108284
113822
110339
109224
120121
122387
118332
109734
104944
112378
141704
115160
129620
119584
128535
113623
105193
106635
110245
105531
108255
117293
108670
119309
114814
117700
112219
122070
118586
118144
123159
101052
117737
105198
129136
103579
111986
109098
123036
114933
109224
108255
115783
112088
105108
122576
124952
99893
132783
112452
101853
117768
108265
119918
111742
107396
106750
107245
106750
107275
115046
108722
113884
107263
109815
104899
104839
124347
106796
113657
108954
122553
113623
114832
109963
105796
113364
110657
112283
121362
114983
109854
108121
111695
114990
114436
133029
109015
105952
112941
123747
111951
115025
118807
108938
105108
127468
108938
130396
110245
106723
108105
102116
106089
131175
114249
117700
115036
113797
119336
106058
114990
116135
107728
122149
99350
126310
105538
112444
122236
104899
105405
112898
101853
119948
130588
112678
117310
127736
118551
126310
114079
105531
114158
108399
115730
105193
114063
116055
122713
108587
120022
120861
119093
101052
118485
116600
110245
111521
110075
117768
132328
117414
117346
108766
116368
124182
116546
142994
103367
112941
109895
117043
122821
114990
109133
118741
103986
101052
99893
103986
111951
111157
112513
104795
108766
121884
111232
107515
118192
111660
117168
112205
111917
107920
109963
108722
111380
98455
98226
106565
117017
126353
108670
104578
109683
111844
113627
107808
110706
120031
107480
115160
105623
113117
123542
109653
113823
113623
116392
109490
120031
107994
119918
116134
108938
113884
112412
114343
110075
99350
123275
106404
110339
111232
105623
115025
117737
117168
115445
116011
101134
113795
112171
104944
128070
107664
119260
105193
108006
107664
118392
101052
107275
116134
111844
121238
113777
118657
123215
116277
120034
118144
112513
113844
115004
114158
104578
108672
112170
107728
117922
114343
104534
107905
108938
115067
115962
113657
109160
113797
112088
117468
111208
115256
118144
115932
120034
112088
123711
105538
108399
118657
107479
109387
116546
109910
120861
115256
107906
114528
111465
106796
120922
106686
107964
111521
104578
120004
106635
108013
115160
119868
108766
112412
113934
108692
108766
118710
110095
114745
112267
118454
112539
110706
124236
110580
107906
117240
107396
116581
106723
124269
104739
110657
107906
127271
111236
119584
102116
106348
111806
111408
125674
111844
105108
111339
127216
125183
113117
106348
110245
120710
113884
110245
116841
104534
111710
116274
120303
108587
112267
118586
117642
113290
115475
118277
118036
105108
107515
111671
111951
103187
112898
114745
108766
112513
101240
96467
120047
112283
109910
126511
109292
128596
107916
114933
113050
107245
107916
123774
114158
109734
107627
114199
118657
104739
98226
111236
106058
113795
122214
111806
107263
108993
117240
108105
112170
112941
117642
123774
114737
108006
107396
111521
111232
105144
116517
117017
116030
114477
119448
120652
105405
101052
107263
110052
109854
117768
111208
107728
108587
105538
117293
113820
107152
120549
106796
105538
118119
105386
99350
126947
110359
114249
122212
113922
99350
111917
114628
109015
120652
123391
107479
108559
108954
110169
107994
123985
117737
108013
116926
115025
110339
105994
108255
122070
126658
119496
114079
129954
110706
105193
109653
110129
127136
122280
110580
107575
115036
108284
108399
114073
109160
106723
113196
104739
118586
111408
105198
108255
112560
105623
105623
112063
116321
116011
116606
109490
110580
105938
111681
113290
111681
111408
114264
123313
101853
114628
115160
104578
113823
121412
113313
116825
120931
117240
107994
107603
128070
106565
124347
116944
110169
106635
117196
116274
125819
117043
107603
112841
106635
120350
109387
118115
111695
105545
115977
112452
116581
109015
111806
103986
115976
110095
108265
113506
107010
108766
96467
107627
112678
105062
117667
106754
100782
116597
111208
113392
107479
122149
108670
122212
116011
114749
123811
122193
106404
106796
107575
104944
103187
113844
115522
117385
113823
98455
112678
115160
112171
119260
113843
111024
109098
108121
123851
103367
128580
121884
106058
129865
112378
115067
120321
113144
106348
105538
105938
116841
111521
113970
114897
104795
120031
129688
98226
112388
108006
117199
112560
96329
115932
111710
98455
105531
114358
116368
108399
111208
109439
109734
113657
115136
118888
111157
109133
116735
96329
125133
128820
117768
110339
114781
112205
101920
108121
111695
123602
112170
108006
108399
107934
114249
108121
116388
114249
117168
108121
115445
107627
105158
118917
116055
111681
112170
105193
112539
104578
108672
108672
117799
120549
107479
115067
113843
113795
126452
110580
113777
114990
106404
98226
128157
103187
110095
115918
104739
120854
119638
108670
105193
108798
113392
121106
115196
113196
116926
112043
102116
114814
113970
103986
117642
104944
111671
106089
115918
116909
113117
113290
112378
118857
114343
99893
106723
115136
112171
118741
116392
108559
104497
128226
104497
108105
110129
111844
114073
106348
115976
114507
115196
113970
111208
119292
113822
118115
115976
107396
109815
114249
115627
107479
107275
110435
108284
112205
100362
123912
111465
104839
117240
109196
105531
113927
109387
107515
116841
113290
111917
118710
114477
105994
114249
116011
105545
123187
106032
121679
117667
107905
118917
123511
101134
112412
135210
109490
104839
124885
116388
108993
109387
115994
105569
108822
115977
117414
114507
121020
100362
107964
109133
108954
103579
118554
109292
140460
108284
115771
101134
107808
105545
107480
116944
117196
110797
108670
106635
98455
116825
127975
122117
115918
105144
107479
107603
108938
123690
107010
122162
116055
110169
116841
124796
118332
114678
113627
110052
104839
118895
112219
112373
105569
105796
108006
111157
114749
106058
114013
101052
117481
105193
117290
118895
116321
101240
100785
109490
112373
100362
108399
101134
120177
117293
113144
115730
101052
124177
110580
106089
110339
109098
108013
117369
123002
107263
116600
108938
119714
124567
115522
110419
130396
105538
120034
106750
106539
111232
117381
114249
96329
107905
110435
117385
101853
104899
105623
107920
109387
112513
107515
110706
111951
109160
120817
106539
105938
106635
104739
110797
116134
116078
114749
124269
107916
118551
123187
113797
105531
104795
119254
114342
108798
107916
115160
103187
118115
113106
128862
113844
107515
128434
115136
114832
114013
123215
126370
119360
107920
113313
112560
98226
114266
125029
118392
108954
110052
112373
110052
108722
114964
119948
104578
123046
124297
104497
115357
112088
118144
106635
116597
122236
117667
130179
100785
111951
108833
119336
114199
108265
116110
117381
104534
120657
116134
110129
107263
105062
126947
115046
129741
117886
118888
119947
111232
108013
113117
108954
99350
112378
114507
112170
108670
96467
108981
107515
111465
110580
108938
109015
116825
117240
111232
117667
114343
114990
118917
106750
103367
112010
112452
106565
118857
111660
117385
118057
110706
116825
115962
121876
107603
105531
116368
109490
104578
109196
112444
108938
107010
117922
107396
103367
102116
115357
111075
115932
113117
107575
105952
116972
108822
107263
108255
114897
109387
118857
96467
105994
106754
117886
116135
107934
110129
107575
105158
116392
117043
110435
110245
111408
105198
107920
118823
108722
106404
124347
114249
101052
111951
107152
106565
116842
106796
104578
112267
115004
111986
110075
112267
116517
117381
132175
111671
109452
114343
112010
124019
109439
118144
110797
104944
108981
119254
115783
100782
106635
108981
106635
124796
103367
122039
105386
104795
114342
109439
112171
103367
116055
113922
116886
117817
124269
117385
116135
113922
124182
105545
118888
119137
111710
118144
108105
105538
122193
112678
114983
124670
104839
105531
119196
122387
107964
107479
113290
109854
115160
107627
109160
107263
115067
113970
105938
111144
106404
118908
114983
113392
119485
110129
100782
114749
115196
112006
123918
116368
112388
114013
108255
117310
110797
112841
105952
122693
101853
105193
113797
117168
116581
109387
108559
119663
109854
107603
110580
116135
118710
114745
117799
121503
117662
110657
121503
123793
116944
114447
112539
114507
109963
119663
112412
125683
120922
108672
117369
116135
115067
103923
111075
111075
123374
115730
107905
99350
127635
111951
115067
129526
113627
122346
117369
113927
100782
118277
107575
108265
108399
109292
105108
120931
112170
111024
115918
109734
100785
104578
105198
117481
116546
110353
99893
108265
128703
108822
115976
105623
111917
109133
111157
111844
115196
122602
116841
110797
108766
114032
109224
116055
123912
112560
109683
116926
96329
111951
110580
122736
123985
110245
121679
110245
128861
104795
114528
109452
109490
118551
116134
107627
105386
101853
117468
119254
108105
109015
110339
96329
110353
117310
106796
116972
125352
110129
99893
115445
107479
106032
114158
110052
126602
109015
113795
114933
114079
127861
115994
115962
114079
114914
107263
112283
105545
122204
100362
117034
123187
108255
112006
112267
117737
105062
111521
118917
96467
111681
128862
117414
123613
120812
120034
113392
112063
103579
118741
104839
114013
111986
116600
123985
115932
117414
114063
109734
113927
103890
111844
105108
112924
114199
106635
117385
112513
108672
123697
120549
122602
104739
122162
103367
114343
120004
110339
127635
113117
123793
99893
112924
116517
116055
112678
107479
96329
111465
120177
111951
106754
99893
116972
114199
119196
117381
120034
115036
113623
111951
116909
111917
119947
102009
114158
114814
107627
106723
109160
101134
108798
112560
107515
113627
107916
121023
113196
108399
109292
108559
109490
123708
112283
113627
112043
111157
112219
116926
114628
109133
111408
123365
113797
108954
107964
114249
126849
99350
119769
116842
121679
123036
101853
122225
111844
117290
111681
110359
114628
112513
109910
134162
105994
108559
105108
105538
112171
117922
107920
120652
107275
114079
116972
114628
116600
107920
101240
106723
129826
120817
107245
116842
113777
110245
108833
114897
108954
113970
105144
109452
118551
112283
114158
114447
119584
114013
109683
109098
100362
120177
130303
114343
115962
117662
112560
111806
119448
107263
110075
107994
111986
116926
115445
106089
116841
105569
129549
109490
108265
108559
105062
120022
96329
113822
123774
111844
117700
106796
115196
123558
112283
118057
113313
111844
109098
105193
122346
115445
115918
102009
113117
111208
112898
109098
106539
105952
123145
101052
115024
108672
121884
125593
104534
105405
109196
104839
109734
113822
104739
118485
122140
120133
100785
113927
111986
113313
113392
114032
123275
103890
114964
111710
114832
121241
116926
107964
109963
113290
113927
113392
124260
120657
117922
108399
110657
131822
110657
111671
108255
100785
108672
105569
120787
113970
104795
105193
123582
117385
107905
111951
111710
103579
105545
114781
108399
111917
102009
120482
115036
120544
104578
122205
117886
144263
111024
108265
124904
111157
114832
112043
123036
115918
116953
108006
113144
106404
107934
108265
109196
100785
124878
99893
107479
96467
115004
112373
112444
115024
112678
117381
108105
124177
112267
111465
117199
112898
106032
122212
104497
111521
116517
111232
105938
100785
106754
106539
123602
106032
118741
106635
123985
105193
115256
109653
116134
114914
110129
112898
106723
107275
114079
116841
111208
112373
107916
108938
114342
122619
112560
118966
107515
118448
112205
124182
108833
105994
108284
109815
99893
107245
115478
112043
112452
105531
124347
112283
117922
105144
116388
98455
110706
112006
106796
112170
113843
125373
112283
119485
100362
123145
107010
129575
106754
115025
120374
113313
105405
111024
113795
104739
125979
116134
108938
118917
123036
101240
108993
112010
127348
108822
117667
105198
107664
106635
115004
118905
125645
114343
122603
113844
108692
120652
115004
103923
110353
114079
107905
120840
128387
115994
113934
110095
118218
123592
110580
105623
103890
122387
110245
108255
100362
109490
122387
120294
105158
105144
113106
105158
117017
110075
124181
138008
104497
109224
109098
117817
106032
103890
111157
109224
108822
104578
123774
111986
118192
108013
122602
111951
111917
108265
113657
119254
116277
115024
119822
121355
116277
105386
107603
106796
109734
100362
106565
112388
107627
114781
103579
109963
107906
110339
121020
111681
106686
118218
107906
109015
122363
107515
104944
115046
114964
110580
108981
101853
113843
116388
118332
117716
117688
119918
113623
107575
112171
121023
113777
105386
112924
112560
106750
107934
106539
113050
109490
112267
106032
107905
128535
113290
112205
108954
105952
117799
115730
126476
113843
111671
111075
113290
111681
109653
113050
111075
106686
106348
118115
106754
112388
117224
108255
119485
117667
107728
119033
122193
107627
113506
108981
113364
113927
115160
113623
106089
120047
111339
113144
103986
115160
122214
108672
109160
111521
109439
111380
112006
116392
125958
103890
109452
105062
108692
116944
114914
112219
119615
122140
112841
114477
107275
99350
116011
108255
108954
112006
129620
110245
112219
105193
113050
121248
108587
117768
108993
101920
112283
109910
118586
104839
118807
99893
112678
118192
109098
115522
115918
122552
118057
113313
107480
103986
119615
128157
114343
108013
111671
106686
123788
118458
106686
122602
114073
115160
111157
116953
113823
126983
113364
111075
105623
107934
113392
104534
113290
112063
111681
104944
107479
111844
114990
117662
99893
104739
104899
111157
126351
111339
107263
112283
116055
122204
114199
105796
106635
111695
115196
96467
110359
108399
113843
101853
118908
111024
108399
107479
121876
106404
100362
114507
105108
108954
112373
112170
113843
106750
113844
124019
122162
112678
114528
120840
108954
105938
105193
114342
101920
110052
108013
108559
113922
104739
127468
108121
103923
108670
109133
106750
122161
96467
111208
110657
124904
105144
107010
109490
107515
107906
105545
123788
107479
109653
116056
106032
106796
116134
120004
104944
109104
99893
101240
108006
104739
112941
109452
104497
128404
115160
113657
118485
115136
124181
107479
116030
121679
123145
117667
98226
111024
122594
129688
122039
102116
108672
107808
111951
107808
105193
109015
106723
105531
112841
109387
111157
114628
98455
113106
111986
121374
112205
101052
114249
106032
147433
115962
129954
108121
111671
117662
121503
123788
107152
106539
132478
108766
117481
114013
122043
128596
103367
116841
105386
110095
115962
128343
112941
96467
112539
107728
117700
111695
113843
108766
106539
106635
113884
105538
117688
108822
116368
117381
107664
107664
98226
104839
122193
108993
113144
112043
119584
115627
112539
112063
108993
114990
120787
108822
108766
112010
116134
113623
108255
106404
114249
112513
114342
101920
101853
105952
108954
112388
102009
99893
106754
121023
105623
106565
115024
118888
122552
105386
118807
102009
107152
121412
118454
114283
118966
121412
118857
111951
106058
125938
123374
101920
107479
112898
104497
122602
111236
120710
113795
111742
117922
114933
115783
128622
115932
107664
109104
110339
108798
107808
128511
104899
98455
111695
110580
111232
111232
99350
122736
123558
101853
108672
120004
106754
112063
109015
118057
113117
103579
107916
114158
105108
118448
111024
122205
113795
120854
112088
107010
120922
110353
123708
110419
120549
120812
106723
106058
107603
104739
113927
109653
107994
112924
103579
118710
109133
107906
105386
115445
118392
124952
115962
105108
118905
116078
112063
120350
108121
117688
123985
116277
107515
115962
107263
107479
106754
120177
109653
116134
110245
113797
115918
107964
108255
107994
108798
109452
96467
119260
109292
98455
104497
118895
120922
122594
101853
110052
105193
114447
123711
99350
107916
109815
105193
96329
114266
102116
109387
108105
117310
111236
123788
100785
114249
128595
129470
127127
115025
108993
112267
113823
117688
109387
120549
111671
113922
106750
108399
118857
116274
107010
110129
112373
112043
112452
106089
114678
123680
114264
106348
107152
119496
118551
123690
107627
114249
107728
101920
117667
103890
126353
103890
124177
117196
120854
117799
115256
130541
123562
119868
113506
114737
114266
113050
115771
111024
113364
107010
117293
99350
110075
118710
112006
112378
104578
125819
115932
119093
118895
114678
107627
108692
112373
114249
120482
123599
104739
117468
111157
106089
116277
106032
110435
111157
116056
119033
112388
105531
110435
117310
113627
106058
108284
108766
117293
109160
101853
107916
110657
116135
112452
114914
113820
109387
125999
120133
111844
114814
106058
108722
109910
113364
109104
108954
110129
109490
105158
133726
105545
113313
117168
108954
112513
117381
117688
114249
106058
118905
119137
113506
115730
108993
106750
119947
117369
122594
114063
130426
113823
114990
120657
119336
117196
112841
116135
113050
101134
124669
111236
108559
111144
108255
106635
113820
115627
107010
128955
115004
113884
113144
115962
118454
109439
101052
119564
107515
111681
128511
113777
111986
112452
106089
106089
122693
109653
113623
118741
107808
107808
106404
107905
112898
120657
104839
114781
111844
107808
109224
107916
111951
120334
105938
106796
96467
110353
108798
109734
105531
106032
120657
127861
113970
114342
114628
106723
125097
116110
108722
118192
110359
107934
117799
109015
108722
107808
107916
115994
107994
106539
108587
107627
109963
112378
104497
100362
114678
110435
107263
131583
110580
101240
117293
105623
107480
116135
123985
115478
111465
105938
114737
113823
115445
112373
118888
107728
111465
106686
105193
120378
106686
122070
109910
107664
107245
114914
111157
117817
109133
107603
112283
105623
107515
112171
105569
112006
115074
107994
111951
106750
107964
107263
130426
105405
117046
99893
106723
109224
105144
109895
105144
112924
119615
105623
109452
121362
112452
106539
112513
108121
116972
108798
103187
114343
117369
100362
118895
122043
122236
113050
105545
114628
103986
104899
110657
109292
112006
108938
113627
113392
110169
122603
107603
103579
107906
117468
96329
116321
108013
100785
114266
105952
128861
104839
109133
115067
105538
117667
108559
117481
106750
109653
118277
114358
115994
111024
111710
122193
107906
125183
107152
105158
117642
113884
124247
116944
105108
99350
110095
117799
117385
128404
112941
107916
107396
105952
120817
117481
107010
98455
115074
109160
112283
108954
104578
119292
117369
114358
105405
104839
111806
103986
114266
111742
114032
106635
103890
117168
113627
111232
108672
107994
118115
121177
114266
114283
99350
104899
109439
122976
118895
115977
106796
116517
112378
110797
105994
105144
119663
101240
112412
114745
113050
111465
96467
113623
126947
122161
102116
112010
126602
114342
113927
117700
107808
107396
118657
119336
117481
105545
113927
108692
107575
108121
113290
111806
118144
116110
106796
107479
116972
111681
117293
112043
107396
114436
114832
105144
108670
107515
104739
103986
105952
112267
111232
112444
101920
124796
107728
120004
108692
113657
114079
117381
105193
108265
106686
107627
124670
117034
124178
115067
106089
111806
108938
114897
100785
107964
107152
100782
113820
129655
113843
139854
109734
111951
117662
113844
114158
117645
117667
114073
104899
111710
115067
109734
121876
100362
123708
103986
125999
116909
119769
110169
122039
109734
113823
110419
112205
108284
110657
108121
101240
108692
109439
111339
106348
105405
107479
108121
111986
112444
108121
108255
112841
132644
115976
140327
101240
115771
109854
119309
105796
108722
98226
109160
106686
111710
106686
106686
116546
113820
116388
104795
111024
121020
118888
106796
114358
133197
103890
107920
98455
110095
105545
116517
111339
122418
109387
114342
109098
109292
107905
117817
111806
115977
118485
106754
111844
119112
123801
122212
108722
107934
107010
118057
100782
109653
108587
112678
111408
107664
106723
123273
104578
117346
116508
110353
105538
119769
112171
127257
111144
115475
107010
112010
115196
113822
114447
115256
109387
112539
101853
110245
105158
115994
113657
101240
127353
118823
110435
116368
107627
108399
109895
113777
104534
122603
111951
117046
106539
105938
109160
110095
109160
114964
113820
114063
105938
105994
104534
111660
115627
114158
112088
112941
107479
103579
123176
105623
116926
106539
107808
115024
123263
120374
123690
102116
100785
107603
123215
96329
106032
102116
105531
129549
121679
128841
107920
105193
107515
102009
110095
112010
112560
109734
112170
106348
106635
113820
114832
113777
100782
105108
113364
98455
114983
108121
121006
109490
100782
109439
106754
118554
113822
113364
112678
109734
117667
124178
107515
112388
108692
113392
110169
109963
112513
117310
105938
132324
122043
101134
112219
114749
123187
117737
114343
113934
116274
125580
111844
115478
105796
112841
108255
124669
111681
118057
109910
107808
115962
117196
120931
114745
109452
116110
107480
107480
107994
114283
115977
106796
111024
112171
112043
116842
129817
106565
109133
110052
113290
117034
109098
111660
105623
106089
112924
105531
109160
112898
116388
116825
106723
110353
106796
104578
107603
108833
115478
116841
106089
107934
121106
115074
118448
135260
113823
107479
104795
122346
114158
113506
113970
122280
116274
105952
113843
120710
107905
112560
116388
116274
99893
114832
125999
115074
115994
116392
108670
111710
107916
112267
105108
117240
112219
109854
106089
108993
123697
107664
106686
107603
111380
115478
111844
101240
103923
123390
109224
112678
114897
108981
101920
109387
109387
123215
112452
116606
103923
110797
107480
115046
111024
123864
113627
125645
119615
107664
120303
111075
109098
103187
116842
105796
110339
107479
108798
100362
114832
106058
109854
112841
108013
107728
116581
111695
112063
107396
102116
113392
112452
112171
110359
103187
124182
106089
100785
110657
112412
107575
109292
104497
107275
127171
117290
107664
122418
116886
101134
107916
111236
103187
123263
120861
123602
117369
107263
114814
114749
114528
116517
125020
107275
110435
96467
110095
108265
130588
106635
117168
108121
116030
111951
111671
111408
123396
116368
98226
131185
111075
112063
114897
116392
127136
106404
107994
115962
118657
108833
107010
107275
106723
118485
100362
116546
116110
129412
126310
118586
108722
106635
114013
115962
114477
114358
109910
114013
109387
114933
109133
123592
111157
105531
111681
113797
106723
108121
101052
108722
105545
104497
106754
116842
121287
106723
118586
106723
101853
109196
106635
117310
108722
106539
107916
114745
116508
116392
123046
113506
105158
108121
116508
107010
112513
112283
117799
109854
108798
110419
109015
120544
115160
111951
102116
111671
108993
107905
108722
127548
128596
106404
109439
100362
112267
116056
96467
105796
114343
104944
111806
119769
107964
109854
120646
112898
120931
109104
106686
105545
120321
117667
115445
118895
115730
119360
111695
110245
116368
109490
96329
111024
113627
106089
119822
105062
134055
107808
101052
114737
101052
107396
123313
123646
107627
104739
105938
112373
133161
122162
116842
124247
105623
122205
107479
105062
112043
118888
107664
113623
108722
106635
103579
108798
105623
107906
109734
113117
101240
117700
106058
115357
108265
111951
120047
116953
129725
123582
106404
103367
105386
120022
104578
119309
106058
107808
120646
114158
117043
101920
108006
107627
112452
105531
115522
116134
113823
109815
109160
116842
111208
122178
107627
128436
110797
112412
118823
125771
108938
108265
121374
109653
124983
108798
107603
109963
108284
123002
114199
114266
105198
114342
103187
120931
105623
116842
112171
114781
104739
117310
112267
100785
109196
105538
113364
125821
114199
101134
110797
108284
108938
107664
125020
107994
115771
120817
108692
101052
104839
118710
107905
117043
108399
110359
118807
108798
101134
105623
109224
113844
106032
123176
125373
109104
112267
102116
106539
110129
98455
120121
104795
107916
112898
111208
105386
113823
131490
105545
109015
106723
119822
121006
110706
114749
106723
109098
113934
109452
119112
104497
107934
119037
125676
111144
112513
116388
110245
128490
110245
120004
105144
112513
116368
119868
114749
111917
111208
108255
116972
112924
104944
113657
119196
115445
116078
105538
107515
111075
100362
111844
118454
114749
118905
109224
106754
100785
116030
109490
112444
111465
104944
115478
107575
109292
107575
117688
115977
104739
120854
107575
121023
117369
116825
107479
105198
116825
115160
118448
109815
109098
112219
109452
112444
112219
111695
109653
107994
107906
122188
114079
113797
114249
115783
111236
134741
115977
118036
133152
112388
108833
106089
114358
110435
117196
104578
110075
107920
128875
109815
108672
106754
111465
130588
112006
112205
111986
105198
99893
113797
117293
111806
104497
116078
115046
107808
117799
124019
107920
107905
105405
115478
123711
118218
106348
118412
119292
118332
107480
115994
116508
101134
102009
108255
108692
112678
113970
108981
107263
101240
112205
107920
125821
104739
105193
117240
123801
118551
107245
119448
108255
107245
110435
116277
98226
106089
114507
98226
101052
117700
101920
107920
116597
115024
107479
126849
110353
100785
114264
106750
115962
111521
117224
104497
110095
112283
126351
113106
116517
109895
115962
111236
118895
113820
123801
109015
119309
110129
105623
98455
107603
118485
114749
112283
105531
122039
113934
103187
107603
107964
112412
110706
105144
106796
112373
123592
123788
107808
105386
104899
103579
113144
109015
108798
113777
112283
120350
122140
109104
113106
111695
121657
119769
105796
107994
116600
123985
134796
111339
113970
110359
105569
111917
114032
107905
109196
113506
113144
105108
109683
106750
114983
107603
101134
114983
108766
110245
108722
119033
105952
120374
106750
103986
121503
107575
107575
108993
114832
113627
105938
121411
134552
108105
118332
138901
126912
121362
117716
110353
112219
108672
117043
113623
106565
111232
122039
106686
108822
107808
105623
112010
115976
116056
107603
115445
110245
115036
114781
124260
111521
113196
107906
111986
100782
101853
108938
122821
107934
114447
105994
117290
113392
112898
107275
116953
116055
111521
109895
104578
111075
96329
118823
112452
109098
108981
114990
104534
111951
106635
119918
118485
113823
115357
124669
112267
108284
128925
107396
99893
103579
118917
105405
100782
107920
103923
111660
109104
108722
111236
108265
103367
107480
119448
115522
109439
105386
102009
129458
96329
122736
113797
107010
110169
116572
115136
105545
108798
106058
110359
116011
128080
106750
99350
116056
105198
110245
109196
117737
109490
110052
107916
108006
106754
109104
109910
111806
129575
112171
109196
119496
118807
110359
110359
111408
112063
103367
116600
127271
115046
121876
108993
114063
123390
112412
100362
107603
122039
123374
117381
117293
117799
126132
108954
103923
107010
112267
105952
119448
107575
109160
114628
112841
122236
108833
117369
116517
109104
107152
113290
113392
111710
127136
117293
105538
107515
115046
104497
115256
113934
110706
115932
124495
119292
111236
114990
106565
115160
112063
113144
113922
98226
111844
114447
111024
123390
101920
113627
117168
99350
108833
120841
116600
104497
106032
116110
113392
115522
117168
105938
117768
107934
108822
119260
121048
110359
111075
112267
124135
110657
112205
105193
117046
106565
128463
106635
127175
115932
116944
103890
108954
113777
104839
114507
106404
108954
102009
111521
116368
127271
103187
107627
109015
104739
106796
105952
108121
111660
122736
113392
115025
120879
107728
121248
113795
107152
114199
108121
103890
110245
108766
104497
114079
113777
110353
104899
106032
116581
113364
105062
114628
115036
108006
105198
96329
108993
112283
115256
107263
113844
105386
105198
123273
116886
103367
125183
106635
120787
124669
111695
105531
103187
114628
108672
118277
115962
127544
101134
108670
111144
116523
117199
119615
110657
113506
107396
109196
114832
114249
106089
108993
99350
121177
123929
130203
116841
108938
105108
111681
124567
116606
108938
126370
111917
110075
115024
113820
112941
112219
109133
105144
116388
109734
116600
108399
115036
105938
103890
118823
115771
117716
110052
101920
114528
110075
111408
104944
107152
113777
106750
114897
107906
110075
100362
114063
107396
110339
101052
111671
109104
114914
108692
124135
107728
107396
119638
117645
101920
104578
114264
103367
120787
114343
113313
108013
108833
98226
107263
108938
103187
102009
114914
108284
114158
110339
112924
125133
106686
112219
109098
118823
116886
110419
109196
109387
116321
108284
105386
119254
112171
112412
111208
111986
110435
117716
120121
107245
111339
120646
113050
117817
117043
107396
114964
109133
112378
110657
116134
106089
128404
119254
99350
115478
116606
102116
109854
111521
106754
100362
108265
128703
114477
98226
101920
104795
126658
113884
115522
109196
107994
101853
113844
108938
105531
99350
103986
103890
109224
107627
114073
129620
107010
106750
119336
118454
100362
117385
116321
107627
108938
107728
116926
114964
111917
107728
107575
110657
108284
98226
122193
122396
115074
113843
118807
115475
117240
128444
114266
114266
116606
117662
105994
112171
113196
108822
127528
111681
128387
122363
129214
108284
115730
110245
117043
113106
109683
113884
105938
100362
114249
109196
113934
117290
111408
117922
108265
100782
111710
119948
115074
101240
105952
105198
114781
121048
108822
105531
102116
110359
107396
104739
112283
112267
109734
117310
114249
132319
110075
116011
108006
120861
120121
114897
105158
104839
113844
100782
107603
99350
104944
104578
106058
101240
121238
119638
114933
98226
125202
120657
114436
109160
113820
121238
116581
112010
111157
122117
111844
122225
105108
115976
106754
111232
106032
105994
127188
111742
116134
114264
112170
120321
115730
115730
112088
115074
106635
96329
112924
113364
104795
104839
110353
113117
112043
105158
122212
114342
117385
117642
108255
112412
112941
111742
109292
115932
111710
109734
120121
108399
122043
107010
114745
114073
109224
108938
101134
111521
105994
121106
109815
104944
112010
119663
114964
105623
111408
113843
106032
108013
115004
114199
115475
108105
115256
106686
110245
132487
105158
108265
107152
127904
117642
116392
114073
113364
109160
105198
113313
106686
122693
122117
105386
110359
109160
106686
128535
121374
114628
134155
109854
114158
109133
109439
117642
111208
118277
110075
108981
112088
108670
107905
114528
108587
105198
109490
117046
113117
113392
105144
102116
108284
108670
105158
106635
105062
111380
109387
113657
113795
112452
107664
112841
105386
103923
111695
110245
107010
121412
110129
113313
119336
111208
107728
111917
105405
115918
100362
108255
99350
104795
122603
117667
109452
111681
116572
107263
112170
105193
111236
112378
111951
109098
119360
100782
115024
106032
107603
105994
119584
120034
107152
109160
105545
109224
119336
108105
106404
115067
107480
108255
103579
101853
113797
106348
106565
118895
107920
101240
108105
101920
111986
106723
118192
120652
112513
105193
117046
108722
123390
101920
109854
111157
120303
109910
109815
116110
114013
107994
109387
111951
110095
112898
105952
123582
111232
111710
109015
110657
110129
108265
109683
118554
109854
120334
109653
116842
104795
111024
108265
101240
117196
103367
113795
106058
113506
109490
117381
104839
116953
109854
107964
116110
120047
103579
112170
111660
111681
99893
108265
117346
109854
111408
104578
105569
115256
117369
105144
120334
118895
104534
117199
109452
112267
120177
114628
130588
108284
107515
107964
108670
106750
111695
105545
113290
96329
101134
106404
114079
100362
112678
105158
108981
120378
112560
107920
113795
128476
120812
113144
105108
113392
107664
111806
108670
113506
111951
107603
112219
109015
108121
108265
113822
110580
112678
114983
106032
114199
111844
122193
106750
96329
108255
107728
109854
113927
114158
107994
115004
111208
110169
111681
110657
124669
111986
105193
116909
115977
120031
110075
117737
120321
111024
115771
109815
115783
116606
110580
106539
112063
123811
117346
117662
116972
123542
126316
101853
103187
100782
108833
103923
113822
112841
115160
113627
104899
103187
105938
107920
119663
105623
105994
109196
107906
105062
108722
106539
99893
103890
108993
108692
106348
112283
102116
105538
124019
111660
106058
104739
105796
105405
105538
106686
111681
114358
112412
117481
107920
107905
111917
114158
111710
119868
120177
112219
117385
108265
112088
105938
111681
114199
107275
108672
115067
105144
106750
113884
108672
109439
108670
111742
106565
117972
110359
109653
113290
107728
108798
111710
107245
104497
122346
115918
123046
113392
119292
120646
107603
126310
108559
123646
104795
109387
108006
115977
113844
105569
104839
111671
107664
107515
107515
127548
119918
107245
107728
109683
108559
127904
106565
118657
114983
104839
112941
112412
113843
123582
102009
114158
115067
102116
113623
109490
112444
112010
111339
116135
111465
101240
120841
111951
103986
112378
106635
113506
124904
115160
123176
112678
124796
103579
113795
98455
115024
127736
117700
106686
120177
121412
125979
106750
108981
103923
109895
120004
103579
102009
96329
112513
105193
111695
106750
108672
100782
116841
106635
124177
117700
122976
106686
122346
108938
116909
100362
115627
118115
115357
124796
104534
100362
120922
106058
118895
103986
114781
122193
103187
110657
111144
120922
107152
119918
107010
109963
106539
111951
116926
111075
130721
117468
109160
113196
114013
108822
107396
107575
122280
118657
108006
108938
113934
108006
113922
107575
125999
127353
107808
111710
108981
104739
112560
111208
111951
110435
104944
116909
118036
109160
104739
101853
114199
108587
103367
102009
112170
112841
116011
122693
107916
109963
116517
120710
116321
115478
119260
116078
101920
118710
106565
113777
113313
105108
102116
128210
114266
115067
114199
115627
115522
107480
115074
107905
106686
128404
107480
122162
105938
107479
115994
112088
120321
114249
111408
107263
112170
107964
118458
108121
122346
107808
115025
110435
106754
101920
116274
106089
113050
101240
114964
112378
119485
104944
112841
129549
107245
108255
113392
114063
112006
109098
108993
114199
105538
122363
106723
111208
114749
107575
112088
117700
114342
123747
105198
109815
118657
120031
98226
108013
114063
106686
117293
112267
107263
112219
127635
100362
119033
109133
110359
100362
105796
115067
112841
105796
105796
108559
107964
118119
125674
108255
123176
123558
109854
120652
108822
111521
121503
116274
105938
126222
108265
106686
103187
124952
105405
103579
112219
107275
96467
115730
108766
111671
105796
111951
114199
107010
116825
105538
104899
109653
120031
107916
105193
128393
107396
116134
124655
113106
102116
108833
117468
112539
111024
115475
117642
111521
103367
110353
116523
117196
105796
103986
108672
116581
102116
104899
106723
106754
108121
120879
113934
118458
101853
107808
103579
106750
107575
108938
105198
120047
115074
112373
111232
114358
114990
111671
118807
117645
125373
112560
129865
113795
105938
118057
105938
107934
114283
112171
105193
100362
107603
108798
111408
115046
113844
106539
109653
112373
126983
113777
117346
123036
107396
116841
121884
108587
117046
100782
114507
116030
110075
115783
116581
107275
112452
111380
108672
112941
103923
107905
113822
96329
98226
128128
112388
105796
122713
111408
123187
106348
113627
106754
119033
103367
119448
107916
117817
116841
123592
119442
108670
114897
111465
116546
129954
118462
101920
112513
112513
112941
112388
112063
108766
101052
119769
114079
120482
115046
105108
115783
105538
106348
109439
109160
108121
104899
108670
110419
108833
100785
116597
119448
111695
105569
112063
117667
113970
110657
115357
118857
108121
112388
113795
114737
111144
104795
105193
109895
106058
101853
122161
113795
108938
114781
114983
107515
104839
108954
116886
109160
112267
123558
118888
110353
109490
109854
109490
107603
118807
106754
107010
100785
106058
118710
109895
115475
113196
96329
112513
111024
111986
98455
111236
100785
112205
104497
106750
106089
111951
107152
105938
104497
118036
113795
112452
107010
107964
125999
112412
138015
114983
123558
106565
107603
108105
108981
106635
118857
100362
111710
108954
105796
121248
116321
114079
108284
107964
105198
105405
109895
124619
109815
117468
117290
127171
112170
98455
120378
126316
117688
113843
109734
110129
104899
118888
116825
99350
127152
100362
112283
104944
109133
116055
112378
103986
114342
107263
101853
112388
106058
116134
114507
108833
103923
112219
104944
113506
115522
113934
109224
128343
109133
111232
123374
111236
114983
101853
112283
113196
106565
107603
109104
113313
110359
113797
106032
115036
115771
110706
118277
104497
117642
116368
134288
118332
98455
111144
127528
113884
111408
117737
114528
109734
111681
107964
98226
118412
120034
110129
116909
108265
106565
105938
107603
112378
105938
111806
107275
104739
108265
99893
104497
117168
113844
117667
114814
117043
123646
107934
109439
113117
112378
106404
108692
114199
117196
104739
111660
111232
111075
114358
120321
115136
106565
108121
119564
109653
108954
107916
105623
127366
120334
108938
103986
123562
115932
114358
103923
122761
116944
122693
108121
115004
114745
116134
112841
113106
109104
121241
106058
112841
107479
114199
105193
111465
106754
120121
107010
114358
118741
111695
108670
108284
114249
109910
112063
115136
114358
107275
104739
106796
109963
107152
106539
105062
115977
107905
107245
109104
114079
107964
119033
101920
106404
113506
112205
122178
105623
129954
116926
100362
114507
112267
105952
123562
112388
123582
113823
119442
108559
110339
105538
116321
100782
118277
109452
117240
113106
108692
122603
109734
99350
113884
117667
107480
105062
104739
115196
116572
109683
114897
98455
109910
117168
116953
109895
98226
119254
111844
117817
104497
121020
128820
118412
113290
105158
114678
103923
108981
107920
119112
106686
113364
112219
108121
104899
134467
123774
114063
113822
110075
115024
111339
107728
109963
102009
110095
125580
112205
123046
120787
116274
123918
105158
108265
105545
100785
107515
120841
103579
113506
107728
108822
112088
113822
113627
103187
108006
109439
117240
107728
111408
111408
122205
107152
113313
109734
108672
110359
109452
108672
111986
122761
120321
118966
114436
107396
96329
111951
111951
112006
108993
106404
120177
102116
110435
105952
119496
112171
107396
117310
113144
112006
109224
114990
113657
117196
115074
108399
123159
117799
114342
101240
119769
107245
103986
113797
104497
114342
113144
104534
101920
117662
112171
115196
113927
106348
116134
96329
112043
105386
107934
102009
106754
114477
106750
107152
109439
109104
111339
108938
108672
115357
108672
108981
103986
111232
104534
102116
109160
105158
120374
121048
116972
121657
131693
110580
112560
109734
105062
109104
113934
108722
116078
114745
115962
111951
114249
123582
116909
102009
113657
113627
112006
105538
98455
98455
114814
121023
117043
114507
106723
120303
110129
109683
129708
107275
117199
101853
108692
112513
123599
114628
113657
114249
109160
114507
105386
107152
105405
114933
122204
113290
114032
111710
127366
120931
108954
105531
114249
118392
112841
115783
119485
111380
106686
122821
117922
109963
128596
112043
114745
107010
104578
108722
123851
116274
120047
110245
111695
114990
107263
106032
103579
122214
106404
113843
110657
113777
107263
122552
116056
104578
109490
112283
117922
115918
119496
130368
104795
115004
122161
106032
114745
109854
114032
112219
120840
119868
118586
111917
108121
107934
106635
101240
107916
120350
113822
130894
108255
111806
114745
117799
112941
119918
107010
108798
117290
107245
111075
105952
119292
109963
109224
108587
114528
107994
105545
112388
113970
115918
108559
107906
124347
96329
113196
113934
107603
105538
108121
111380
107808
117700
128413
115074
103367
106089
111075
112378
110052
114013
108981
116606
117240
112006
105952
113884
109292
104497
117034
114079
112444
121657
106058
114628
118823
101240
118392
111075
114249
107920
117972
108670
108587
122396
117224
107994
100785
112219
118710
105796
104578
128080
102116
107263
119037
104944
101853
116944
119615
108993
111806
106404
119564
115357
114079
112388
114528
109196
108672
107603
123680
103923
106723
122188
116953
98455
128797
113884
101920
112219
104839
118192
117662
113196
101853
109292
111917
105198
107245
108284
118551
107905
117017
123002
111660
105144
113884
111660
101240
119448
111671
114199
106404
112513
117034
114964
116274
122713
113364
115036
108722
121048
114781
100782
117716
110339
109196
122043
117737
104739
98226
109292
107627
107515
118741
109963
107664
105623
117817
123918
110052
109224
104497
109439
109292
118741
117645
105158
110797
104944
116842
121238
128463
111144
116368
116825
111951
105144
113970
98455
106750
111710
104899
105405
123558
114249
111806
110419
110095
107263
100362
116546
108559
114528
114358
114343
115160
123215
120031
107396
114897
125161
123599
104534
115783
115357
109133
105623
110359
120646
109683
107152
100782
107906
111671
106686
107245
106404
109439
113313
111024
111710
114914
101052
122346
115074
100782
101052
110095
118144
113290
119947
109224
115730
109133
101052
111806
105952
104739
119360
107275
109387
117716
112373
100785
113117
111236
112171
120879
108121
109104
120047
116581
108692
123273
109196
115074
101920
117662
110129
107515
114283
110169
118554
112088
107934
114249
111024
112412
112373
107515
104795
108670
114436
123374
106565
112171
116056
105158
117972
106635
99893
118458
104534
101134
119448
116388
121876
107808
114507
123002
112373
124952
107906
108399
117369
117667
101240
113313
114737
122693
116735
106089
116321
105405
119360
127500
107515
119948
115522
109895
115783
101920
108954
117688
105405
121177
107275
113795
111695
108722
105144
114628
104739
101920
105062
114781
114079
101853
107480
107603
112205
105386
111075
138008
108265
110129
108121
114199
112219
120817
109895
122212
110657
103579
123690
108833
105198
116581
112941
114342
128262
111521
105538
108587
111075
108981
105938
111408
108672
96329
127257
100782
124182
107916
123582
110580
109734
117168
115771
105405
107916
118710
109224
111465
112452
118458
103986
113843
122140
110075
109104
104739
119196
122396
104534
108822
105198
117196
107627
115357
109815
104795
118036
105144
107664
120812
105193
105144
107396
111075
115730
119260
114342
111742
113884
118036
107627
117716
111521
116030
102009
107245
123025
110169
122603
109015
104578
109683
105386
108013
118412
120652
109160
120004
116842
106686
126351
122188
113627
125097
105158
110129
112924
115036
114990
114199
118277
128444
110169
106404
107275
118036
110706
113196
121679
103986
118412
112412
116110
113795
105545
100785
117414
108798
119822
106539
112452
111408
117381
107964
107275
105538
109439
119714
105994
107934
117414
101052
111465
124567
106348
111024
106686
108692
120861
111986
117667
112006
112898
109098
108981
120031
112560
110129
113820
110075
115932
113364
99893
111380
113797
96467
118448
113364
113970
116011
119714
108692
115196
123542
114983
125029
116078
118966
113844
103579
111521
109895
107479
109895
108692
113822
120321
109387
105386
122193
115771
111742
109196
116581
103986
130721
115357
98226
108981
115136
128268
111236
114249
111671
109815
117043
105952
104578
115025
107994
119948
126353
106565
109734
117737
118277
109160
110419
109439
126912
114158
114249
115074
111232
106796
113797
114342
103367
122693
105108
100785
115025
126474
113884
128875
96329
113777
110169
108006
110797
105952
101240
106635
118905
112219
110797
113050
103367
115160
115004
127468
106686
123441
113117
107575
103579
101134
102009
107994
107664
120294
114283
106635
108399
121884
107480
107263
115478
113364
113117
109292
109452
114264
119196
107479
112010
106723
119093
107994
115976
123273
122387
107245
107905
99350
103579
112678
108954
108798
104795
103923
123680
114358
110129
106565
101240
118888
116011
106635
107480
105144
114264
106058
124989
107920
109160
100785
118144
105193
107245
116135
107575
125771
105994
103986
116277
109292
101853
113106
119638
109963
118895
106089
105531
101240
113313
124060
107994
116546
105405
112678
112941
101134
104944
117381
112452
111917
106796
116597
113623
113364
119336
122225
108692
118192
116388
109133
109653
113144
116909
109098
133562
104944
120321
111917
114266
117369
112088
106565
107934
104944
105952
116321
107906
109224
105796
108587
109104
108265
110075
111465
111380
105545
124445
118192
107010
110657
105386
104739
113313
108265
110129
108013
115256
108833
100782
119137
105545
116972
119112
118485
105062
116011
107245
101134
116056
116572
100782
117667
116110
105623
113050
109387
108255
106723
107575
108399
111157
107808
106032
100785
100362
117224
108105
112388
101853
107627
116523
113927
118458
106565
100782
111339
110353
110052
129620
119093
109854
106565
98226
108954
116388
96467
106723
112043
114266
110706
116134
100785
107920
115478
123680
108672
120121
105386
121241
107906
118144
116581
107934
108013
105531
105198
105158
108670
116368
118966
107627
105405
128413
111806
109815
116523
118710
105108
106089
109815
98455
121238
98226
112898
122346
113795
123542
114283
109683
123511
109452
123187
113050
108399
122070
111951
107245
117645
106089
119093
123025
105198
101134
106723
105144
107603
122552
105952
115962
115918
109910
116135
108587
104497
107916
105386
99350
109910
111844
114032
103187
113820
110435
117645
115074
110435
107396
109387
109815
114678
117034
108284
106404
110169
110129
106754
117688
111521
116030
120710
122070
115024
107808
105531
124060
117199
110095
115024
110435
127777
120817
108954
100362
107664
98455
105531
120350
107515
117046
106348
110245
123176
101920
123788
113843
106754
99893
123918
117667
109653
105531
110435
114249
113506
116606
107396
120710
109683
107627
118908
114990
108833
120047
109292
104899
121362
116392
112010
109734
106032
107906
122363
98226
104944
117645
114013
101853
105569
108013
107263
105386
126658
121411
118895
110339
118036
110706
118895
138698
106750
106565
111695
115445
118888
105062
112378
107808
105108
122070
111380
120646
98226
118888
105193
116392
109815
115074
101853
120652
122204
128463
106539
103890
107808
109854
101240
109683
121023
105108
124989
111986
116078
119714
104795
114073
106565
104497
108559
111380
108265
105158
116841
123708
113623
101240
117290
116597
110095
108255
107152
109490
105545
105938
130396
120931
109196
111844
108399
104839
108954
103187
110245
107515
119336
108798
113795
119037
130303
112063
118905
113797
117468
117468
101853
112063
109160
109439
123793
118741
103986
107808
100785
118392
109854
113822
109854
114477
113106
106796
105405
112171
123929
109439
100362
109490
104899
107152
121241
112373
103187
107152
116972
118485
110245
118412
107664
116388
109963
106750
114964
119564
110129
113795
113884
109854
119137
96329
110245
104497
114781
103187
105994
105623
100785
105796
105405
105545
107245
110657
132219
117290
133317
101240
118710
122225
105193
114342
114358
123985
108255
117293
107664
110435
107575
108105
114158
122204
108670
120378
107263
113797
116944
111671
112452
108993
107603
115074
103890
104578
113050
105405
115918
104839
112924
116011
105569
114249
108833
113844
105538
109224
103367
110419
107479
121241
99350
123273
106750
112444
108766
110657
114628
99350
119714
112219
106754
106754
104739
108766
99893
112898
113797
122149
104795
114678
106539
111844
108255
120350
107010
107906
108766
112010
119360
100362
116953
131781
105545
116572
108559
111951
103187
106686
98226
120817
127353
104497
117196
114507
105193
113050
108993
120303
107916
114507
118119
113050
111465
114266
100362
110169
109910
122693
113106
107728
116825
107396
109683
119137
108833
107480
106058
115445
98455
107275
114745
103986
114628
105144
116909
117385
112513
111844
118485
107010
116581
99893
109104
115962
114628
115994
122193
110657
117293
109104
105062
118057
111024
123929
109653
117481
109439
118277
104944
108006
119947
112941
117667
128434
121248
112171
107396
106032
107934
115196
110339
118888
113844
115475
114199
110169
109895
128803
112378
108833
105062
109104
115522
102116
108993
104944
114897
100362
108722
114745
114749
109895
109224
121248
113823
105144
116841
123562
115136
109133
107994
118908
116508
96467
106089
118741
117799
121094
117017
111236
123646
108006
108670
122205
115976
116909
105994
108013
107010
109439
116972
118332
116953
105545
115918
113934
132879
115357
107263
116392
109653
98455
120294
125645
107906
110797
115918
108265
112444
109439
116321
121679
109854
116546
105545
106686
108672
108938
119822
125029
103890
113934
113777
120374
119485
116110
103367
110657
118823
105994
114990
106058
108938
102116
121106
105538
105144
133883
110353
129603
123275
120121
104839
106754
108672
121503
104795
111208
109490
112170
107916
106723
121876
109104
106686
104795
113884
103579
115994
99350
108833
113820
111380
102009
117414
99893
101853
123708
106058
104534
119485
109439
101920
105062
105538
108766
118888
113364
116944
111408
112219
108833
106539
107479
106348
103579
103986
109490
111075
100782
123441
116909
105538
118218
109854
117886
119584
139693
124182
114832
112170
112412
115962
99893
122396
110095
117667
115976
108284
118412
107906
105062
105952
109895
114283
106539
108993
120787
111806
124269
107934
117168
110129
108559
105938
118895
109963
109160
109098
105386
110419
101134
105796
114249
114737
107808
113313
103579
111144
117642
106750
98226
112539
108105
108672
109133
106348
104739
114199
115136
105158
106404
107245
125958
123562
117293
102009
105193
108833
110706
119037
107275
113144
117414
105158
120840
117293
108105
101240
117385
101920
116078
120177
106750
100782
122140
104839
113823
117240
112283
129603
118888
107575
105531
114990
103187
122204
109387
103187
112267
105158
107480
112010
104839
115475
105569
107479
116055
98455
114814
104497
106404
111144
101240
128820
117768
107906
118966
108822
107627
99893
121020
122821
117346
110129
100782
118710
110245
117799
120931
113050
116944
104578
112378
114199
112219
105952
101134
114266
120303
123263
107728
101853
115036
119485
96467
103923
120840
107728
132544
107916
107396
111951
108833
106565
108766
104497
108399
107934
108954
106750
110075
106539
105405
109490
109292
114436
107964
112171
112010
119309
113844
111408
105938
116134
108265
121884
110169
108006
107515
113313
109224
108766
105158
117688
101240
104578
107152
115136
108255
108938
116842
99350
103890
117046
107479
107664
109815
105938
111380
108938
110052
107728
109815
123275
110052
113627
109160
118412
121287
114013
104534
108006
113927
116886
117293
108121
105386
112283
103890
116134
115256
119918
98226
128343
110419
106686
110657
107515
105062
107515
101134
105938
108672
106686
105545
103367
130763
106723
106686
105545
111917
112170
105198
116581
105569
111695
113313
112267
105193
111951
108833
113822
105538
105193
109104
109910
108722
113506
107575
108265
120133
98226
104739
114528
105405
115932
105062
107263
110419
107010
112898
112924
114199
111806
115478
116321
105405
129458
107010
144263
102009
96467
104534
109133
143441
120854
106565
123613
106754
105569
105796
130203
105386
106635
100362
117667
111695
113290
116546
120922
114964
107575
106796
111695
107603
112412
105386
113196
110339
107152
114528
105386
108399
118458
106565
109098
107627
105062
113144
105198
108954
106796
114507
113657
114063
112513
113506
114477
103890
98226
108399
123002
102009
106089
106348
109734
116011
107808
109734
106723
115004
106348
116953
105994
114897
121238
106635
104795
104899
118966
118144
124247
121020
113106
108255
117662
113884
114073
124297
107010
114507
111208
107245
112219
113106
116134
117240
111806
116842
110245
119918
108399
114013
109854
124445
120374
108121
107515
105538
127684
114745
113506
116517
114063
100782
105386
104839
123313
108587
105144
111951
109098
105952
119442
108587
96329
109224
98226
98226
104944
111742
112043
108006
116825
115136
116886
116944
111695
103579
114013
112412
115771
109439
112513
107480
98226
117662
108692
107275
120294
110657
117972
114781
119336
114749
118586
117972
120861
116277
115475
118119
111236
131848
117886
112006
108587
113843
105569
116953
113364
117645
109490
108284
107396
113106
109452
124178
101920
120657
105531
103367
115074
112378
123646
107808
103890
117688
108559
115932
107152
117381
113290
111951
111024
116508
112283
107152
115036
107396
114249
114749
113795
114897
114964
114249
114063
118115
120922
110359
118454
112171
120879
118888
112412
114628
109963
111695
115357
105062
111236
101920
114983
119918
113313
113144
114073
109292
127752
117768
108399
126353
118115
118462
115994
106404
106539
101240
123313
117700
111695
110706
118036
105938
109734
114745
99893
111742
103890
114781
109160
112560
108105
116368
112444
96467
98455
130203
105623
112513
105531
109133
121023
110169
128490
111339
111144
112006
110359
115627
118412
112678
108587
114447
113934
113820
115771
108105
120861
113657
107920
108670
116078
108006
113657
112841
113820
114678
112006
106058
111742
121287
101134
108954
118586
120374
107627
116944
117645
127171
100782
108833
109910
107916
111408
121177
115994
111408
111710
109653
116597
105062
110339
121503
127736
102116
108006
109734
102009
107905
114063
116134
105386
109292
125821
113820
128128
108265
113623
128080
124236
108265
108938
107010
104795
108833
121241
109133
105062
118895
103923
104497
108822
111408
103986
117642
104578
103187
112283
106686
104795
101134
108284
104899
108399
116517
108672
112063
114063
123918
113623
105193
114749
112841
110359
109815
111660
110339
108833
115730
108013
105386
113822
114032
108672
116078
120022
117468
102116
101853
120922
114745
108265
105062
100785
106032
111951
111742
117645
118332
114343
109854
114079
108722
112219
112513
122204
119584
105796
108833
114990
105144
115932
116825
124178
103367
112378
99350
116572
103367
123273
103579
116523
114264
107664
115976
108822
108993
119496
105994
105796
107916
106754
100362
112560
105796
127861
99893
109133
106723
116825
120931
120350
115004
106089
108672
103579
106750
109133
108105
101052
116392
126353
111742
108013
116110
114264
105538
103986
102009
117043
112006
111157
105938
117196
105938
96467
111208
113934
105545
137388
117017
124060
111660
105531
106089
103986
106539
119918
105198
110359
113922
114781
120031
108265
118392
108833
113843
112560
113844
103986
112063
114749
106723
117196
113822
108121
112063
109854
136260
112412
107920
118458
96329
116581
108692
109815
111951
107905
122043
107575
103187
108670
114343
108938
128444
114745
121411
112006
113884
112063
111521
107275
102116
103923
112219
105994
105108
104534
116508
114283
115478
107934
116842
109292
107515
111075
117224
98455
120817
104944
109910
110580
116392
107916
116508
120652
112283
105623
105796
120841
105796
107575
99893
105531
109015
114266
114158
123708
110797
103986
112539
114032
108013
99350
108006
104899
117886
112924
119448
115445
119037
111951
104497
103187
109895
111844
114013
127548
114990
114063
108822
104497
108587
119868
110353
111521
116572
109490
114073
106750
109683
105386
116134
101052
120321
125020
96329
128803
112170
109815
118392
112513
117667
101052
111380
109292
107479
116078
111157
104899
108938
104497
108833
113922
116600
121020
108559
115004
106089
114358
120812
105108
113290
102009
106089
116926
107906
129412
121689
112412
108587
116825
103986
114983
100782
107905
114990
121287
113290
114990
113797
119033
108399
109387
109015
107575
113506
115475
107245
111521
115918
111521
105623
105545
124269
111144
113777
109160
111157
113364
112063
98455
111681
120121
102009
110353
109683
112388
110657
121238
108993
126569
108766
115977
106796
108399
108399
111075
111157
110435
107934
120854
110052
116926
106089
122552
101853
118888
113934
109452
109015
123273
104578
109683
124619
111380
105938
114266
104497
111951
122117
119137
108255
109387
109815
105193
113844
111695
103890
117290
117700
105386
109104
121287
111951
106635
111844
106032
106032
113844
113934
108954
120004
119947
105531
119918
117017
99350
108255
125183
98455
108954
101853
101134
112444
109387
105062
115357
108255
100785
107905
112170
106539
110435
104795
104534
111208
104795
106750
114264
115932
107920
112412
107263
111844
112412
106058
108399
123176
109160
105062
112088
122039
112219
112043
107275
107275
109910
113795
106058
101052
104899
109196
102009
112171
112043
109160
106796
113196
117168
106348
112378
105545
107603
120350
113927
111951
114628
105796
116055
121287
104944
101920
116572
112388
105405
101240
102116
110339
107575
127537
117481
111157
108559
119948
123511
105386
104839
123613
107245
111986
124181
105545
113290
115445
105938
119292
108798
104578
126658
104839
110580
105405
117310
118895
110435
107964
104739
107575
108672
109895
106539
125020
117922
106032
110353
112373
104839
101134
100785
101920
112841
105994
101240
114264
115256
107808
117224
120350
105108
