1199124
688503
521214
428692
372285
330531
312053
282030
268908
258761
239501
246833
213789
207393
207956
196603
198868
184087
195821
190032
172730
179952
186896
176698
175427
160056
163364
183419
159842
162778
165012
168244
158952
164064
176351
161498
146893
152378
151101
145603
143554
153480
150983
146425
153237
148182
146864
144441
140460
148775
146488
147281
150118
153329
141294
146019
140523
134035
141625
149473
143190
129214
128775
148808
144507
131584
152913
146911
149461
127366
126541
141096
127108
143970
136512
137796
134162
137586
126714
141236
138169
131120
130369
118426
125976
126371
142206
140254
130203
127725
118413
131781
123365
127123
126924
128396
119919
118908
128953
128613
122215
124182
127500
128597
129097
138011
119442
134973
123988
129692
119950
132969
115627
117765
138080
130910
122161
126132
124260
130810
120321
129360
132313
125133
132400
126253
117662
117290
118728
128356
127773
125637
129360
117468
122553
118212
127115
122418
123038
134796
118586
123442
119134
123368
113822
138407
108012
118966
129655
119307
118555
121659
129827
118807
133677
137694
118550
122157
132969
119113
119195
120551
112042
132880
129826
153619
134110
125593
111465
121685
128861
114745
125808
122723
124347
113196
114706
119292
118485
120923
143606
105795
128491
109016
128476
103890
134839
109966
110353
111380
123795
129131
124915
120294
117385
119360
123181
123317
107148
126946
107728
111075
125817
129136
121685
134274
117972
122215
113290
111143
134839
124135
124670
128201
121876
123181
114249
122149
123147
105524
119496
126351
119247
114855
123555
116737
122716
123930
116886
115932
103986
117667
120004
117645
123774
111143
141930
120861
131530
114269
113845
105938
107477
116607
116572
107904
112840
123600
111340
124989
118857
114413
116596
116579
118332
113506
131442
122349
134026
123859
107903
115954
110338
114509
116030
112840
124021
127417
112463
106539
122349
114161
114477
116597
111802
113933
130094
120846
124247
116544
128580
107927
127258
116954
125352
104902
114914
107937
111951
116927
109491
125352
115257
119360
118885
115713
112185
108798
139395
118219
119896
131729
114013
105158
112677
131349
124234
116108
111712
114031
122418
130704
115196
118277
123592
124952
123599
110129
122193
104795
107603
123147
114106
105406
106748
109854
117199
107985
128802
124538
124920
116276
119093
124293
122070
108586
119710
112909
128926
118899
112168
127634
118550
108396
129421
110796
114532
110359
121238
111232
117886
107935
122157
116840
119292
123030
107664
107248
126351
111738
120177
116886
123276
117321
114343
108822
110419
126000
117698
118485
123592
122821
123391
121355
119247
112372
114413
112091
113196
141392
115478
116930
117199
114706
112016
128613
114982
120133
102021
106565
118119
113822
117667
114013
119330
109683
122215
123002
127174
115072
117972
113822
109815
111671
111514
114031
124670
121023
108837
112365
109911
120710
103579
116970
125161
111954
126848
122212
133150
119772
117481
114477
100782
122193
118453
105570
114269
115730
122117
116368
114628
103368
121408
140756
115004
103890
118412
120657
118453
105994
106565
119336
104535
108798
98455
128535
119093
111987
109650
116132
109224
113843
120812
125683
117736
105109
120483
121093
103187
125091
108692
121888
113822
122142
111661
105144
112283
122149
108940
117765
112042
111802
114200
119663
99350
129575
113624
108103
121238
123276
129394
120812
105198
117922
114810
116519
120004
114059
116544
112677
111207
117043
117922
112372
106348
114106
107274
117045
122215
111408
126657
115918
115754
120374
109875
103368
125675
116523
108996
114413
114248
121023
117043
116079
116079
105994
114446
125184
111157
118219
116544
118144
109452
117737
113880
113048
108670
119033
108765
121377
108006
113970
122593
111688
112016
116572
120923
122195
119195
114933
116318
114358
108765
105952
108670
112016
106687
113798
124255
109196
114776
105376
112840
111022
127188
108822
115358
108103
111232
106427
120649
129954
110338
128795
124952
110419
109735
119567
118917
120022
121685
121335
111340
113364
122566
111738
113777
117196
114380
114766
106034
122396
110435
113797
123394
107148
114200
117642
105994
118555
113922
116388
136347
115994
109106
110095
115109
119292
120861
129131
108257
120861
113843
121355
111843
120551
103890
114509
110077
107626
127174
104535
106059
110796
114266
115524
109224
117168
112206
116283
111919
106634
110435
127544
112168
107271
117667
116508
104575
111340
105624
104843
112281
112452
107935
110796
120649
114766
115962
127417
119772
108722
105062
116079
123046
129723
114446
107904
111695
113312
118114
116737
112941
120922
115026
109135
106348
115046
117224
105524
116022
128775
110129
113822
110017
110168
114766
101123
115954
115072
120133
104795
111712
114793
102021
124021
109452
116508
99889
105952
116508
129412
114283
117383
114966
105194
112365
114269
128511
117168
105542
127904
118885
120026
133641
116368
139445
113797
118823
113196
108692
142466
113777
116856
106427
110796
102116
114477
103918
108103
109294
107920
123181
123147
121246
108837
115072
110017
111671
107607
114628
112513
133485
105198
110653
112174
117240
123030
111671
108722
118459
120337
123912
115063
115448
122070
112513
119033
110129
108122
109196
120022
113048
117045
109875
106348
114914
112168
117290
119772
112373
108670
139925
111340
115962
118144
103187
123788
123387
117481
109196
104460
112006
98455
117667
107515
106750
112560
118144
122619
112941
118657
110580
114446
101921
121238
99350
116395
107248
117045
105542
117736
111843
117645
116930
113822
103986
111075
124670
107603
113144
108006
113312
108284
108940
109196
104795
111688
101123
109875
117383
113822
113629
107920
110419
124511
113798
109294
113629
109683
110359
110338
118807
126371
123708
127537
120121
103368
116395
114933
120543
115954
115358
123046
113845
112091
104575
103918
108257
115036
109106
112909
125373
104460
108284
116030
96467
117290
120004
117224
122978
116927
114975
116395
105624
113933
107920
114013
108670
116134
114413
107274
118332
115046
107664
113390
117667
105376
110435
118586
123513
114283
106796
107937
106539
115962
117367
108996
114793
109452
111688
114358
111802
107920
107271
113364
108257
115730
107248
136920
112463
126714
108837
107607
104902
108822
117645
114477
121023
107008
100782
110796
128431
116519
105062
111919
117017
119330
105144
124182
117385
118917
116523
126226
111022
114914
123391
99350
117043
107937
112365
124247
113798
119496
117199
122215
118823
117383
113106
105542
108981
124181
110653
115160
104843
104739
118885
110338
107477
135212
101240
108586
122604
114248
130588
116011
131781
109196
100785
108284
121241
121659
112540
104942
108670
115994
110796
105624
111234
116388
107937
111514
100785
106687
111738
116607
123176
112006
113312
105994
114914
118412
112168
108692
124935
120922
111661
116954
115448
125938
102116
111157
105376
123181
113364
105531
103918
106750
118728
120543
114766
107985
104942
113922
110706
111738
136904
108670
109224
117645
105062
113657
110168
118550
120133
108981
117168
113048
115036
120294
107477
114249
116137
118036
105406
114076
96467
108996
126946
111951
113312
107477
109098
115974
101240
111465
119336
123859
122149
106723
121023
113048
99889
115474
109294
105531
107904
101921
116079
112174
108559
104942
112941
113922
139773
99889
113106
111234
109016
122195
116825
107248
117321
118332
113624
125683
114810
105194
122603
104460
110653
118885
105795
108559
109735
125817
109439
98214
104460
102116
123158
127688
102116
117168
130983
111919
111465
128463
110168
110580
122603
114076
121685
134471
115730
118277
120374
111712
107903
115974
111688
112206
133259
108559
107477
110706
96329
117017
113390
96467
115713
124567
107390
116041
103187
107274
109966
111919
110706
108765
123216
108586
114031
116579
114106
101853
103890
118586
113106
117196
109650
109735
109387
123266
112283
106750
117017
117292
101853
106687
123774
112063
115063
111661
107515
107477
105570
109224
116011
116523
108981
121377
123391
112898
109815
123774
116022
125637
110419
109294
100366
109875
117321
108996
111408
114966
116395
112898
108938
116597
103579
116825
122418
105062
103579
115974
113797
108103
106348
118555
109683
117736
117972
103986
126491
104843
106093
101921
114358
109966
125593
116283
108822
112174
111954
106687
132879
118119
125683
122363
117779
114933
110168
118917
111340
120321
114982
109491
125938
113117
105570
119260
106093
112283
108559
113777
104535
118114
108006
121109
120846
114810
126491
100998
117034
105952
109196
115974
117736
118036
111465
107626
106565
122193
112452
105994
115036
107935
121287
111843
103187
109815
108722
103187
117481
116523
113822
116395
105531
112016
107515
116596
108798
107477
104902
118219
122042
105952
120923
112281
119584
109294
124255
103368
111207
124181
106796
113117
108396
107248
116388
117196
131173
109650
108670
123038
114747
144437
100785
113629
115627
106539
111843
107935
105109
109135
129571
112357
130764
112560
111738
108265
116523
108722
119663
107664
122220
113144
111075
112373
121408
108981
112091
120351
106034
109387
111661
121006
113364
112373
114446
116030
119260
112452
118885
112941
105542
109439
108765
105406
111954
112063
110017
105158
110706
100366
123030
107808
111207
115196
106059
128396
110653
106093
115713
123365
107477
109098
130588
100366
106748
115026
117698
116395
114076
122205
115072
108722
116596
112909
117412
124619
111022
110168
108837
105158
105531
109439
120658
108265
114628
105062
109387
114532
108938
103918
116368
122070
110222
121355
112006
106034
111075
116508
118899
107248
134862
119292
111661
103187
114380
108559
118119
106093
115160
123387
106723
112540
108722
115109
118885
113390
110017
122593
108559
112540
106059
110580
109875
108940
105406
107271
124135
112540
109106
123617
117642
110706
106723
112206
115974
101921
123646
109683
107607
116283
127150
105524
113798
113624
114745
115024
105570
109135
113822
108670
120657
114076
109683
107985
116970
116388
113390
113843
114933
102021
105994
111712
116041
101240
105624
112373
108765
113933
112174
111695
126355
106634
117481
108012
111954
112168
107008
128230
107927
96467
122713
110168
112513
140756
129845
109875
118457
114914
100998
107148
107603
118917
114477
109294
111695
100998
128417
116079
111234
108981
116579
121888
107626
110353
108837
114413
113657
117240
109683
109854
108798
111380
115754
100366
105198
120657
110353
116276
122193
117224
109815
110580
111514
106723
112452
116523
106034
104795
105198
108006
105624
104843
109650
107390
99889
106034
131600
115063
111954
113797
110353
120351
114855
108670
108981
111987
117321
118895
108670
118917
113117
138859
116368
107607
125938
119195
109387
109196
102116
116886
110222
117779
120351
111340
114810
110077
109155
110419
128595
111143
119919
112283
117321
105570
118332
115932
117662
123617
120374
116886
105158
113048
114855
109966
113822
115004
109135
116917
106427
108396
112042
109815
111695
109016
122603
123697
98214
105570
124935
107920
121412
105158
103187
111951
113880
110419
106723
119950
118966
105938
101123
107664
115024
112909
129394
128158
107927
114766
115918
126369
123912
109491
108284
117224
121888
114106
96329
101123
114249
112281
108981
100785
109294
121888
131530
119442
105144
113629
106427
111712
108284
116030
123365
109875
105938
117468
114532
107985
125133
109815
116030
116970
103579
114747
107808
111465
114059
120022
107903
107808
112540
121238
120374
122149
108981
118550
104575
112365
101240
105109
111380
119260
111232
107728
112677
100366
106348
107903
113144
110168
122396
117321
100785
115358
122349
128424
117886
107904
111465
127725
121093
109735
124670
114343
121377
105406
111408
111143
110706
112452
123038
115474
114706
98214
115754
113106
108006
118966
103918
104902
98214
113312
116596
119093
108996
115474
120846
114266
111207
114269
112206
96329
108692
109439
101921
112452
105938
110353
114628
116388
115994
109155
106634
108670
123147
106796
115974
104535
106687
108996
104460
108012
114380
111671
109387
107808
107271
106059
101123
108257
106034
115474
112006
106796
117737
110077
125593
126452
115754
104739
109911
107920
98214
105109
110168
113880
104535
114706
99889
114532
114766
110222
107903
104739
112373
113144
122979
114031
114380
125091
116388
115358
112840
114776
110222
123158
103918
106748
131729
126351
105542
113798
108837
122149
119442
112357
117168
123365
124293
109106
105376
125676
105795
106687
123387
127188
105109
123797
107607
118899
105144
112281
120351
113657
109815
115974
119947
123646
116607
112560
120337
120551
106565
105376
119023
105542
120649
116137
107477
108284
111143
111695
117645
107664
116954
104739
112677
111987
118412
110653
108938
115754
122042
114532
103368
115932
120649
103918
107477
114933
123266
110796
110359
112372
104460
114161
106750
107515
104575
115063
122204
103918
107808
123002
113144
96329
127115
106796
115109
112909
106565
108012
106796
108006
105624
113048
115478
115954
114509
115109
105198
108284
121176
110796
108006
117224
119496
105570
120177
117367
109650
109439
119663
110419
115036
112357
112840
101921
113797
120841
108103
115713
130588
119260
106093
96329
113117
117662
107728
121287
113657
117224
114076
112540
113922
105144
126476
115358
106059
109683
119496
108692
120551
103890
115730
117922
117224
105198
108586
108837
111712
120374
107515
113880
117922
100998
120121
118332
114413
122619
121246
111022
100785
107607
115196
112540
107937
129360
106796
123038
117412
128535
116079
108122
104795
116283
111951
102021
122157
126474
116041
105062
119336
109155
113927
101921
109911
122117
104843
105376
107927
119307
105376
106059
108559
103368
116276
114059
115994
107515
107728
107274
104739
113624
104942
118485
114966
108938
109815
109735
104535
111951
111408
121679
107985
119485
108284
113822
110338
109224
120121
122387
118332
109735
104942
112373
141705
115160
129626
119584
128535
113624
105194
106634
110222
105531
108257
117292
108670
119307
114810
117698
112185
122070
118586
118144
123158
100998
117737
105198
129136
103579
111987
109098
123038
114933
109224
108257
115754
112091
105109
122578
124952
99889
132729
112452
101853
117765
108265
119919
111738
107390
106750
107248
106750
107274
115046
108722
113880
107271
109815
104902
104843
124347
106796
113657
108940
122553
113624
114793
109966
105795
113364
110653
112283
121335
114982
109854
108122
111695
114975
114413
133030
109016
105952
112941
123747
111951
115026
118807
108938
105109
127468
108938
130396
110222
106723
108103
102116
106093
131173
114248
117698
115036
113797
119336
106059
114975
116137
107728
122149
99350
126310
105524
112463
122215
104902
105406
112898
101853
119950
130588
112677
117321
127732
118550
126310
114106
105531
114161
108396
115730
105194
114059
116041
122713
108586
120022
120861
119093
100998
118485
116597
110222
111514
110077
117765
132327
117412
117346
108765
116368
124182
116544
142994
103368
112941
109875
117043
122821
114975
109135
118728
103986
100998
99889
103986
111954
111157
112513
104795
108765
121888
111232
107515
118212
111661
117168
112206
111919
107920
109966
108722
111380
98455
98214
106565
117017
126355
108670
104575
109683
111843
113629
107808
110706
120031
107477
115160
105624
113117
123555
109650
113822
113624
116395
109491
120031
107937
119919
116132
108938
113880
112357
114343
110077
99350
123274
106427
110338
111232
105624
115026
117737
117168
115448
116011
101123
113798
112174
104942
128068
107664
119260
105194
108006
107664
118413
100998
107274
116132
111843
121238
113777
118657
123216
116276
120034
118144
112513
113845
115004
114161
104575
108670
112168
107728
117922
114343
104535
107904
108938
115063
115962
113657
109155
113797
112091
117468
111207
115257
118144
115932
120034
112091
123713
105524
108396
118657
107477
109387
116544
109911
120861
115257
107903
114532
111465
106796
120922
106687
107985
111514
104575
120004
106634
108012
115160
119896
108765
112357
113933
108692
108765
118710
110095
114745
112281
118426
112540
110706
124234
110580
107903
117240
107390
116579
106723
124255
104739
110653
107903
127271
111234
119584
102116
106348
111802
111408
125675
111843
105109
111340
127216
125184
113117
106348
110222
120710
113880
110222
116840
104535
111712
116283
120303
108586
112281
118586
117642
113290
115474
118277
118036
105109
107515
111671
111954
103187
112898
114745
108765
112513
101240
96467
120026
112283
109911
126541
109294
128597
107927
114933
113048
107248
107927
123774
114161
109735
107626
114200
118657
104739
98214
111234
106059
113798
122215
111802
107271
108996
117240
108103
112168
112941
117642
123774
114766
108006
107390
111514
111232
105144
116519
117017
116030
114477
119448
120649
105406
100998
107271
110017
109854
117765
111207
107728
108586
105524
117292
113822
107148
120543
106796
105524
118119
105376
99350
126946
110359
114248
122212
113922
99350
111919
114628
109016
120649
123391
107477
108559
108940
110168
107937
123985
117737
108012
116930
115026
110338
105994
108257
122070
126657
119496
114106
129954
110706
105194
109650
110129
127150
122280
110580
107607
115036
108284
108396
114076
109155
106723
113196
104739
118586
111408
105198
108257
112560
105624
105624
112063
116318
116011
116607
109491
110580
105938
111688
113290
111688
111408
114266
123317
101853
114628
115160
104575
113822
121412
113312
116825
120923
117240
107937
107603
128068
106565
124347
116927
110168
106634
117196
116283
125808
117043
107603
112840
106634
120351
109387
118114
111695
105542
115954
112452
116579
109016
111802
103986
115974
110095
108265
113506
107008
108765
96467
107626
112677
105062
117667
106748
100782
116596
111207
113390
107477
122149
108670
122212
116011
114747
123775
122193
106427
106796
107607
104942
103187
113845
115524
117385
113822
98455
112677
115160
112174
119260
113843
111022
109098
108122
123850
103368
128580
121888
106059
129842
112373
115063
120321
113144
106348
105524
105938
116840
111514
113970
114855
104795
120031
129692
98214
112365
108006
117199
112560
96329
115932
111712
98455
105531
114358
116368
108396
111207
109439
109735
113657
115109
118885
111157
109135
116737
96329
125133
128802
117765
110338
114776
112206
101921
108122
111695
123600
112168
108006
108396
107935
114249
108122
116388
114248
117168
108122
115448
107626
105158
118917
116041
111688
112168
105194
112540
104575
108670
108670
117779
120543
107477
115063
113843
113798
126452
110580
113777
114975
106427
98214
128158
103187
110095
115918
104739
120846
119639
108670
105194
108798
113390
121109
115196
113196
116930
112042
102116
114810
113970
103986
117642
104942
111671
106093
115918
116917
113117
113290
112373
118857
114343
99889
106723
115109
112174
118728
116395
108559
104460
128230
104460
108103
110129
111843
114076
106348
115974
114509
115196
113970
111207
119292
113822
118114
115974
107390
109815
114249
115627
107477
107274
110435
108284
112206
100366
123912
111465
104843
117240
109196
105531
113927
109387
107515
116840
113290
111919
118710
114477
105994
114248
116011
105542
123181
106034
121679
117667
107904
118917
123513
101123
112357
135213
109491
104843
124935
116388
108996
109387
115994
105570
108822
115954
117412
114509
121023
100366
107985
109135
108940
103579
118555
109294
140460
108284
115713
101123
107808
105542
107477
116927
117196
110796
108670
106634
98455
116825
127975
122117
115918
105144
107477
107603
108938
123686
107008
122157
116041
110168
116840
124796
118332
114706
113629
110017
104843
118899
112185
112372
105570
105795
108006
111157
114747
106059
114013
100998
117481
105194
117290
118895
116318
101240
100785
109491
112372
100366
108396
101123
120177
117292
113144
115730
100998
124181
110580
106093
110338
109098
108012
117367
123002
107271
116597
108938
119710
124567
115524
110419
130396
105524
120034
106750
106539
111232
117383
114248
96329
107904
110435
117385
101853
104902
105624
107920
109387
112513
107515
110706
111954
109155
120818
106539
105938
106634
104739
110796
116132
116079
114747
124255
107927
118550
123181
113797
105531
104795
119247
114380
108798
107927
115160
103187
118114
113106
128859
113845
107515
128435
115109
114793
114013
123216
126369
119360
107920
113312
112560
98214
114269
125091
118413
108940
110017
112372
110017
108722
114966
119950
104575
123046
124293
104460
115358
112091
118144
106634
116596
122215
117667
130143
100785
111954
108837
119336
114200
108265
116108
117383
104535
120657
116132
110129
107271
105062
126946
115046
129741
117886
118885
119947
111232
108012
113117
108940
99350
112373
114509
112168
108670
96467
108981
107515
111465
110580
108938
109016
116825
117240
111232
117667
114343
114975
118917
106750
103368
112016
112452
106565
118857
111661
117385
118049
110706
116825
115962
121876
107603
105531
116368
109491
104575
109196
112463
108938
107008
117922
107390
103368
102116
115358
111075
115932
113117
107607
105952
116970
108822
107271
108257
114855
109387
118857
96467
105994
106748
117886
116137
107935
110129
107607
105158
116395
117043
110435
110222
111408
105198
107920
118823
108722
106427
124347
114249
100998
111951
107148
106565
116856
106796
104575
112281
115004
111987
110077
112281
116519
117383
132172
111671
109452
114343
112016
124021
109439
118144
110796
104942
108981
119247
115754
100782
106634
108981
106634
124796
103368
122042
105376
104795
114380
109439
112174
103368
116041
113922
116886
117824
124255
117385
116137
113922
124182
105542
118885
119134
111712
118144
108103
105524
122193
112677
114975
124670
104843
105531
119195
122387
107985
107477
113290
109854
115160
107626
109155
107271
115063
113970
105938
111143
106427
118908
114982
113390
119485
110129
100782
114747
115196
112006
123918
116368
112365
114013
108257
117321
110796
112840
105952
122716
101853
105194
113797
117168
116579
109387
108559
119663
109854
107603
110580
116137
118710
114745
117779
121502
117662
110653
121502
123797
116927
114446
112540
114509
109966
119663
112357
125683
120922
108670
117367
116137
115063
103918
111075
111075
123368
115730
107904
99350
127634
111954
115063
129526
113629
122349
117367
113927
100782
118277
107607
108265
108396
109294
105109
120923
112168
111022
115918
109735
100785
104575
105198
117481
116544
110353
99889
108265
128703
108822
115974
105624
111919
109135
111157
111843
115196
122604
116840
110796
108765
114031
109224
116041
123912
112560
109683
116930
96329
111954
110580
122723
123988
110222
121679
110222
128861
104795
114532
109452
109491
118550
116134
107626
105376
101853
117468
119247
108103
109016
110338
96329
110353
117321
106796
116970
125352
110129
99889
115448
107477
106034
114161
110017
126601
109016
113798
114933
114106
127862
115994
115962
114106
114914
107271
112283
105542
122204
100366
117034
123181
108257
112006
112281
117737
105062
111514
118917
96467
111688
128859
117412
123617
120812
120034
113390
112063
103579
118728
104843
114013
111987
116597
123988
115932
117412
114059
109735
113927
103890
111843
105109
112909
114200
106634
117385
112513
108670
123697
120543
122604
104739
122157
103368
114343
120004
110338
127634
113117
123797
99889
112909
116519
116041
112677
107477
96329
111465
120177
111951
106748
99889
116970
114200
119195
117383
120034
115036
113624
111951
116917
111919
119947
102021
114161
114810
107626
106723
109155
101123
108798
112560
107515
113629
107927
121023
113196
108396
109294
108559
109491
123708
112283
113629
112042
111157
112185
116930
114628
109135
111408
123365
113797
108940
107985
114249
126848
99350
119772
116856
121679
123038
101853
122220
111843
117290
111688
110359
114628
112513
109911
134162
105994
108559
105109
105524
112174
117922
107920
120649
107274
114106
116970
114628
116597
107920
101240
106723
129826
120818
107248
116856
113777
110222
108837
114855
108940
113970
105144
109452
118550
112283
114161
114446
119584
114013
109683
109098
100366
120177
130303
114343
115962
117662
112560
111802
119448
107271
110077
107937
111987
116930
115448
106093
116840
105570
129571
109491
108265
108559
105062
120022
96329
113822
123774
111843
117698
106796
115196
123558
112283
118049
113312
111843
109098
105194
122349
115448
115918
102021
113117
111207
112898
109098
106539
105952
123147
100998
115024
108670
121888
125600
104535
105406
109196
104843
109735
113822
104739
118485
122142
120133
100785
113927
111987
113312
113390
114031
123274
103890
114966
111712
114793
121241
116930
107985
109966
113290
113927
113390
124260
120657
117922
108396
110653
131831
110653
111671
108257
100785
108670
105570
120787
113970
104795
105194
123581
117385
107904
111954
111712
103579
105542
114776
108396
111919
102021
120483
115036
120551
104575
122205
117886
144263
111022
108265
124915
111157
114793
112042
123038
115918
116954
108006
113144
106427
107935
108265
109196
100785
124852
99889
107477
96467
115004
112372
112463
115024
112677
117383
108103
124181
112281
111465
117199
112898
106034
122212
104460
111514
116519
111232
105938
100785
106748
106539
123600
106034
118728
106634
123985
105194
115257
109650
116134
114914
110129
112898
106723
107274
114106
116840
111207
112372
107927
108938
114380
122619
112560
118966
107515
118453
112206
124182
108837
105994
108284
109815
99889
107248
115478
112042
112452
105531
124347
112283
117922
105144
116388
98455
110706
112006
106796
112168
113843
125373
112283
119485
100366
123147
107008
129575
106748
115026
120374
113312
105406
111022
113798
104739
125976
116132
108938
118917
123038
101240
108996
112016
127348
108822
117667
105198
107664
106634
115004
118905
125593
114343
122603
113845
108692
120649
115004
103918
110353
114106
107904
120837
128387
115994
113933
110095
118219
123592
110580
105624
103890
122387
110222
108257
100366
109491
122387
120294
105158
105144
113106
105158
117017
110077
124182
138009
104460
109224
109098
117824
106034
103890
111157
109224
108822
104575
123774
111987
118212
108012
122604
111954
111919
108265
113657
119247
116276
115024
119823
121355
116276
105376
107603
106796
109735
100366
106565
112365
107626
114776
103579
109966
107903
110338
121023
111688
106687
118219
107903
109016
122363
107515
104942
115046
114966
110580
108981
101853
113843
116388
118332
117715
117736
119919
113624
107607
112174
121023
113777
105376
112909
112560
106750
107935
106539
113048
109491
112281
106034
107904
128535
113290
112206
108940
105952
117779
115730
126476
113843
111671
111075
113290
111688
109650
113048
111075
106687
106348
118114
106748
112365
117224
108257
119485
117667
107728
119033
122193
107626
113506
108981
113364
113927
115160
113624
106093
120026
111340
113144
103986
115160
122215
108670
109155
111514
109439
111380
112006
116395
126023
103890
109452
105062
108692
116927
114914
112185
119615
122142
112840
114477
107274
99350
116011
108257
108940
112006
129626
110222
112185
105194
113048
121246
108586
117765
108996
101921
112283
109911
118586
104843
118807
99889
112677
118212
109098
115524
115918
122566
118049
113312
107477
103986
119615
128158
114343
108012
111671
106687
123788
118457
106687
122604
114076
115160
111157
116954
113822
126983
113364
111075
105624
107935
113390
104535
113290
112063
111688
104942
107477
111843
114975
117662
99889
104739
104902
111157
126351
111340
107271
112283
116041
122204
114200
105795
106634
111695
115196
96467
110359
108396
113843
101853
118908
111022
108396
107477
121876
106427
100366
114509
105109
108940
112372
112168
113843
106750
113845
124021
122157
112677
114532
120837
108940
105938
105194
114380
101921
110017
108012
108559
113922
104739
127468
108122
103918
108670
109135
106750
122161
96467
111207
110653
124915
105144
107008
109491
107515
107903
105542
123788
107477
109650
116022
106034
106796
116132
120004
104942
109106
99889
101240
108006
104739
112941
109452
104460
128404
115160
113657
118485
115109
124182
107477
116030
121679
123147
117667
98214
111022
122593
129692
122042
102116
108670
107808
111951
107808
105194
109016
106723
105531
112840
109387
111157
114628
98455
113106
111987
121377
112206
100998
114249
106034
147484
115962
129954
108122
111671
117662
121502
123788
107148
106539
132485
108765
117481
114013
122010
128597
103368
116840
105376
110095
115962
128356
112941
96467
112540
107728
117698
111695
113843
108765
106539
106634
113880
105524
117736
108822
116368
117383
107664
107664
98214
104843
122193
108996
113144
112042
119584
115627
112540
112063
108996
114975
120787
108822
108765
112016
116134
113624
108257
106427
114249
112513
114380
101921
101853
105952
108940
112365
102021
99889
106748
121023
105624
106565
115024
118885
122566
105376
118807
102021
107148
121412
118426
114283
118966
121412
118857
111954
106059
125938
123368
101921
107477
112898
104460
122604
111234
120710
113798
111738
117922
114933
115754
128638
115932
107664
109106
110338
108798
107808
128511
104902
98455
111695
110580
111232
111232
99350
122723
123558
101853
108670
120004
106748
112063
109016
118049
113117
103579
107927
114161
105109
118453
111022
122205
113798
120846
112091
107008
120922
110353
123708
110419
120543
120812
106723
106059
107603
104739
113927
109650
107937
112909
103579
118710
109135
107903
105376
115448
118413
124952
115962
105109
118905
116079
112063
120351
108122
117736
123985
116276
107515
115962
107271
107477
106748
120177
109650
116134
110222
113797
115918
107985
108257
107937
108798
109452
96467
119260
109294
98455
104460
118895
120922
122593
101853
110017
105194
114446
123713
99350
107927
109815
105194
96329
114269
102116
109387
108103
117321
111234
123788
100785
114248
128595
129469
127123
115026
108996
112281
113822
117736
109387
120543
111671
113922
106750
108396
118857
116283
107008
110129
112372
112042
112452
106093
114706
123677
114266
106348
107148
119496
118550
123686
107626
114249
107728
101921
117667
103890
126355
103890
124181
117196
120846
117779
115257
130537
123562
119896
113506
114766
114269
113048
115713
111022
113364
107008
117292
99350
110077
118710
112006
112373
104575
125808
115932
119093
118899
114706
107626
108692
112372
114249
120483
123599
104739
117468
111157
106093
116276
106034
110435
111157
116022
119033
112365
105531
110435
117321
113629
106059
108284
108765
117292
109155
101853
107927
110653
116137
112452
114914
113822
109387
126000
120133
111843
114810
106059
108722
109911
113364
109106
108940
110129
109491
105158
133731
105542
113312
117168
108940
112513
117383
117736
114248
106059
118905
119134
113506
115730
108996
106750
119947
117367
122593
114059
130427
113822
114975
120657
119336
117196
112840
116137
113048
101123
124670
111234
108559
111143
108257
106634
113822
115627
107008
128953
115004
113880
113144
115962
118426
109439
100998
119567
107515
111688
128511
113777
111987
112452
106093
106093
122716
109650
113624
118728
107808
107808
106427
107904
112898
120657
104843
114776
111843
107808
109224
107927
111951
120337
105938
106796
96467
110353
108798
109735
105531
106034
120657
127862
113970
114380
114628
106723
125097
116108
108722
118212
110359
107935
117779
109016
108722
107808
107927
115994
107937
106539
108586
107626
109966
112357
104460
100366
114706
110435
107271
131584
110580
101240
117292
105624
107477
116137
123988
115478
111465
105938
114766
113822
115448
112372
118885
107728
111465
106687
105194
120380
106687
122070
109911
107664
107248
114914
111157
117824
109135
107603
112283
105624
107515
112174
105570
112006
115072
107937
111951
106750
107985
107271
130427
105406
117045
99889
106723
109224
105144
109875
105144
112909
119615
105624
109452
121335
112452
106539
112513
108122
116970
108798
103187
114343
117367
100366
118899
122010
122215
113048
105542
114628
103986
104902
110653
109294
112006
108938
113629
113390
110168
122603
107603
103579
107903
117468
96329
116318
108012
100785
114269
105952
128861
104843
109135
115063
105524
117667
108559
117481
106750
109650
118277
114358
115994
111022
111712
122193
107903
125184
107148
105158
117642
113880
124247
116927
105109
99350
110095
117779
117385
128404
112941
107927
107390
105952
120818
117481
107008
98455
115072
109155
112283
108940
104575
119292
117367
114358
105406
104843
111802
103986
114269
111738
114031
106634
103890
117168
113629
111232
108670
107937
118114
121176
114269
114283
99350
104902
109439
122978
118899
115954
106796
116519
112373
110796
105994
105144
119663
101240
112357
114745
113048
111465
96467
113624
126946
122161
102116
112016
126601
114380
113927
117698
107808
107390
118657
119330
117481
105542
113927
108692
107607
108122
113290
111802
118144
116108
106796
107477
116970
111688
117292
112042
107390
114413
114793
105144
108670
107515
104739
103986
105952
112281
111232
112463
101921
124796
107728
120004
108692
113657
114106
117383
105194
108265
106687
107626
124670
117034
124179
115063
106093
111802
108938
114855
100785
107985
107148
100782
113822
129655
113843
139856
109735
111951
117662
113845
114161
117645
117667
114076
104902
111712
115063
109735
121876
100366
123708
103986
126000
116917
119772
110168
122042
109735
113822
110419
112206
108284
110653
108122
101240
108692
109439
111340
106348
105406
107477
108122
111987
112463
108122
108257
112840
132644
115974
140325
101240
115713
109854
119307
105795
108722
98214
109155
106687
111712
106687
106687
116544
113822
116388
104795
111022
121023
118885
106796
114358
133197
103890
107920
98455
110095
105542
116519
111340
122418
109387
114343
109098
109294
107904
117824
111802
115954
118485
106748
111843
119113
123795
122212
108722
107935
107008
118049
100782
109650
108586
112677
111408
107664
106723
123276
104575
117346
116508
110353
105524
119772
112174
127257
111143
115474
107008
112016
115196
113822
114446
115257
109387
112540
101853
110222
105158
115994
113657
101240
127351
118823
110435
116368
107626
108396
109875
113777
104535
122603
111954
117045
106539
105938
109155
110095
109155
114966
113822
114059
105938
105994
104535
111661
115627
114161
112091
112941
107477
103579
123176
105624
116930
106539
107808
115024
123266
120374
123686
102116
100785
107603
123216
96329
106034
102116
105531
129571
121679
128844
107920
105194
107515
102021
110095
112016
112560
109735
112168
106348
106634
113822
114793
113777
100782
105109
113364
98455
114982
108122
121006
109491
100782
109439
106748
118555
113822
113364
112677
109735
117667
124179
107515
112365
108692
113390
110168
109966
112513
117321
105938
132326
122010
101123
112185
114747
123181
117737
114343
113933
116283
125584
111843
115478
105795
112840
108257
124670
111688
118049
109911
107808
115962
117196
120923
114745
109452
116108
107477
107477
107937
114283
115954
106796
111022
112174
112042
116856
129817
106565
109135
110017
113290
117034
109098
111661
105624
106093
112909
105531
109155
112898
116388
116825
106723
110353
106796
104575
107603
108837
115478
116840
106093
107935
121109
115072
118453
135261
113822
107477
104795
122349
114161
113506
113970
122280
116283
105952
113843
120710
107904
112560
116388
116283
99889
114793
126000
115072
115994
116395
108670
111712
107927
112281
105109
117240
112185
109854
106093
108996
123697
107664
106687
107603
111380
115478
111843
101240
103918
123387
109224
112677
114855
108981
101921
109387
109387
123216
112452
116607
103918
110796
107477
115046
111022
123859
113629
125593
119615
107664
120303
111075
109098
103187
116856
105795
110338
107477
108798
100366
114793
106059
109854
112840
108012
107728
116579
111695
112063
107390
102116
113390
112452
112174
110359
103187
124182
106093
100785
110653
112357
107607
109294
104460
107274
127175
117290
107664
122418
116886
101123
107927
111234
103187
123266
120861
123600
117367
107271
114810
114747
114532
116519
125022
107274
110435
96467
110095
108265
130588
106634
117168
108122
116030
111951
111671
111408
123394
116368
98214
131181
111075
112063
114855
116395
127150
106427
107937
115962
118657
108837
107008
107274
106723
118485
100366
116544
116108
129412
126310
118586
108722
106634
114013
115962
114477
114358
109911
114013
109387
114933
109135
123592
111157
105531
111688
113797
106723
108122
100998
108722
105542
104460
106748
116856
121287
106723
118586
106723
101853
109196
106634
117321
108722
106539
107927
114745
116508
116395
123046
113506
105158
108122
116508
107008
112513
112283
117779
109854
108798
110419
109016
120551
115160
111954
102116
111671
108996
107904
108722
127548
128597
106427
109439
100366
112281
116022
96467
105795
114343
104942
111802
119772
107985
109854
120658
112898
120923
109106
106687
105542
120321
117667
115448
118895
115730
119360
111695
110222
116368
109491
96329
111022
113629
106093
119823
105062
134055
107808
100998
114766
100998
107390
123317
123646
107626
104739
105938
112372
133161
122157
116856
124247
105624
122205
107477
105062
112042
118885
107664
113624
108722
106634
103579
108798
105624
107903
109735
113117
101240
117698
106059
115358
108265
111951
120026
116954
129723
123581
106427
103368
105376
120022
104575
119307
106059
107808
120658
114161
117043
101921
108006
107626
112452
105531
115524
116132
113822
109815
109155
116856
111207
122178
107626
128431
110796
112357
118823
125771
108938
108265
121377
109650
124983
108798
107603
109966
108284
123002
114200
114269
105198
114380
103187
120923
105624
116856
112174
114776
104739
117321
112281
100785
109196
105524
113364
125817
114200
101123
110796
108284
108938
107664
125022
107937
115713
120818
108692
100998
104843
118710
107904
117043
108396
110359
118807
108798
101123
105624
109224
113845
106034
123176
125373
109106
112281
102116
106539
110129
98455
120121
104795
107927
112898
111207
105376
113822
131468
105542
109016
106723
119823
121006
110706
114747
106723
109098
113933
109452
119113
104460
107935
119023
125676
111143
112513
116388
110222
128491
110222
120004
105144
112513
116368
119896
114747
111919
111207
108257
116970
112909
104942
113657
119195
115448
116079
105524
107515
111075
100366
111843
118426
114747
118905
109224
106748
100785
116030
109491
112463
111465
104942
115478
107607
109294
107607
117736
115954
104739
120846
107607
121023
117367
116825
107477
105198
116825
115160
118453
109815
109098
112185
109452
112463
112185
111695
109650
107937
107903
122195
114106
113797
114248
115754
111234
134736
115954
118036
133150
112365
108837
106093
114358
110435
117196
104575
110077
107920
128879
109815
108670
106748
111465
130588
112006
112206
111987
105198
99889
113797
117292
111802
104460
116079
115046
107808
117779
124021
107920
107904
105406
115478
123713
118219
106348
118412
119292
118332
107477
115994
116508
101123
102021
108257
108692
112677
113970
108981
107271
101240
112206
107920
125817
104739
105194
117240
123795
118550
107248
119448
108257
107248
110435
116276
98214
106093
114509
98214
100998
117698
101921
107920
116596
115024
107477
126848
110353
100785
114266
106750
115962
111514
117224
104460
110095
112283
126351
113106
116519
109875
115962
111234
118895
113822
123795
109016
119307
110129
105624
98455
107603
118485
114747
112283
105531
122042
113933
103187
107603
107985
112357
110706
105144
106796
112372
123592
123788
107808
105376
104902
103579
113144
109016
108798
113777
112283
120351
122142
109106
113106
111695
121659
119772
105795
107937
116597
123985
134796
111340
113970
110359
105570
111919
114031
107904
109196
113506
113144
105109
109683
106750
114982
107603
101123
114982
108765
110222
108722
119033
105952
120374
106750
103986
121502
107607
107607
108996
114793
113629
105938
121408
134549
108103
118332
138902
126915
121335
117715
110353
112185
108670
117043
113624
106565
111232
122042
106687
108822
107808
105624
112016
115974
116022
107603
115448
110222
115036
114776
124260
111514
113196
107903
111987
100782
101853
108938
122821
107935
114446
105994
117290
113390
112898
107274
116954
116041
111514
109875
104575
111075
96329
118823
112452
109098
108981
114975
104535
111951
106634
119919
118485
113822
115358
124670
112281
108284
128926
107390
99889
103579
118917
105406
100782
107920
103918
111661
109106
108722
111234
108265
103368
107477
119448
115524
109439
105376
102021
129458
96329
122723
113797
107008
110168
116572
115109
105542
108798
106059
110359
116011
128080
106750
99350
116022
105198
110222
109196
117737
109491
110017
107927
108006
106748
109106
109911
111802
129575
112174
109196
119496
118807
110359
110359
111408
112063
103368
116597
127271
115046
121876
108996
114059
123387
112357
100366
107603
122042
123368
117383
117292
117779
126132
108940
103918
107008
112281
105952
119448
107607
109155
114628
112840
122215
108837
117367
116519
109106
107148
113290
113390
111712
127150
117292
105524
107515
115046
104460
115257
113933
110706
115932
124538
119292
111234
114975
106565
115160
112063
113144
113922
98214
111843
114446
111022
123387
101921
113629
117168
99350
108837
120841
116597
104460
106034
116108
113390
115524
117168
105938
117765
107935
108822
119260
121048
110359
111075
112281
124135
110653
112206
105194
117045
106565
128463
106634
127174
115932
116927
103890
108940
113777
104843
114509
106427
108940
102021
111514
116368
127271
103187
107626
109016
104739
106796
105952
108122
111661
122723
113390
115026
120899
107728
121246
113798
107148
114200
108122
103890
110222
108765
104460
114106
113777
110353
104902
106034
116579
113364
105062
114628
115036
108006
105198
96329
108996
112283
115257
107271
113845
105376
105198
123276
116886
103368
125184
106634
120787
124670
111695
105531
103187
114628
108670
118277
115962
127544
101123
108670
111143
116523
117199
119615
110653
113506
107390
109196
114793
114249
106093
108996
99350
121176
123930
130203
116840
108938
105109
111688
124567
116607
108938
126369
111919
110077
115024
113822
112941
112185
109135
105144
116388
109735
116597
108396
115036
105938
103890
118823
115713
117715
110017
101921
114532
110077
111408
104942
107148
113777
106750
114855
107903
110077
100366
114059
107390
110338
100998
111671
109106
114914
108692
124135
107728
107390
119639
117645
101921
104575
114266
103368
120787
114343
113312
108012
108837
98214
107271
108938
103187
102021
114914
108284
114161
110338
112909
125133
106687
112185
109098
118823
116886
110419
109196
109387
116318
108284
105376
119247
112174
112357
111207
111987
110435
117715
120121
107248
111340
120658
113048
117824
117043
107390
114966
109135
112373
110653
116134
106093
128404
119247
99350
115478
116607
102116
109854
111514
106748
100366
108265
128703
114477
98214
101921
104795
126657
113880
115524
109196
107937
101853
113845
108938
105531
99350
103986
103890
109224
107626
114076
129626
107008
106750
119336
118426
100366
117385
116318
107626
108938
107728
116930
114966
111919
107728
107607
110653
108284
98214
122193
122396
115072
113843
118807
115474
117240
128424
114269
114269
116607
117662
105994
112174
113196
108822
127528
111688
128387
122363
129214
108284
115730
110222
117043
113106
109683
113880
105938
100366
114248
109196
113933
117290
111408
117922
108265
100782
111712
119950
115072
101240
105952
105198
114776
121048
108822
105531
102116
110359
107390
104739
112283
112281
109735
117321
114248
132313
110077
116011
108006
120861
120121
114855
105158
104843
113845
100782
107603
99350
104942
104575
106059
101240
121238
119639
114933
98214
125198
120657
114413
109155
113822
121238
116579
112016
111157
122117
111843
122220
105109
115974
106748
111232
106034
105994
127188
111738
116134
114266
112168
120321
115730
115730
112091
115072
106634
96329
112909
113364
104795
104843
110353
113117
112042
105158
122212
114380
117385
117642
108257
112357
112941
111738
109294
115932
111712
109735
120121
108396
122010
107008
114745
114076
109224
108938
101123
111514
105994
121109
109815
104942
112016
119663
114966
105624
111408
113843
106034
108012
115004
114200
115474
108103
115257
106687
110222
132486
105158
108265
107148
127904
117642
116395
114076
113364
109155
105198
113312
106687
122716
122117
105376
110359
109155
106687
128535
121377
114628
134162
109854
114161
109135
109439
117642
111207
118277
110077
108981
112091
108670
107904
114532
108586
105198
109491
117045
113117
113390
105144
102116
108284
108670
105158
106634
105062
111380
109387
113657
113798
112452
107664
112840
105376
103918
111695
110222
107008
121412
110129
113312
119336
111207
107728
111919
105406
115918
100366
108257
99350
104795
122603
117667
109452
111688
116572
107271
112168
105194
111234
112373
111954
109098
119360
100782
115024
106034
107603
105994
119584
120034
107148
109155
105542
109224
119336
108103
106427
115063
107477
108257
103579
101853
113797
106348
106565
118895
107920
101240
108103
101921
111987
106723
118212
120649
112513
105194
117045
108722
123387
101921
109854
111157
120303
109911
109815
116108
114013
107937
109387
111951
110095
112898
105952
123581
111232
111712
109016
110653
110129
108265
109683
118555
109854
120337
109650
116856
104795
111022
108265
101240
117196
103368
113798
106059
113506
109491
117383
104843
116954
109854
107985
116108
120026
103579
112168
111661
111688
99889
108265
117346
109854
111408
104575
105570
115257
117367
105144
120337
118895
104535
117199
109452
112281
120177
114628
130588
108284
107515
107985
108670
106750
111695
105542
113290
96329
101123
106427
114106
100366
112677
105158
108981
120380
112560
107920
113798
128476
120812
113144
105109
113390
107664
111802
108670
113506
111951
107603
112185
109016
108122
108265
113822
110580
112677
114982
106034
114200
111843
122193
106750
96329
108257
107728
109854
113927
114161
107937
115004
111207
110168
111688
110653
124670
111987
105194
116917
115954
120031
110077
117737
120321
111022
115713
109815
115754
116607
110580
106539
112063
123775
117346
117662
116970
123555
126318
101853
103187
100782
108837
103918
113822
112840
115160
113629
104902
103187
105938
107920
119663
105624
105994
109196
107903
105062
108722
106539
99889
103890
108996
108692
106348
112283
102116
105524
124021
111661
106059
104739
105795
105406
105524
106687
111688
114358
112357
117481
107920
107904
111919
114161
111712
119896
120177
112185
117385
108265
112091
105938
111688
114200
107274
108670
115063
105144
106750
113880
108670
109439
108670
111738
106565
117972
110359
109650
113290
107728
108798
111712
107248
104460
122349
115918
123046
113390
119292
120658
107603
126310
108559
123646
104795
109387
108006
115954
113845
105570
104843
111671
107664
107515
107515
127548
119919
107248
107728
109683
108559
127904
106565
118657
114982
104843
112941
112357
113843
123581
102021
114161
115063
102116
113624
109491
112463
112016
111340
116137
111465
101240
120841
111951
103986
112373
106634
113506
124915
115160
123176
112677
124796
103579
113798
98455
115024
127732
117698
106687
120177
121412
125976
106750
108981
103918
109875
120004
103579
102021
96329
112513
105194
111695
106750
108670
100782
116840
106634
124181
117698
122978
106687
122349
108938
116917
100366
115627
118114
115358
124796
104535
100366
120922
106059
118899
103986
114776
122193
103187
110653
111143
120922
107148
119919
107008
109966
106539
111951
116930
111075
130721
117468
109155
113196
114013
108822
107390
107607
122280
118657
108006
108938
113933
108006
113922
107607
126000
127351
107808
111712
108981
104739
112560
111207
111954
110435
104942
116917
118036
109155
104739
101853
114200
108586
103368
102021
112168
112840
116011
122716
107927
109966
116519
120710
116318
115478
119260
116079
101921
118710
106565
113777
113312
105109
102116
128209
114269
115063
114200
115627
115524
107477
115072
107904
106687
128404
107477
122157
105938
107477
115994
112091
120321
114248
111408
107271
112168
107985
118457
108122
122349
107808
115026
110435
106748
101921
116283
106093
113048
101240
114966
112373
119485
104942
112840
129571
107248
108257
113390
114059
112006
109098
108996
114200
105524
122363
106723
111207
114747
107607
112091
117698
114380
123747
105198
109815
118657
120031
98214
108012
114059
106687
117292
112281
107271
112185
127634
100366
119033
109135
110359
100366
105795
115063
112840
105795
105795
108559
107985
118119
125675
108257
123176
123558
109854
120649
108822
111514
121502
116283
105938
126226
108265
106687
103187
124952
105406
103579
112185
107274
96467
115730
108765
111671
105795
111951
114200
107008
116825
105524
104902
109650
120031
107927
105194
128396
107390
116132
124654
113106
102116
108837
117468
112540
111022
115474
117642
111514
103368
110353
116523
117196
105795
103986
108670
116579
102116
104902
106723
106748
108122
120899
113933
118457
101853
107808
103579
106750
107607
108938
105198
120026
115072
112372
111232
114358
114975
111671
118807
117645
125373
112560
129842
113798
105938
118049
105938
107935
114283
112174
105194
100366
107603
108798
111408
115046
113845
106539
109650
112372
126983
113777
117346
123038
107390
116840
121888
108586
117045
100782
114509
116030
110077
115754
116579
107274
112452
111380
108670
112941
103918
107904
113822
96329
98214
128128
112365
105795
122713
111408
123181
106348
113629
106748
119033
103368
119448
107927
117824
116840
123592
119442
108670
114855
111465
116544
129954
118459
101921
112513
112513
112941
112365
112063
108765
100998
119772
114106
120483
115046
105109
115754
105524
106348
109439
109155
108122
104902
108670
110419
108837
100785
116596
119448
111695
105570
112063
117667
113970
110653
115358
118857
108122
112365
113798
114766
111143
104795
105194
109875
106059
101853
122161
113798
108938
114776
114982
107515
104843
108940
116886
109155
112281
123558
118885
110353
109491
109854
109491
107603
118807
106748
107008
100785
106059
118710
109875
115474
113196
96329
112513
111022
111987
98455
111234
100785
112206
104460
106750
106093
111954
107148
105938
104460
118036
113798
112452
107008
107985
126000
112357
138011
114982
123558
106565
107603
108103
108981
106634
118857
100366
111712
108940
105795
121246
116318
114106
108284
107985
105198
105406
109875
124619
109815
117468
117290
127175
112168
98455
120380
126318
117736
113843
109735
110129
104902
118885
116825
99350
127152
100366
112283
104942
109135
116041
112373
103986
114380
107271
101853
112365
106059
116132
114509
108837
103918
112185
104942
113506
115524
113933
109224
128356
109135
111232
123368
111234
114982
101853
112283
113196
106565
107603
109106
113312
110359
113797
106034
115036
115713
110706
118277
104460
117642
116368
134289
118332
98455
111143
127528
113880
111408
117737
114532
109735
111688
107985
98214
118412
120034
110129
116917
108265
106565
105938
107603
112373
105938
111802
107274
104739
108265
99889
104460
117168
113845
117667
114810
117043
123646
107935
109439
113117
112373
106427
108692
114200
117196
104739
111661
111232
111075
114358
120321
115109
106565
108122
119567
109650
108940
107927
105624
127366
120337
108938
103986
123562
115932
114358
103918
122761
116927
122716
108122
115004
114745
116134
112840
113106
109106
121241
106059
112840
107477
114200
105194
111465
106748
120121
107008
114358
118728
111695
108670
108284
114249
109911
112063
115109
114358
107274
104739
106796
109966
107148
106539
105062
115954
107904
107248
109106
114106
107985
119033
101921
106427
113506
112206
122178
105624
129954
116930
100366
114509
112281
105952
123562
112365
123581
113822
119442
108559
110338
105524
116318
100782
118277
109452
117240
113106
108692
122603
109735
99350
113880
117667
107477
105062
104739
115196
116572
109683
114855
98455
109911
117168
116954
109875
98214
119247
111843
117824
104460
121023
128802
118412
113290
105158
114706
103918
108981
107920
119113
106687
113364
112185
108122
104902
134471
123774
114059
113822
110077
115024
111340
107728
109966
102021
110095
125584
112206
123046
120787
116283
123918
105158
108265
105542
100785
107515
120841
103579
113506
107728
108822
112091
113822
113629
103187
108006
109439
117240
107728
111408
111408
122205
107148
113312
109735
108670
110359
109452
108670
111987
122761
120321
118966
114413
107390
96329
111954
111954
112006
108996
106427
120177
102116
110435
105952
119496
112174
107390
117321
113144
112006
109224
114975
113657
117196
115072
108396
123158
117779
114343
101240
119772
107248
103986
113797
104460
114380
113144
104535
101921
117662
112174
115196
113927
106348
116134
96329
112042
105376
107935
102021
106748
114477
106750
107148
109439
109106
111340
108938
108670
115358
108670
108981
103986
111232
104535
102116
109155
105158
120374
121048
116970
121659
131693
110580
112560
109735
105062
109106
113933
108722
116079
114745
115962
111954
114248
123581
116917
102021
113657
113629
112006
105524
98455
98455
114810
121023
117043
114509
106723
120303
110129
109683
129708
107274
117199
101853
108692
112513
123599
114628
113657
114248
109155
114509
105376
107148
105406
114933
122204
113290
114031
111712
127366
120923
108940
105531
114249
118413
112840
115754
119485
111380
106687
122821
117922
109966
128597
112042
114745
107008
104575
108722
123850
116283
120026
110222
111695
114975
107271
106034
103579
122215
106427
113843
110653
113777
107271
122566
116022
104575
109491
112283
117922
115918
119496
130369
104795
115004
122161
106034
114745
109854
114031
112185
120837
119896
118586
111919
108122
107935
106634
101240
107927
120351
113822
130894
108257
111802
114745
117779
112941
119919
107008
108798
117290
107248
111075
105952
119292
109966
109224
108586
114532
107937
105542
112365
113970
115918
108559
107903
124347
96329
113196
113933
107603
105524
108122
111380
107808
117698
128417
115072
103368
106093
111075
112373
110017
114013
108981
116607
117240
112006
105952
113880
109294
104460
117034
114106
112463
121659
106059
114628
118823
101240
118413
111075
114248
107920
117972
108670
108586
122396
117224
107937
100785
112185
118710
105795
104575
128080
102116
107271
119023
104942
101853
116927
119615
108996
111802
106427
119567
115358
114106
112365
114532
109196
108670
107603
123677
103918
106723
122195
116954
98455
128796
113880
101921
112185
104843
118212
117662
113196
101853
109294
111919
105198
107248
108284
118550
107904
117017
123002
111661
105144
113880
111661
101240
119448
111671
114200
106427
112513
117034
114966
116283
122713
113364
115036
108722
121048
114776
100782
117715
110338
109196
122010
117737
104739
98214
109294
107626
107515
118728
109966
107664
105624
117824
123918
110017
109224
104460
109439
109294
118728
117645
105158
110796
104942
116856
121238
128463
111143
116368
116825
111954
105144
113970
98455
106750
111712
104902
105406
123558
114248
111802
110419
110095
107271
100366
116544
108559
114532
114358
114343
115160
123216
120031
107390
114855
125161
123599
104535
115754
115358
109135
105624
110359
120658
109683
107148
100782
107903
111671
106687
107248
106427
109439
113312
111022
111712
114914
100998
122349
115072
100782
100998
110095
118144
113290
119947
109224
115730
109135
100998
111802
105952
104739
119360
107274
109387
117715
112372
100785
113117
111234
112174
120899
108122
109106
120026
116579
108692
123276
109196
115072
101921
117662
110129
107515
114283
110168
118555
112091
107935
114249
111022
112357
112372
107515
104795
108670
114413
123368
106565
112174
116022
105158
117972
106634
99889
118457
104535
101123
119448
116388
121876
107808
114509
123002
112372
124952
107903
108396
117367
117667
101240
113312
114766
122716
116737
106093
116318
105406
119360
127500
107515
119950
115524
109875
115754
101921
108940
117736
105406
121176
107274
113798
111695
108722
105144
114628
104739
101921
105062
114776
114106
101853
107477
107603
112206
105376
111075
138009
108265
110129
108122
114200
112185
120818
109875
122212
110653
103579
123686
108837
105198
116579
112941
114380
128262
111514
105524
108586
111075
108981
105938
111408
108670
96329
127257
100782
124182
107927
123581
110580
109735
117168
115713
105406
107927
118710
109224
111465
112452
118457
103986
113843
122142
110077
109106
104739
119195
122396
104535
108822
105198
117196
107626
115358
109815
104795
118036
105144
107664
120812
105194
105144
107390
111075
115730
119260
114380
111738
113880
118036
107626
117715
111514
116030
102021
107248
122979
110168
122603
109016
104575
109683
105376
108012
118412
120649
109155
120004
116856
106687
126351
122195
113629
125097
105158
110129
112909
115036
114975
114200
118277
128424
110168
106427
107274
118036
110706
113196
121679
103986
118412
112357
116108
113798
105542
100785
117412
108798
119823
106539
112452
111408
117383
107985
107274
105524
109439
119710
105994
107935
117412
100998
111465
124567
106348
111022
106687
108692
120861
111987
117667
112006
112898
109098
108981
120031
112560
110129
113822
110077
115932
113364
99889
111380
113797
96467
118453
113364
113970
116011
119710
108692
115196
123555
114982
125091
116079
118966
113845
103579
111514
109875
107477
109875
108692
113822
120321
109387
105376
122193
115713
111738
109196
116579
103986
130721
115358
98214
108981
115109
128268
111234
114248
111671
109815
117043
105952
104575
115026
107937
119950
126355
106565
109735
117737
118277
109155
110419
109439
126915
114161
114248
115072
111232
106796
113797
114380
103368
122716
105109
100785
115026
126474
113880
128879
96329
113777
110168
108006
110796
105952
101240
106634
118905
112185
110796
113048
103368
115160
115004
127468
106687
123442
113117
107607
103579
101123
102021
107937
107664
120294
114283
106634
108396
121888
107477
107271
115478
113364
113117
109294
109452
114266
119195
107477
112016
106723
119093
107937
115974
123276
122387
107248
107904
99350
103579
112677
108940
108798
104795
103918
123677
114358
110129
106565
101240
118885
116011
106634
107477
105144
114266
106059
124989
107920
109155
100785
118144
105194
107248
116137
107607
125771
105994
103986
116276
109294
101853
113106
119639
109966
118895
106093
105531
101240
113312
124060
107937
116544
105406
112677
112941
101123
104942
117383
112452
111919
106796
116596
113624
113364
119330
122220
108692
118212
116388
109135
109650
113144
116917
109098
133560
104942
120321
111919
114269
117367
112091
106565
107935
104942
105952
116318
107903
109224
105795
108586
109106
108265
110077
111465
111380
105542
124448
118212
107008
110653
105376
104739
113312
108265
110129
108012
115257
108837
100782
119134
105542
116970
119113
118485
105062
116011
107248
101123
116022
116572
100782
117667
116108
105624
113048
109387
108257
106723
107607
108396
111157
107808
106034
100785
100366
117224
108103
112365
101853
107626
116523
113927
118457
106565
100782
111340
110353
110017
129626
119093
109854
106565
98214
108940
116388
96467
106723
112042
114269
110706
116134
100785
107920
115478
123677
108670
120121
105376
121241
107903
118144
116579
107935
108012
105531
105198
105158
108670
116368
118966
107626
105406
128417
111802
109815
116523
118710
105109
106093
109815
98455
121238
98214
112898
122349
113798
123555
114283
109683
123513
109452
123181
113048
108396
122070
111951
107248
117645
106093
119093
122979
105198
101123
106723
105144
107603
122566
105952
115962
115918
109911
116137
108586
104460
107927
105376
99350
109911
111843
114031
103187
113822
110435
117645
115072
110435
107390
109387
109815
114706
117034
108284
106427
110168
110129
106748
117736
111514
116030
120710
122070
115024
107808
105531
124060
117199
110095
115024
110435
127773
120818
108940
100366
107664
98455
105531
120351
107515
117045
106348
110222
123176
101921
123788
113843
106748
99889
123918
117667
109650
105531
110435
114249
113506
116607
107390
120710
109683
107626
118908
114975
108837
120026
109294
104902
121335
116395
112016
109735
106034
107903
122363
98214
104942
117645
114013
101853
105570
108012
107271
105376
126657
121408
118895
110338
118036
110706
118899
138698
106750
106565
111695
115448
118885
105062
112373
107808
105109
122070
111380
120658
98214
118885
105194
116395
109815
115072
101853
120649
122204
128463
106539
103890
107808
109854
101240
109683
121023
105109
124989
111987
116079
119710
104795
114076
106565
104460
108559
111380
108265
105158
116840
123708
113624
101240
117290
116596
110095
108257
107148
109491
105542
105938
130396
120923
109196
111843
108396
104843
108940
103187
110222
107515
119336
108798
113798
119023
130303
112063
118905
113797
117468
117468
101853
112063
109155
109439
123797
118728
103986
107808
100785
118413
109854
113822
109854
114477
113106
106796
105406
112174
123930
109439
100366
109491
104902
107148
121241
112372
103187
107148
116970
118485
110222
118412
107664
116388
109966
106750
114966
119567
110129
113798
113880
109854
119134
96329
110222
104460
114776
103187
105994
105624
100785
105795
105406
105542
107248
110653
132187
117290
133317
101240
118710
122220
105194
114380
114358
123988
108257
117292
107664
110435
107607
108103
114161
122204
108670
120380
107271
113797
116927
111671
112452
108996
107603
115072
103890
104575
113048
105406
115918
104843
112909
116011
105570
114249
108837
113845
105524
109224
103368
110419
107477
121241
99350
123276
106750
112463
108765
110653
114628
99350
119710
112185
106748
106748
104739
108765
99889
112898
113797
122149
104795
114706
106539
111843
108257
120351
107008
107903
108765
112016
119360
100366
116954
131781
105542
116572
108559
111954
103187
106687
98214
120818
127351
104460
117196
114509
105194
113048
108996
120303
107927
114509
118119
113048
111465
114269
100366
110168
109911
122716
113106
107728
116825
107390
109683
119134
108837
107477
106059
115448
98455
107274
114745
103986
114628
105144
116917
117385
112513
111843
118485
107008
116579
99889
109106
115962
114628
115994
122193
110653
117292
109106
105062
118049
111022
123930
109650
117481
109439
118277
104942
108006
119947
112941
117667
128435
121246
112174
107390
106034
107935
115196
110338
118885
113845
115474
114200
110168
109875
128803
112373
108837
105062
109106
115524
102116
108996
104942
114855
100366
108722
114745
114747
109875
109224
121246
113822
105144
116840
123562
115109
109135
107937
118908
116508
96467
106093
118728
117779
121093
117017
111234
123646
108006
108670
122205
115974
116917
105994
108012
107008
109439
116970
118332
116954
105542
115918
113933
132879
115358
107271
116395
109650
98455
120294
125593
107903
110796
115918
108265
112463
109439
116318
121679
109854
116544
105542
106687
108670
108938
119823
125091
103890
113933
113777
120374
119485
116108
103368
110653
118823
105994
114975
106059
108938
102116
121109
105524
105144
133883
110353
129603
123274
120121
104843
106748
108670
121502
104795
111207
109491
112168
107927
106723
121876
109106
106687
104795
113880
103579
115994
99350
108837
113822
111380
102021
117412
99889
101853
123708
106059
104535
119485
109439
101921
105062
105524
108765
118885
113364
116927
111408
112185
108837
106539
107477
106348
103579
103986
109491
111075
100782
123442
116917
105524
118219
109854
117886
119584
139693
124182
114793
112168
112357
115962
99889
122396
110095
117667
115974
108284
118412
107903
105062
105952
109875
114283
106539
108996
120787
111802
124255
107935
117168
110129
108559
105938
118895
109966
109155
109098
105376
110419
101123
105795
114249
114766
107808
113312
103579
111143
117642
106750
98214
112540
108103
108670
109135
106348
104739
114200
115109
105158
106427
107248
126023
123562
117292
102021
105194
108837
110706
119023
107274
113144
117412
105158
120837
117292
108103
101240
117385
101921
116079
120177
106750
100782
122142
104843
113822
117240
112283
129603
118885
107607
105531
114975
103187
122204
109387
103187
112281
105158
107477
112016
104843
115474
105570
107477
116041
98455
114810
104460
106427
111143
101240
128802
117765
107903
118966
108822
107626
99889
121023
122821
117346
110129
100782
118710
110222
117779
120923
113048
116927
104575
112373
114200
112185
105952
101123
114269
120303
123266
107728
101853
115036
119485
96467
103918
120837
107728
132541
107927
107390
111954
108837
106565
108765
104460
108396
107935
108940
106750
110077
106539
105406
109491
109294
114413
107985
112174
112016
119307
113845
111408
105938
116132
108265
121888
110168
108006
107515
113312
109224
108765
105158
117736
101240
104575
107148
115109
108257
108938
116856
99350
103890
117045
107477
107664
109815
105938
111380
108938
110017
107728
109815
123274
110017
113629
109155
118412
121287
114013
104535
108006
113927
116886
117292
108122
105376
112283
103890
116132
115257
119919
98214
128356
110419
106687
110653
107515
105062
107515
101123
105938
108670
106687
105542
103368
130764
106723
106687
105542
111919
112168
105198
116579
105570
111695
113312
112281
105194
111954
108837
113822
105524
105194
109106
109911
108722
113506
107607
108265
120133
98214
104739
114532
105406
115932
105062
107271
110419
107008
112898
112909
114200
111802
115478
116318
105406
129458
107008
144263
102021
96467
104535
109135
143483
120846
106565
123617
106748
105570
105795
130203
105376
106634
100366
117667
111695
113290
116544
120922
114966
107607
106796
111695
107603
112357
105376
113196
110338
107148
114532
105376
108396
118457
106565
109098
107626
105062
113144
105198
108940
106796
114509
113657
114059
112513
113506
114477
103890
98214
108396
123002
102021
106093
106348
109735
116011
107808
109735
106723
115004
106348
116954
105994
114855
121238
106634
104795
104902
118966
118144
124247
121023
113106
108257
117662
113880
114076
124293
107008
114509
111207
107248
112185
113106
116134
117240
111802
116856
110222
119919
108396
114013
109854
124448
120374
108122
107515
105524
127684
114745
113506
116519
114059
100782
105376
104843
123317
108586
105144
111951
109098
105952
119442
108586
96329
109224
98214
98214
104942
111738
112042
108006
116825
115109
116886
116927
111695
103579
114013
112357
115713
109439
112513
107477
98214
117662
108692
107274
120294
110653
117972
114776
119330
114747
118586
117972
120861
116276
115474
118119
111234
131848
117886
112006
108586
113843
105570
116954
113364
117645
109491
108284
107390
113106
109452
124179
101921
120657
105531
103368
115072
112373
123646
107808
103890
117736
108559
115932
107148
117383
113290
111951
111022
116508
112283
107148
115036
107390
114248
114747
113798
114855
114966
114249
114059
118114
120922
110359
118426
112174
120899
118885
112357
114628
109966
111695
115358
105062
111234
101921
114982
119919
113312
113144
114076
109294
127752
117765
108396
126355
118114
118459
115994
106427
106539
101240
123317
117698
111695
110706
118036
105938
109735
114745
99889
111738
103890
114776
109155
112560
108103
116368
112463
96467
98455
130203
105624
112513
105531
109135
121023
110168
128491
111340
111143
112006
110359
115627
118412
112677
108586
114446
113933
113822
115713
108103
120861
113657
107920
108670
116079
108006
113657
112840
113822
114706
112006
106059
111738
121287
101123
108940
118586
120374
107626
116927
117645
127175
100782
108837
109911
107927
111408
121176
115994
111408
111712
109650
116596
105062
110338
121502
127732
102116
108006
109735
102021
107904
114059
116134
105376
109294
125817
113822
128128
108265
113624
128080
124234
108265
108938
107008
104795
108837
121241
109135
105062
118895
103918
104460
108822
111408
103986
117642
104575
103187
112283
106687
104795
101123
108284
104902
108396
116519
108670
112063
114059
123918
113624
105194
114747
112840
110359
109815
111661
110338
108837
115730
108012
105376
113822
114031
108670
116079
120022
117468
102116
101853
120922
114745
108265
105062
100785
106034
111954
111738
117645
118332
114343
109854
114106
108722
112185
112513
122204
119584
105795
108837
114975
105144
115932
116825
124179
103368
112373
99350
116572
103368
123276
103579
116523
114266
107664
115974
108822
108996
119496
105994
105795
107927
106748
100366
112560
105795
127862
99889
109135
106723
116825
120923
120351
115004
106093
108670
103579
106750
109135
108103
100998
116395
126355
111738
108012
116108
114266
105524
103986
102021
117043
112006
111157
105938
117196
105938
96467
111207
113933
105542
137388
117017
124060
111661
105531
106093
103986
106539
119919
105198
110359
113922
114776
120031
108265
118413
108837
113843
112560
113845
103986
112063
114747
106723
117196
113822
108122
112063
109854
136260
112357
107920
118457
96329
116579
108692
109815
111951
107904
122010
107607
103187
108670
114343
108938
128424
114745
121408
112006
113880
112063
111514
107274
102116
103918
112185
105994
105109
104535
116508
114283
115478
107935
116856
109294
107515
111075
117224
98455
120818
104942
109911
110580
116395
107927
116508
120649
112283
105624
105795
120841
105795
107607
99889
105531
109016
114269
114161
123708
110796
103986
112540
114031
108012
99350
108006
104902
117886
112909
119448
115448
119023
111951
104460
103187
109875
111843
114013
127548
114975
114059
108822
104460
108586
119896
110353
111514
116572
109491
114076
106750
109683
105376
116132
100998
120321
125022
96329
128803
112168
109815
118413
112513
117667
100998
111380
109294
107477
116079
111157
104902
108938
104460
108837
113922
116597
121023
108559
115004
106093
114358
120812
105109
113290
102021
106093
116930
107903
129412
121685
112357
108586
116825
103986
114982
100782
107904
114975
121287
113290
114975
113797
119033
108396
109387
109016
107607
113506
115474
107248
111514
115918
111514
105624
105542
124255
111143
113777
109155
111157
113364
112063
98455
111688
120121
102021
110353
109683
112365
110653
121238
108996
126565
108765
115954
106796
108396
108396
111075
111157
110435
107935
120846
110017
116930
106093
122566
101853
118885
113933
109452
109016
123276
104575
109683
124619
111380
105938
114269
104460
111954
122117
119134
108257
109387
109815
105194
113845
111695
103890
117290
117698
105376
109106
121287
111951
106634
111843
106034
106034
113845
113933
108940
120004
119947
105531
119919
117017
99350
108257
125184
98455
108940
101853
101123
112463
109387
105062
115358
108257
100785
107904
112168
106539
110435
104795
104535
111207
104795
106750
114266
115932
107920
112357
107271
111843
112357
106059
108396
123176
109155
105062
112091
122042
112185
112042
107274
107274
109911
113797
106059
100998
104902
109196
102021
112174
112042
109155
106796
113196
117168
106348
112373
105542
107603
120351
113927
111954
114628
105795
116041
121287
104942
101921
116572
112365
105406
101240
102116
110338
107607
127537
117481
111157
108559
119950
123513
105376
104843
123617
107248
111987
124182
105542
113290
115448
105938
119292
108798
104575
126657
104843
110580
105406
117321
118899
110435
107985
104739
107603
108670
109875
106539
125022
117922
106034
110353
112372
104843
101123
100785
101921
112840
105994
101240
114266
115257
107808
117224
120351
105109
