1094350
587501
405013
313934
259506
218095
190769
170223
150724
137150
126711
117688
107646
101740
95732
91057
85940
81578
76530
73871
71121
67281
65737
64022
60072
58494
56257
54170
53460
52426
49429
49148
46821
46098
44712
43245
42211
41433
39522
39066
38668
37694
37516
36693
36022
35085
34216
33199
32539
32203
31703
30912
30690
30193
29408
29047
28643
27814
27651
27595
26809
26597
26180
26098
25838
25027
24941
24283
23813
23565
23513
22968
22874
22741
22565
21906
21854
21728
21596
21542
20838
20695
20674
20525
20103
19881
19768
19471
19299
19176
18597
18541
18537
18463
17984
17984
17780
17592
17483
17343
17279
17163
16972
16620
16538
16463
16357
16117
16059
15948
15697
15678
15663
15489
15394
15297
15173
15033
15002
14681
14678
14472
14428
14412
14362
14156
13971
13957
13804
13730
13566
13554
13408
13332
13305
13238
12920
12861
12800
12783
12549
12491
12447
12404
12395
12394
12383
12297
12209
12202
11932
11915
11904
11854
11846
11761
11729
11533
11506
11391
11385
11347
11312
11182
11145
11048
11014
10972
10907
10891
10860
10780
10730
10605
10492
10491
10445
10390
10373
10200
10176
10064
10054
10036
9874
9868
9811
9742
9722
9660
9621
9574
9536
9474
9451
9440
9436
9392
9342
9311
9248
9236
9229
9166
9149
9125
9097
9007
8960
8840
8695
8674
8673
8660
8641
8639
8599
8595
8581
8562
8550
8535
8471
8460
8408
8314
8312
8259
8226
8195
8180
8152
8130
8119
8049
8017
7990
7884
7862
7858
7850
7814
7795
7793
7786
7781
7750
7714
7660
7599
7577
7573
7557
7537
7534
7510
7464
7430
7413
7352
7290
7246
7199
7181
7158
7150
7140
7094
7081
7060
7057
7045
7020
7018
6988
6955
6932
6871
6849
6832
6824
6808
6793
6776
6707
6706
6705
6680
6672
6652
6616
6548
6531
6484
6482
6470
6452
6422
6400
6397
6380
6339
6289
6288
6288
6287
6281
6274
6259
6248
6225
6222
6211
6188
6160
6145
6094
6091
6089
6057
6052
6037
6001
5989
5982
5974
5958
5949
5933
5928
5923
5916
5892
5881
5878
5849
5842
5840
5832
5831
5829
5810
5780
5739
5733
5696
5673
5669
5663
5639
5638
5634
5623
5553
5537
5503
5499
5495
5485
5475
5469
5418
5394
5391
5388
5379
5378
5356
5355
5355
5342
5328
5328
5318
5296
5276
5270
5257
5254
5241
5222
5212
5206
5205
5196
5190
5182
5157
5151
5143
5132
5120
5104
5084
5079
5069
5068
5067
5052
5025
4990
4984
4974
4967
4965
4948
4881
4876
4868
4858
4855
4842
4836
4834
4818
4816
4811
4808
4802
4797
4785
4782
4774
4768
4767
4751
4742
4722
4706
4702
4693
4689
4685
4683
4681
4672
4665
4663
4632
4632
4632
4631
4604
4596
4596
4593
4579
4579
4569
4556
4552
4546
4537
4535
4513
4498
4488
4452
4448
4448
4437
4421
4400
4397
4393
4388
4372
4352
4345
4340
4316
4307
4289
4278
4261
4251
4250
4241
4235
4228
4222
4206
4200
4188
4184
4182
4180
4177
4151
4145
4127
4122
4121
4120
4099
4099
4094
4088
4062
4056
4054
4040
4035
4028
4023
4012
4007
4000
3996
3993
3983
3982
3981
3964
3947
3940
3938
3928
3926
3901
3899
3895
3894
3893
3890
3879
3869
3865
3864
3846
3834
3832
3824
3813
3810
3805
3802
3798
3782
3772
3767
3767
3762
3759
3756
3748
3743
3735
3732
3730
3725
3724
3722
3717
3713
3713
3708
3707
3707
3694
3692
3687
3681
3673
3667
3665
3664
3647
3645
3631
3628
3627
3626
3622
3618
3618
3615
3611
3600
3600
3598
3595
3577
3575
3575
3574
3572
3565
3562
3551
3539
3538
3537
3535
3532
3531
3523
3514
3513
3462
3461
3452
3448
3442
3431
3417
3416
3413
3412
3407
3401
3400
3390
3390
3380
3378
3377
3372
3367
3365
3364
3364
3355
3346
3345
3343
3341
3336
3334
3333
3331
3320
3315
3313
3312
3294
3289
3286
3271
3265
3260
3255
3245
3240
3231
3231
3223
3216
3212
3196
3188
3187
3181
3175
3171
3169
3164
3163
3161
3150
3149
3149
3149
3147
3144
3143
3135
3127
3127
3126
3122
3122
3120
3110
3108
3107
3107
3096
3089
3088
3087
3082
3080
3074
3073
3070
3068
3067
3066
3062
3051
3051
3032
3031
3030
3026
3023
3021
3018
3012
3012
3009
2997
2989
2989
2985
2985
2983
2982
2967
2949
2949
2949
2948
2948
2939
2936
2936
2928
2926
2924
2917
2916
2914
2913
2906
2906
2902
2898
2896
2893
2892
2884
2871
2864
2862
2860
2859
2857
2856
2851
2851
2849
2847
2845
2840
2833
2826
2822
2819
2818
2817
2817
2814
2806
2804
2795
2786
2783
2778
2778
2773
2770
2769
2767
2767
2764
2758
2755
2750
2749
2744
2739
2735
2731
2730
2725
2725
2723
2721
2719
2718
2711
2709
2708
2703
2699
2698
2698
2697
2685
2684
2684
2683
2681
2680
2678
2676
2675
2668
2662
2653
2647
2644
2644
2640
2638
2638
2637
2636
2635
2635
2628
2624
2623
2622
2620
2618
2611
2608
2604
2601
2595
2591
2589
2585
2585
2583
2579
2578
2573
2573
2569
2569
2568
2568
2567
2562
2558
2555
2554
2553
2552
2550
2545
2543
2539
2536
2535
2531
2531
2528
2527
2525
2524
2521
2520
2514
2511
2511
2510
2506
2503
2503
2503
2498
2497
2497
2496
2493
2483
2480
2476
2475
2472
2471
2467
2466
2464
2464
2463
2462
2458
2451
2448
2447
2444
2441
2441
2441
2436
2425
2418
2418
2418
2416
2412
2412
2411
2410
2399
2397
2396
2395
2392
2388
2387
2387
2384
2383
2381
2381
2379
2378
2377
2373
2369
2366
2362
2358
2354
2353
2353
2352
2351
2347
2346
2332
2323
2323
2322
2321
2321
2320
2320
2319
2318
2317
2316
2313
2310
2305
2304
2302
2301
2298
2297
2296
2293
2292
2290
2288
2284
2280
2276
2276
2273
2272
2266
2265
2264
2264
2264
2262
2262
2259
2257
2256
2256
2255
2253
2253
2252
2247
2247
2244
2243
2242
2241
2241
2239
2238
2236
2235
2234
2233
2233
2227
2224
2222
2222
2221
2218
2217
2213
2211
2211
2211
2210
2207
2207
2206
2201
2200
2199
2197
2197
2192
2190
2185
2185
2184
2183
2183
2181
2181
2179
2174
2173
2173
2169
2167
2164
2160
2158
2156
2156
2154
2153
2152
2151
2150
2147
2147
2146
2144
2143
2142
2140
2140
2140
2137
2136
2136
2135
2134
2131
2130
2129
2128
2122
2119
2118
2109
2103
2099
2096
2091
2090
2089
2086
2083
2078
2076
2075
2074
2070
2070
2069
2068
2067
2067
2064
2059
2059
2059
2056
2055
2051
2043
2040
2037
2037
2035
2034
2033
2030
2027
2027
2027
2025
2025
2022
2022
2021
2021
2019
2019
2018
2017
2017
2014
2012
2010
2010
2009
2006
2006
2006
2004
1998
1996
1995
1993
1992
1991
1988
1987
1987
1973
1971
1971
1970
1970
1968
1967
1967
1966
1965
1963
1963
1963
1961
1960
1959
1957
1956
1956
1955
1953
1953
1947
1946
1944
1944
1938
1934
1933
1932
1926
1922
1916
1916
1913
1912
1912
1912
1911
1907
1907
1906
1906
1905
1905
1902
1902
1901
1900
1900
1899
1899
1894
1893
1892
1891
1890
1889
1889
1888
1888
1887
1887
1881
1879
1872
1870
1870
1869
1869
1869
1868
1867
1866
1864
1863
1862
1858
1857
1856
1855
1854
1854
1852
1850
1846
1846
1846
1845
1842
1841
1839
1834
1834
1833
1832
1827
1827
1826
1825
1824
1822
1820
1819
1817
1817
1815
1814
1813
1812
1812
1812
1811
1809
1807
1806
1805
1805
1802
1802
1802
1801
1800
1799
1799
1799
1798
1797
1796
1795
1795
1794
1794
1793
1793
1791
1790
1790
1789
1788
1788
1785
1784
1781
1781
1779
1778
1777
1777
1776
1776
1773
1770
1770
1769
1768
1766
1762
1762
1762
1760
1760
1759
1759
1758
1756
1751
1750
1750
1745
1745
1744
1743
1743
1742
1741
1741
1741
1740
1738
1738
1737
1737
1735
1735
1733
1732
1732
1732
1731
1730
1730
1725
1725
1723
1721
1719
1718
1718
1718
1717
1717
1716
1716
1713
1712
1707
1706
1706
1701
1701
1696
1692
1691
1690
1690
1689
1688
1684
1682
1682
1681
1681
1679
1678
1677
1676
1676
1674
1673
1671
1670
1669
1669
1664
1662
1661
1657
1657
1656
1656
1656
1654
1653
1652
1652
1651
1651
1650
1649
1648
1647
1645
1645
1645
1643
1642
1642
1640
1638
1635
1635
1634
1633
1630
1629
1629
1628
1627
1627
1626
1624
1623
1622
1622
1621
1620
1619
1619
1618
1617
1617
1617
1616
1616
1614
1614
1613
1610
1610
1609
1606
1606
1602
1602
1601
1600
1598
1597
1596
1595
1594
1594
1593
1592
1592
1592
1591
1590
1589
1588
1584
1584
1583
1583
1582
1580
1580
1580
1579
1578
1578
1576
1574
1572
1571
1570
1569
1569
1567
1567
1566
1565
1564
1564
1563
1562
1560
1560
1559
1559
1559
1558
1558
1558
1558
1557
1557
1556
1555
1555
1554
1554
1553
1551
1551
1551
1550
1550
1549
1549
1549
1549
1547
1547
1547
1540
1540
1539
1538
1536
1535
1534
1534
1534
1534
1531
1531
1529
1529
1529
1527
1526
1524
1523
1523
1522
1522
1519
1518
1516
1515
1514
1514
1513
1512
1511
1509
1509
1508
1507
1507
1507
1506
1506
1505
1503
1500
1496
1496
1495
1495
1495
1494
1493
1492
1492
1491
1489
1488
1488
1488
1486
1486
1481
1480
1479
1479
1477
1477
1477
1476
1475
1473
1473
1472
1472
1472
1471
1471
1471
1470
1469
1467
1467
1466
1466
1465
1465
1465
1465
1465
1463
1461
1460
1460
1459
1459
1456
1456
1455
1453
1451
1450
1449
1448
1448
1447
1447
1447
1447
1445
1444
1443
1442
1441
1438
1437
1436
1436
1435
1435
1431
1431
1431
1430
1428
1427
1427
1427
1426
1425
1425
1425
1424
1424
1424
1423
1423
1423
1422
1420
1419
1418
1417
1417
1416
1415
1414
1413
1413
1412
1410
1409
1409
1409
1409
1408
1406
1406
1404
1404
1403
1403
1402
1401
1400
1400
1399
1398
1398
1397
1396
1395
1395
1395
1394
1393
1393
1393
1393
1390
1388
1387
1387
1387
1387
1385
1384
1383
1382
1382
1380
1380
1380
1379
1378
1377
1375
1375
1374
1373
1373
1372
1372
1372
1371
1370
1370
1369
1367
1366
1365
1365
1364
1364
1364
1363
1362
1362
1362
1361
1361
1361
1361
1360
1359
1358
1356
1355
1354
1353
1352
1352
1352
1351
1350
1350
1350
1349
1349
1348
1348
1347
1346
1346
1345
1344
1344
1343
1342
1340
1340
1339
1339
1339
1339
1338
1338
1338
1337
1336
1335
1335
1334
1334
1334
1332
1332
1331
1331
1330
1329
1329
1327
1325
1325
1324
1323
1322
1321
1320
1319
1319
1318
1317
1317
1317
1316
1315
1315
1314
1314
1313
1312
1312
1312
1309
1309
1309
1308
1306
1306
1305
1304
1304
1303
1303
1303
1302
1302
1301
1301
1300
1300
1300
1300
1299
1299
1298
1298
1298
1297
1296
1295
1294
1293
1292
1291
1291
1291
1291
1288
1287
1286
1285
1285
1283
1283
1283
1282
1281
1280
1280
1279
1279
1278
1277
1276
1276
1276
1276
1275
1275
1274
1273
1272
1272
1272
1270
1268
1267
1267
1266
1266
1265
1265
1264
1262
1262
1262
1261
1261
1260
1260
1260
1260
1260
1259
1259
1257
1257
1256
1256
1254
1253
1252
1252
1249
1248
1247
1246
1246
1243
1243
1240
1240
1240
1240
1239
1239
1239
1239
1239
1238
1238
1237
1237
1237
1236
1236
1233
1233
1232
1232
1231
1230
1228
1227
1227
1227
1227
1226
1225
1225
1225
1224
1223
1223
1223
1223
1222
1221
1221
1220
1219
1219
1217
1217
1215
1214
1214
1214
1214
1214
1214
1213
1211
1211
1210
1210
1209
1208
1207
1207
1206
1206
1205
1204
1204
1203
1203
1203
1203
1203
1203
1202
1200
1200
1200
1200
1199
1199
1197
1196
1196
1194
1194
1193
1193
1192
1191
1188
1188
1185
1185
1184
1184
1183
1183
1182
1181
1181
1181
1180
1180
1180
1180
1178
1177
1177
1176
1176
1175
1175
1175
1175
1175
1174
1174
1174
1173
1173
1173
1173
1173
1172
1172
1171
1171
1170
1170
1169
1168
1167
1167
1166
1166
1166
1166
1166
1165
1165
1163
1163
1163
1163
1162
1161
1161
1161
1160
1160
1159
1158
1158
1158
1158
1158
1157
1156
1155
1154
1153
1153
1152
1152
1152
1152
1151
1151
1150
1150
1149
1149
1148
1147
1147
1146
1145
1144
1144
1144
1144
1143
1143
1142
1141
1140
1140
1140
1138
1138
1138
1138
1137
1137
1137
1137
1136
1136
1136
1136
1136
1135
1135
1135
1134
1134
1134
1134
1134
1134
1133
1132
1132
1130
1129
1129
1128
1127
1127
1127
1126
1126
1125
1125
1125
1124
1122
1122
1121
1121
1121
1120
1120
1119
1118
1118
1118
1117
1117
1116
1116
1115
1115
1115
1114
1114
1112
1112
1111
1111
1110
1110
1109
1109
1109
1107
1107
1107
1106
1105
1105
1105
1105
1105
1104
1104
1104
1103
1103
1103
1102
1102
1101
1101
1100
1100
1100
1100
1100
1100
1099
1099
1099
1099
1099
1099
1098
1097
1095
1094
1094
1093
1093
1093
1093
1092
1092
1091
1089
1089
1089
1089
1089
1088
1088
1088
1088
1088
1088
1087
1086
1084
1083
1083
1082
1082
1082
1081
1080
1080
1080
1080
1079
1079
1079
1078
1077
1076
1076
1075
1074
1073
1073
1073
1072
1072
1072
1071
1070
1070
1070
1070
1069
1069
1069
1069
1069
1069
1067
1066
1066
1066
1066
1066
1065
1065
1064
1064
1063
1063
1062
1062
1061
1061
1061
1060
1060
1060
1060
1059
1059
1058
1058
1058
1058
1057
1057
1057
1055
1055
1054
1054
1054
1054
1054
1052
1051
1051
1050
1050
1049
1049
1049
1049
1048
1048
1048
1048
1047
1046
1046
1046
1046
1045
1045
1045
1045
1044
1044
1044
1044
1043
1043
1043
1042
1042
1042
1042
1042
1041
1041
1041
1041
1041
1041
1040
1040
1040
1039
1039
1039
1038
1038
1038
1038
1038
1038
1037
1037
1037
1037
1037
1037
1036
1036
1036
1035
1034
1034
1033
1033
1032
1032
1032
1031
1030
1030
1029
1029
1028
1028
1028
1027
1027
1027
1027
1026
1026
1026
1026
1024
1024
1024
1024
1023
1023
1022
1021
1021
1021
1021
1020
1020
1020
1019
1019
1019
1018
1017
1016
1016
1016
1014
1013
1013
1013
1012
1011
1010
1010
1010
1010
1010
1009
1009
1008
1008
1008
1008
1007
1007
1007
1006
1006
1006
1006
1006
1005
1005
1004
1004
1004
1003
1003
1003
1003
1003
1003
1002
1002
1002
1002
1001
1001
1001
1001
1001
1001
1000
1000
1000
999
999
998
998
998
997
997
997
996
995
995
994
993
993
992
991
991
990
990
990
990
989
988
987
987
987
987
986
986
984
984
984
983
983
983
983
983
983
982
982
982
982
981
981
981
980
980
980
979
979
979
979
977
977
976
976
976
975
975
975
975
973
972
972
971
971
971
970
969
968
967
967
966
966
966
966
966
966
965
965
965
965
965
965
963
963
963
962
962
962
961
961
961
961
960
960
960
960
960
959
959
959
959
958
958
958
957
957
956
956
956
956
956
955
955
955
955
955
955
954
953
953
953
953
952
951
951
951
950
949
949
949
949
948
948
948
948
948
948
948
948
948
948
947
947
946
946
946
946
946
946
945
945
944
944
943
943
943
943
943
943
942
942
942
941
940
940
940
939
939
939
939
938
938
937
937
937
937
936
936
936
936
935
935
934
934
933
932
932
931
931
929
928
928
928
928
928
928
927
927
927
927
926
925
925
925
925
924
924
924
924
924
923
923
922
922
922
922
922
921
921
920
919
919
919
919
918
918
918
917
917
917
917
916
916
915
914
914
914
913
913
912
912
912
910
909
909
908
908
908
908
907
907
907
907
906
906
905
904
904
904
904
904
903
903
903
903
902
902
901
901
901
900
900
900
900
899
899
898
897
897
897
897
896
896
896
895
895
895
895
895
895
895
894
894
894
893
893
893
892
892
892
892
892
892
892
891
891
891
891
890
890
889
889
887
887
887
887
887
887
886
885
885
885
885
885
884
884
884
883
883
882
882
882
881
881
880
880
880
880
880
879
879
879
878
878
878
878
878
878
877
877
877
877
877
877
877
876
876
875
875
875
875
875
875
874
874
874
874
874
873
873
873
873
872
872
872
872
872
871
871
870
870
870
870
869
869
869
867
867
867
867
867
866
866
866
865
865
865
865
864
864
864
863
863
862
861
861
861
861
860
860
860
860
860
860
859
859
859
859
859
859
858
858
857
856
855
855
855
855
855
854
854
854
853
852
852
852
852
852
852
852
852
852
851
851
850
850
850
850
849
848
848
848
847
847
847
847
847
847
847
846
846
846
845
845
845
845
845
845
845
845
845
844
844
844
844
844
843
843
843
843
843
843
842
842
842
842
842
842
842
841
841
841
841
841
840
840
840
840
840
840
840
839
839
839
839
839
838
838
838
838
838
838
838
837
837
837
837
836
836
836
835
835
834
834
834
834
833
833
833
833
832
832
832
832
831
831
831
831
830
830
830
830
829
829
828
828
828
827
827
827
827
826
826
825
825
824
824
824
824
823
823
823
823
822
822
822
822
822
822
821
821
821
821
821
821
821
820
820
820
819
819
818
818
818
818
817
817
816
816
816
815
815
815
815
815
814
814
814
814
813
813
813
813
812
812
812
812
812
812
811
811
811
810
810
810
810
809
809
808
808
808
808
808
808
808
808
807
807
807
807
807
806
806
806
806
805
805
804
804
804
804
804
803
802
802
802
802
802
801
801
801
801
801
800
800
800
800
799
799
799
799
798
798
798
798
798
797
797
797
796
796
796
796
795
795
795
795
795
794
794
793
793
793
793
793
793
793
792
791
791
791
791
790
790
790
790
790
789
789
789
789
789
789
789
788
788
788
787
787
787
787
786
786
786
786
786
786
786
785
785
785
785
785
784
784
784
784
783
783
782
782
782
782
782
782
782
782
782
782
782
782
782
781
781
781
781
781
781
780
780
780
780
780
779
779
779
778
778
778
778
778
778
778
778
778
777
777
777
777
776
776
776
776
776
776
776
775
775
775
775
774
774
774
774
774
773
773
773
773
773
773
772
772
772
772
771
771
771
771
771
770
770
770
770
770
770
770
770
770
770
770
770
769
768
768
768
767
767
767
766
766
766
766
766
766
766
766
766
766
765
765
765
765
765
764
764
764
764
763
763
762
762
762
762
761
761
761
761
761
760
760
760
760
760
760
760
759
759
759
759
759
759
759
759
758
758
758
758
758
757
757
757
756
756
756
756
755
755
755
755
755
754
754
754
754
753
753
753
753
752
752
751
751
751
751
751
750
750
750
750
750
750
750
749
749
749
749
749
749
749
748
748
748
748
747
747
747
746
746
746
746
744
744
743
743
742
742
742
741
741
741
741
741
740
740
740
740
740
739
739
739
739
738
738
738
737
737
737
737
737
736
736
736
736
735
735
735
735
735
735
735
735
734
734
733
733
733
733
732
732
732
732
732
732
732
732
732
732
731
731
731
731
731
731
731
731
730
730
730
729
729
729
729
728
728
728
727
727
727
727
727
726
726
726
726
726
726
725
725
725
724
724
724
724
724
724
724
724
723
723
723
723
723
722
722
722
722
722
722
722
722
722
722
721
721
721
721
721
721
721
720
720
720
720
720
719
719
719
719
719
719
719
718
718
718
718
717
717
716
716
716
716
716
716
716
716
716
715
715
715
715
715
715
714
714
714
714
714
714
714
713
713
713
713
713
713
713
712
712
712
712
712
712
711
711
711
710
710
710
710
710
709
709
709
709
709
708
708
708
708
708
708
708
707
707
707
707
706
706
706
706
706
705
705
705
705
705
705
705
704
704
704
703
703
703
703
703
703
703
702
702
702
702
702
701
701
701
701
701
701
701
701
700
700
700
700
700
700
699
699
699
699
699
699
699
699
698
698
698
698
698
698
698
698
697
697
697
697
696
696
696
696
696
696
695
695
695
695
695
694
694
694
694
693
693
693
693
693
692
691
691
690
690
690
690
690
690
690
690
690
689
689
689
689
689
688
688
688
688
688
688
688
688
688
688
687
687
687
687
687
686
686
685
685
685
685
685
685
684
684
684
684
684
684
684
684
684
684
684
683
683
683
683
683
682
682
682
682
682
682
682
681
681
681
681
681
681
680
680
680
680
679
679
679
679
679
679
679
678
678
678
678
678
678
678
677
677
677
677
677
676
676
676
676
676
675
675
675
675
675
675
675
675
675
674
674
674
674
674
673
673
673
673
673
673
672
672
672
672
671
671
671
671
671
671
670
670
670
670
670
670
670
670
670
670
670
669
669
669
669
669
669
669
669
669
669
668
668
668
668
668
668
668
668
668
668
668
668
668
667
667
667
667
667
667
667
667
666
666
666
666
666
666
666
666
665
665
664
664
664
663
663
663
662
662
662
662
662
662
661
661
661
661
660
660
660
659
659
659
659
659
658
658
658
658
658
658
658
658
658
657
657
657
657
657
657
656
656
656
655
655
655
654
654
654
654
654
653
653
653
653
652
652
652
652
652
651
651
651
651
651
651
651
651
651
650
650
650
650
650
650
650
650
649
649
649
649
648
648
648
648
648
648
648
648
647
647
647
647
647
647
647
647
646
646
646
646
646
646
646
646
646
645
645
645
645
645
645
644
644
644
644
644
644
644
644
644
644
644
644
643
643
643
643
643
643
643
643
643
643
642
642
642
642
642
642
642
642
642
642
642
641
641
641
641
641
641
641
640
640
640
640
639
639
639
639
639
639
639
639
639
639
638
638
638
638
638
638
638
638
638
638
638
638
638
637
637
637
637
637
637
637
637
637
637
636
636
636
636
636
636
636
636
635
635
635
635
635
634
634
634
634
634
634
633
633
633
633
632
632
632
632
631
631
631
631
631
631
631
631
630
630
630
630
630
630
630
629
629
629
629
629
629
629
629
628
628
628
628
628
628
628
628
628
628
628
628
628
628
627
627
627
627
627
627
627
627
627
627
627
627
627
627
627
626
626
626
626
626
625
625
625
625
625
625
625
624
624
624
624
624
623
623
623
623
623
623
623
623
623
623
622
622
622
622
622
622
622
622
622
622
621
621
621
621
620
620
620
620
620
620
620
620
620
620
620
620
620
620
619
619
619
619
619
619
619
618
618
618
618
618
618
618
617
617
617
617
617
617
617
616
616
616
616
616
616
616
616
616
616
616
615
615
615
615
615
615
615
615
615
615
615
614
614
614
614
614
614
614
613
613
613
613
613
612
612
612
612
612
611
611
611
611
611
611
611
611
611
611
610
610
610
610
610
610
610
610
609
609
609
609
609
609
609
609
609
608
608
608
608
608
608
607
607
607
606
606
606
606
605
605
605
605
605
605
605
605
604
604
604
604
604
604
604
604
604
603
603
603
603
603
603
603
602
602
602
602
602
602
602
602
602
602
601
601
601
601
601
600
600
600
600
600
600
600
600
600
600
600
599
599
599
599
598
598
598
598
598
597
597
597
597
596
596
596
596
596
596
596
596
595
595
595
595
594
594
594
594
594
594
594
594
594
594
594
593
593
593
593
593
593
593
593
592
592
592
592
592
592
592
592
592
591
591
591
591
591
591
590
590
590
590
590
590
590
589
589
589
589
588
588
588
588
588
588
588
587
587
587
587
587
586
586
586
586
586
586
586
586
586
586
586
585
585
585
585
585
585
584
584
584
584
584
584
584
584
584
583
583
583
583
583
583
583
583
583
583
583
583
583
582
582
582
582
582
582
582
582
582
581
581
581
581
581
581
581
581
581
581
581
581
580
580
580
580
580
580
580
580
580
580
580
580
580
580
579
579
579
579
579
579
579
579
579
578
578
578
578
578
578
578
578
578
578
577
577
577
577
577
577
577
577
577
576
576
576
576
575
575
575
575
575
575
575
575
575
574
574
574
574
574
574
574
574
574
574
573
573
573
573
572
572
572
572
572
572
572
572
572
572
572
572
572
571
571
571
571
571
571
571
571
570
570
570
570
570
569
569
569
569
569
569
569
569
569
569
569
568
568
568
568
568
568
567
567
567
567
567
567
567
567
567
566
566
566
566
566
565
565
565
565
565
565
565
565
565
565
565
565
565
565
565
565
565
565
564
564
564
564
564
564
564
564
564
564
564
564
563
563
563
563
563
563
563
563
563
563
562
562
562
562
562
562
562
562
562
562
562
562
562
561
561
561
561
561
561
561
561
560
560
560
560
560
560
560
560
560
560
560
560
560
560
559
559
559
559
559
559
559
559
558
558
558
558
558
558
558
558
558
558
557
557
557
557
557
557
557
557
557
557
557
557
556
556
556
556
556
556
556
556
556
556
556
556
555
555
555
555
555
555
555
555
555
555
555
555
555
555
554
554
554
554
554
554
554
554
554
554
554
554
554
554
554
553
553
553
553
553
553
553
553
552
552
552
552
552
552
552
552
552
552
552
552
552
552
552
551
551
551
551
551
551
551
551
551
551
551
551
550
550
550
550
550
550
550
549
549
549
549
549
549
549
549
549
549
549
548
548
548
548
548
547
547
547
547
547
547
547
546
546
546
546
546
546
546
545
545
545
545
545
545
545
545
545
545
545
545
545
544
544
544
544
544
544
543
543
543
543
543
543
542
542
542
542
542
542
542
542
542
542
541
541
541
541
541
541
541
541
541
541
541
541
540
540
540
540
540
540
540
540
540
540
540
540
540
540
540
539
539
539
539
539
539
539
539
539
539
539
538
538
538
538
538
538
538
538
538
538
537
537
537
537
537
536
536
536
536
536
536
536
536
536
536
536
536
536
536
536
535
535
535
535
535
535
535
535
535
534
534
534
534
534
534
534
534
534
534
534
533
533
533
533
533
533
532
532
532
532
532
532
532
532
532
532
532
531
531
531
531
531
531
531
531
531
531
531
531
530
530
530
530
530
529
529
529
529
529
529
529
529
529
529
529
529
528
528
528
528
528
528
528
528
527
527
527
527
527
527
527
527
527
527
527
527
527
526
526
526
526
526
526
526
526
526
525
525
525
525
525
525
525
525
525
525
525
524
524
524
524
524
524
524
524
524
524
524
524
524
524
524
523
523
523
523
523
523
523
523
523
522
522
522
522
522
522
522
522
521
521
521
521
521
521
521
521
521
521
521
521
521
521
521
521
520
520
520
520
520
520
520
520
519
519
519
519
519
519
519
519
519
519
519
519
519
519
519
518
518
518
518
518
518
518
518
518
517
517
517
517
517
517
517
517
516
516
516
516
516
516
516
516
516
516
516
516
516
515
515
515
515
515
515
515
515
515
515
514
514
514
514
514
514
514
514
514
513
513
513
513
513
513
513
513
513
513
513
512
512
512
512
512
512
512
512
511
511
511
511
511
511
511
511
511
511
511
511
510
510
510
510
510
510
510
509
509
509
509
509
509
509
509
508
508
508
508
508
508
508
508
507
507
507
507
507
507
507
506
506
506
506
506
506
506
506
506
506
506
506
505
505
505
505
505
505
505
505
505
505
505
505
504
504
504
504
504
504
504
504
504
504
504
504
503
503
503
503
503
503
503
503
503
503
503
503
503
503
502
502
502
502
502
501
501
501
501
501
501
501
501
501
500
500
500
500
500
500
500
500
500
500
500
499
499
499
499
499
499
499
499
499
499
499
499
498
498
498
498
498
498
498
498
498
498
498
498
498
498
497
497
497
497
497
497
497
497
497
496
496
496
496
496
496
496
496
496
496
496
495
495
495
495
495
495
495
495
495
495
495
495
494
494
494
494
494
494
494
494
494
494
494
494
494
494
494
493
493
493
493
493
493
493
493
493
493
493
493
493
493
493
493
492
492
492
492
492
492
492
492
492
492
492
492
492
492
491
491
491
491
491
491
491
491
491
491
491
491
490
490
490
490
490
490
490
490
489
489
489
489
489
489
489
489
489
489
489
489
489
489
489
488
488
488
488
488
488
488
488
488
488
487
487
487
487
487
487
487
487
487
487
487
487
487
487
486
486
486
486
486
486
486
486
486
485
485
485
485
485
485
484
484
484
484
484
484
484
484
484
484
484
484
484
484
483
483
483
483
483
483
483
483
483
483
483
483
483
483
483
483
482
482
482
482
482
482
482
482
482
482
482
481
481
481
481
481
481
481
481
481
480
480
480
480
480
480
480
480
480
480
480
480
480
480
480
480
480
479
479
479
479
479
479
479
479
479
479
479
479
479
478
478
478
478
478
478
478
478
478
478
478
478
478
478
477
477
477
477
477
477
477
477
477
477
477
477
476
476
476
476
476
476
476
476
476
476
476
476
475
475
475
475
475
475
475
475
475
475
475
475
475
475
475
475
475
475
475
475
475
475
475
475
474
474
474
474
474
474
474
474
474
474
474
474
473
473
473
473
473
473
473
473
473
473
473
473
472
472
472
472
472
472
472
472
472
472
472
472
472
472
471
471
471
471
471
471
471
471
470
470
470
470
470
470
470
470
470
470
470
469
469
469
469
469
469
469
469
469
469
469
469
469
469
469
468
468
468
468
468
468
468
468
468
468
468
468
468
467
467
467
467
467
467
467
467
467
467
467
467
467
467
466
466
466
466
466
466
466
466
466
466
466
466
466
466
466
465
465
465
465
465
465
465
465
465
465
465
464
464
464
464
464
464
464
464
464
464
464
464
463
463
463
463
463
463
463
463
463
463
463
463
463
463
463
463
463
463
463
463
462
462
462
461
461
461
461
461
461
461
461
461
461
460
460
460
460
460
460
460
460
460
460
460
460
460
460
460
459
459
459
459
459
459
459
459
459
459
459
458
458
458
458
458
458
458
458
458
458
458
458
457
457
457
457
457
457
457
457
457
457
457
457
457
457
457
457
457
456
456
456
456
456
456
456
456
456
456
456
456
455
455
455
455
455
455
455
455
455
455
455
455
455
454
454
454
454
454
454
454
454
454
453
453
453
453
453
453
453
453
453
453
453
453
453
453
453
452
452
452
452
452
452
452
452
452
452
452
452
452
452
452
452
452
451
451
451
451
451
451
451
451
451
451
451
451
451
451
450
450
450
450
450
450
450
450
450
450
450
449
449
449
449
449
449
449
449
449
449
449
449
449
449
449
449
448
448
448
448
448
448
448
448
448
448
448
448
448
448
448
448
448
448
448
448
447
447
447
447
447
447
447
447
447
447
447
447
447
447
447
447
447
447
447
447
447
447
447
447
447
447
447
447
447
446
446
446
446
446
446
446
446
446
446
446
446
446
445
445
445
445
445
445
445
445
445
445
445
445
445
445
445
444
444
444
444
444
444
444
444
444
444
444
444
444
444
444
444
444
444
443
443
443
443
443
443
443
443
443
442
442
442
442
442
442
442
442
442
442
442
442
442
442
442
442
442
442
442
442
442
442
442
442
441
441
441
441
441
441
441
441
441
441
441
441
441
440
440
440
440
440
440
440
440
440
440
440
440
440
440
440
440
440
440
440
440
440
440
439
439
439
439
439
439
439
439
439
438
438
438
438
438
438
438
438
438
438
438
438
438
438
438
438
438
438
438
438
437
437
437
437
437
437
437
437
437
437
437
437
437
437
437
437
437
437
436
436
436
436
436
436
436
436
436
436
435
435
435
435
435
435
435
435
435
435
435
435
435
435
434
434
434
434
434
434
434
434
434
434
434
434
434
434
433
433
433
433
433
433
433
433
433
433
433
433
433
433
433
433
432
432
432
432
432
432
432
432
432
432
432
432
432
432
432
432
432
432
431
431
431
431
431
431
431
431
431
431
431
431
431
431
431
431
431
431
430
430
430
430
430
430
430
430
430
430
430
430
430
430
430
430
430
430
430
429
429
429
429
429
429
429
429
429
429
429
429
429
429
429
429
428
428
428
428
428
428
428
428
428
428
428
428
428
428
428
428
428
428
428
428
428
428
428
427
427
427
427
427
427
427
427
427
427
427
427
427
427
427
427
427
427
427
426
426
426
426
426
426
426
426
426
426
426
426
426
426
426
425
425
425
425
425
425
425
425
425
425
425
425
425
425
425
425
425
425
425
425
425
425
425
424
424
424
424
424
424
424
424
424
424
424
424
424
423
423
423
423
423
423
423
423
423
423
423
423
423
423
423
422
422
422
422
422
422
422
422
422
422
422
422
422
422
422
422
422
422
421
421
421
421
421
421
421
421
421
421
421
421
421
421
421
421
421
421
421
421
421
421
421
420
420
420
420
420
420
420
420
420
420
420
420
420
420
420
420
420
420
419
419
419
419
419
419
419
419
419
419
419
419
419
419
419
419
419
419
419
418
418
418
418
418
418
418
418
418
418
418
418
418
418
418
418
418
418
418
418
417
417
417
417
417
417
417
417
417
417
417
417
417
417
417
417
417
417
416
416
416
416
416
416
416
416
416
416
416
416
416
416
415
415
415
415
415
415
415
415
415
415
415
415
415
414
414
414
414
414
414
414
414
414
414
414
414
414
414
414
414
414
414
414
414
414
413
413
413
413
413
413
413
413
413
413
413
413
413
413
413
413
413
413
413
412
412
412
412
412
412
412
412
412
412
412
412
412
412
412
412
412
412
412
412
411
411
411
411
411
411
411
411
411
411
411
411
411
411
411
411
411
411
411
411
411
411
411
410
410
410
410
410
410
410
410
410
410
410
410
410
410
410
410
410
409
409
409
409
409
409
409
409
409
409
409
409
409
409
409
409
409
409
409
408
408
408
408
408
408
408
408
408
408
408
408
408
408
408
408
407
407
407
407
407
407
407
407
407
407
407
407
407
407
407
407
407
406
406
406
406
406
406
406
406
406
406
406
406
406
406
406
406
406
406
406
406
406
406
406
406
405
405
405
405
405
405
405
405
405
405
405
405
405
405
405
405
405
405
405
405
405
405
405
405
405
405
405
405
405
404
404
404
404
404
404
404
404
404
404
404
404
404
404
404
404
404
404
404
404
404
403
403
403
403
403
403
403
403
403
403
403
403
403
403
403
403
403
402
402
402
402
402
402
402
402
402
402
402
402
402
402
402
402
402
402
402
402
402
402
402
402
402
402
402
401
401
401
401
401
401
401
401
401
401
401
401
401
401
401
401
401
401
401
401
401
400
400
400
400
400
400
400
400
400
400
400
400
400
400
400
400
400
400
400
400
400
400
400
399
399
399
399
399
399
399
399
399
399
399
399
399
399
399
399
399
399
399
399
399
399
399
398
398
398
398
398
398
398
398
398
398
398
398
398
398
398
398
398
398
398
398
398
397
397
397
397
397
397
397
397
397
397
397
397
397
396
396
396
396
396
396
396
396
396
396
396
396
396
396
396
396
396
396
396
396
396
396
395
395
395
395
395
395
395
395
395
395
395
395
395
395
395
395
395
395
395
395
395
395
395
395
394
394
394
394
394
394
394
394
394
394
394
394
394
394
394
394
394
394
394
394
394
393
393
393
393
393
393
393
393
393
393
393
393
393
393
393
393
393
393
392
392
392
392
392
392
392
392
392
392
392
392
392
392
392
391
391
391
391
391
391
391
391
391
391
391
391
391
391
391
391
391
391
391
391
391
390
390
390
390
390
390
390
390
390
390
390
390
390
390
390
390
390
390
390
390
390
390
390
390
389
389
389
389
389
389
389
389
389
389
389
389
389
389
389
389
389
389
389
389
389
389
389
389
388
388
388
388
388
388
388
388
388
388
388
388
388
388
388
388
388
388
388
387
387
387
387
387
387
387
387
387
387
387
387
387
386
386
386
386
386
386
386
386
386
386
386
386
386
386
386
385
385
385
385
385
385
385
385
385
385
385
385
385
385
385
385
385
385
385
385
385
385
385
385
385
385
385
384
384
384
384
384
384
384
384
384
384
384
384
384
384
384
384
384
384
384
383
383
383
383
383
383
383
383
383
383
383
383
383
383
382
382
382
382
382
382
382
382
382
382
382
382
382
382
382
382
382
382
382
382
382
382
382
382
382
382
381
381
381
381
381
381
381
381
381
381
381
381
381
381
381
381
381
380
380
380
380
380
380
380
380
380
380
380
380
380
380
380
380
380
380
380
380
380
380
379
379
379
379
379
379
379
379
379
379
379
379
379
379
379
379
379
379
379
379
379
379
379
379
379
379
379
379
379
379
379
379
378
378
378
378
378
378
378
378
378
378
378
378
378
378
378
377
377
377
377
377
377
377
377
377
377
377
377
377
377
377
377
377
377
377
377
377
377
377
376
376
376
376
376
376
376
376
376
376
376
376
376
376
376
376
376
376
375
375
375
375
375
375
375
375
375
375
375
375
375
375
375
375
375
375
375
375
375
375
374
374
374
374
374
374
374
374
374
374
374
374
374
374
374
374
374
374
374
374
374
373
373
373
373
373
373
373
373
373
373
373
373
373
373
372
372
372
372
372
372
372
372
372
372
372
372
372
372
372
372
372
372
372
371
371
371
371
371
371
371
371
371
371
371
371
371
371
371
371
371
371
371
371
371
371
371
371
370
370
370
370
370
370
370
370
370
370
370
370
370
370
370
370
369
369
369
369
369
369
369
369
369
369
369
369
368
368
368
368
368
368
368
368
368
368
368
368
368
368
368
368
368
367
367
367
367
367
367
367
367
367
367
367
367
367
367
367
367
367
366
366
366
366
366
366
366
366
366
366
366
366
366
366
366
366
366
366
366
366
366
366
366
366
365
365
365
365
365
365
365
365
365
365
365
365
365
365
365
365
365
365
365
365
365
365
364
364
364
364
364
364
364
364
364
364
364
364
364
364
364
364
364
364
364
364
364
363
363
363
363
363
363
363
363
363
363
363
363
363
363
363
363
363
363
363
363
363
363
363
363
363
363
363
362
362
362
362
362
362
362
362
362
362
362
362
362
362
362
362
362
362
362
362
362
362
362
361
361
361
361
361
361
361
361
361
361
361
361
361
361
361
361
361
361
361
361
361
360
360
360
360
360
360
360
360
360
360
360
360
360
360
360
360
360
360
360
360
360
360
360
360
360
360
360
360
360
360
360
360
360
359
359
359
359
359
359
359
359
359
359
359
359
359
359
359
359
359
359
359
359
359
359
359
359
358
358
358
358
358
358
358
358
358
358
358
358
358
358
358
358
358
358
358
358
358
358
358
358
358
358
358
358
358
358
357
357
357
357
357
357
357
357
357
357
357
357
357
357
357
356
356
356
356
356
356
356
356
356
356
356
356
356
356
356
356
356
356
356
356
356
355
355
355
355
355
355
355
355
355
355
355
355
355
355
355
355
355
355
355
355
355
355
355
355
355
355
355
355
355
355
355
355
355
355
355
355
355
354
354
354
354
354
354
354
354
354
354
354
354
354
354
354
354
354
354
354
353
353
353
353
353
353
353
353
353
353
353
353
353
353
353
353
353
353
353
353
353
353
353
353
353
353
352
352
352
352
352
352
352
352
352
352
352
352
352
352
352
352
352
352
352
352
352
352
352
352
352
352
352
352
352
352
352
352
351
351
351
351
351
351
351
351
351
351
351
351
351
351
351
351
351
351
351
351
351
351
351
351
351
351
351
351
350
350
350
350
350
350
350
350
350
350
350
350
350
350
350
350
350
350
350
350
350
350
350
350
349
349
349
349
349
349
349
349
349
349
349
349
349
349
349
349
349
349
349
349
348
348
348
348
348
348
348
348
348
348
348
348
348
348
348
348
348
348
348
348
348
348
348
348
348
348
348
348
348
347
347
347
347
347
347
347
347
347
347
347
347
347
347
347
347
347
347
347
347
347
347
347
347
347
347
347
347
346
346
346
346
346
346
346
346
346
346
346
346
346
346
346
346
346
346
346
346
346
346
346
346
346
346
346
346
346
345
345
345
345
345
345
345
345
345
345
345
345
345
345
345
345
345
345
345
345
345
345
345
345
344
344
344
344
344
344
344
344
344
344
344
344
344
344
344
344
344
344
344
344
344
344
344
344
344
344
343
343
343
343
343
343
343
343
343
343
343
343
343
343
343
343
343
343
343
343
343
342
342
342
342
342
342
342
342
342
342
342
342
342
342
342
342
342
342
342
342
342
342
342
342
342
341
341
341
341
341
341
341
341
341
341
341
341
341
341
341
341
341
341
341
341
341
341
341
341
341
340
340
340
340
340
340
340
340
340
340
340
340
340
340
340
340
340
340
340
340
340
340
340
340
340
340
340
340
340
339
339
339
339
339
339
339
339
339
339
339
339
339
339
339
339
339
339
338
338
338
338
338
338
338
338
338
338
338
338
338
338
338
338
338
338
338
338
338
337
337
337
337
337
337
337
337
337
337
337
337
337
337
337
337
337
337
337
337
337
337
337
337
336
336
336
336
336
336
336
336
336
336
336
336
336
336
336
336
336
336
336
336
336
336
336
336
336
335
335
335
335
335
335
335
335
335
335
335
335
335
335
335
335
335
335
335
335
335
335
335
335
335
334
334
334
334
334
334
334
334
334
334
334
334
334
334
334
334
334
334
333
333
333
333
333
333
333
333
333
333
333
333
333
333
333
333
333
333
333
333
333
333
333
333
333
332
332
332
332
332
332
332
332
332
332
332
332
332
332
332
332
332
332
332
332
332
332
332
332
332
332
331
331
331
331
331
331
331
331
331
331
331
331
331
331
331
331
331
330
330
330
330
330
330
330
330
330
330
330
330
330
330
330
330
330
330
330
330
330
330
330
330
330
329
329
329
329
329
329
329
329
329
329
329
329
329
329
329
329
329
329
329
329
329
329
329
329
329
329
329
329
329
329
329
329
329
329
328
328
328
328
328
328
328
328
328
328
328
328
328
328
328
328
328
328
328
328
328
327
327
327
327
327
327
327
327
327
327
327
327
327
327
327
327
327
327
327
327
327
327
327
327
327
327
327
327
327
326
326
326
326
326
326
326
326
326
326
326
326
326
326
326
326
326
326
326
326
326
326
326
326
326
326
326
326
326
326
326
326
326
326
326
326
326
326
326
325
325
325
325
325
325
325
325
325
325
325
325
325
325
325
325
325
325
325
325
325
325
325
325
325
325
325
325
325
325
325
325
325
325
325
325
324
324
324
324
324
324
324
324
324
324
324
324
324
324
324
324
324
324
324
324
324
324
324
324
324
324
324
324
324
324
323
323
323
323
323
323
323
323
323
323
323
323
323
323
323
323
323
323
323
323
323
323
323
323
323
323
322
322
322
322
322
322
322
322
322
322
322
322
322
322
322
322
322
322
322
322
322
322
322
322
322
322
321
321
321
321
321
321
321
321
321
321
321
321
321
321
321
321
321
321
321
321
321
321
321
321
321
321
320
320
320
320
320
320
320
320
320
320
320
320
320
320
320
320
320
320
320
320
320
320
320
320
320
319
319
319
319
319
319
319
319
319
319
319
319
319
319
319
319
319
319
319
319
319
319
319
319
318
318
318
318
318
318
318
318
318
318
318
318
318
318
318
318
318
318
318
318
318
318
318
318
318
318
318
317
317
317
317
317
317
317
317
317
317
317
317
317
317
317
317
317
317
317
317
317
317
317
317
317
316
316
316
316
316
316
316
316
316
316
316
316
316
316
316
316
316
316
316
316
316
316
316
316
316
316
316
316
316
316
316
316
315
315
315
315
315
315
315
315
315
315
315
315
315
315
315
315
315
315
315
315
315
315
315
315
315
315
315
315
315
315
315
315
315
315
315
315
315
315
315
315
315
314
314
314
314
314
314
314
314
314
314
314
314
314
314
314
314
314
314
313
313
313
313
313
313
313
313
313
313
313
313
313
313
313
313
313
313
313
313
313
313
313
313
313
313
313
313
313
313
313
313
313
313
312
312
312
312
312
312
312
312
312
312
312
312
312
312
312
312
312
312
312
312
312
312
312
312
312
312
312
312
312
312
312
312
312
312
312
312
312
311
311
311
311
311
311
311
311
311
311
311
311
311
311
311
311
311
311
311
311
311
311
311
311
310
310
310
310
310
310
310
310
310
310
310
310
310
310
310
310
310
310
310
310
310
310
310
310
310
310
310
310
310
310
310
310
310
310
309
309
309
309
309
309
309
309
309
309
309
309
309
309
309
309
309
309
309
309
309
309
309
309
309
309
309
309
309
309
309
308
308
308
308
308
308
308
308
308
308
308
308
308
308
308
308
308
308
308
308
308
308
308
308
308
308
308
308
308
308
308
307
307
307
307
307
307
307
307
307
307
307
307
307
307
307
307
307
307
307
307
307
307
307
307
307
307
307
307
307
307
307
307
307
307
307
307
307
307
307
307
306
306
306
306
306
306
306
306
306
306
306
306
306
306
306
306
306
306
306
306
306
306
306
306
306
306
306
306
306
306
306
306
306
306
306
306
306
306
306
306
306
306
306
306
305
305
305
305
305
305
305
305
305
305
305
305
305
305
305
305
305
305
305
305
305
305
305
305
305
305
305
305
305
305
305
305
304
304
304
304
304
304
304
304
304
304
304
304
304
304
304
304
304
304
304
304
304
304
304
304
304
304
303
303
303
303
303
303
303
303
303
303
303
303
303
303
303
303
303
303
303
303
303
303
303
303
303
303
303
303
303
303
303
303
303
303
303
303
302
302
302
302
302
302
302
302
302
302
302
302
302
302
302
302
302
302
302
302
302
302
302
302
302
302
302
302
302
302
302
302
302
302
302
301
301
301
301
301
301
301
301
301
301
301
301
301
301
301
301
301
301
301
301
301
301
301
301
301
301
301
301
301
301
300
300
300
300
300
300
300
300
300
300
300
300
300
300
300
300
300
300
300
300
300
300
300
300
300
300
300
300
300
300
300
300
300
300
300
299
299
299
299
299
299
299
299
299
299
299
299
299
299
299
299
299
299
299
299
299
299
299
299
299
299
299
299
299
298
298
298
298
298
298
298
298
298
298
298
298
298
298
298
298
298
298
298
298
298
298
298
298
298
298
298
298
298
298
298
298
298
297
297
297
297
297
297
297
297
297
297
297
297
297
297
297
297
297
297
297
297
297
297
297
297
297
297
297
297
297
297
296
296
296
296
296
296
296
296
296
296
296
296
296
296
296
296
296
296
296
296
296
296
296
296
296
296
296
296
296
296
296
296
296
296
296
296
296
295
295
295
295
295
295
295
295
295
295
295
295
295
295
295
295
295
295
295
295
295
295
295
295
295
295
295
295
295
295
295
295
294
294
294
294
294
294
294
294
294
294
294
294
294
294
294
294
294
294
294
294
294
294
294
294
294
294
294
294
294
294
293
293
293
293
293
293
293
293
293
293
293
293
293
293
293
293
293
293
293
293
293
293
293
293
293
293
293
293
293
293
293
293
293
293
293
293
293
293
293
293
292
292
292
292
292
292
292
292
292
292
292
292
292
292
292
292
292
292
292
291
291
291
291
291
291
291
291
291
291
291
291
291
291
291
291
291
291
291
291
291
291
291
291
291
291
291
291
291
291
291
291
291
291
291
291
291
291
291
291
291
291
291
291
291
291
291
291
291
291
291
290
290
290
290
290
290
290
290
290
290
290
290
290
290
290
290
290
290
290
290
290
290
290
290
290
290
290
290
290
290
290
290
289
289
289
289
289
289
289
289
289
289
289
289
289
289
289
289
289
289
289
289
289
289
289
289
289
289
289
289
289
289
289
289
289
289
289
288
288
288
288
288
288
288
288
288
288
288
288
288
288
288
288
288
288
288
288
288
288
288
288
288
287
287
287
287
287
287
287
287
287
287
287
287
287
287
287
287
287
287
287
287
287
287
287
287
287
287
287
287
287
287
287
287
287
287
287
287
287
287
287
287
287
287
287
286
286
286
286
286
286
286
286
286
286
286
286
286
286
286
286
286
286
286
286
286
286
286
286
286
286
286
286
286
286
286
286
286
286
286
286
286
286
286
285
285
285
285
285
285
285
285
285
285
285
285
285
285
285
285
285
285
285
285
285
285
285
285
285
285
285
285
285
285
285
285
285
285
285
285
285
285
285
285
285
285
285
285
285
284
284
284
284
284
284
284
284
284
284
284
284
284
284
284
284
284
284
284
284
284
284
284
284
284
284
284
284
284
284
284
284
284
284
283
283
283
283
283
283
283
283
283
283
283
283
283
283
283
283
283
283
283
283
283
283
283
283
283
283
283
283
283
283
283
283
283
283
283
283
283
283
283
283
283
283
283
283
283
282
282
282
282
282
282
282
282
282
282
282
282
282
282
282
282
282
282
282
282
282
282
282
282
282
282
282
282
282
282
282
282
282
282
282
282
282
282
282
282
282
282
282
282
282
282
282
281
281
281
281
281
281
281
281
281
281
281
281
281
281
281
281
281
281
281
281
281
281
281
281
281
281
281
281
281
281
281
281
281
281
281
281
281
281
281
281
281
281
281
281
281
281
281
281
281
281
280
280
280
280
280
280
280
280
280
280
280
280
280
280
280
280
280
280
280
280
280
280
280
280
280
280
280
280
280
280
280
280
280
280
280
279
279
279
279
279
279
279
279
279
279
279
279
279
279
279
279
279
279
279
