1199091
688505
521216
428707
372251
330522
311993
281992
268879
258778
239455
246858
213771
207376
207989
196582
198863
184050
195829
190030
172728
179957
186854
176684
175420
160083
163368
183419
159830
162792
165031
168225
158945
164061
176320
161510
146892
152361
151094
145626
143554
153525
150995
146455
153244
148147
146832
144445
140425
148756
146512
147266
150134
153293
141303
145966
140533
134034
141601
149435
143196
129211
128756
148755
144517
131586
152917
146925
149457
127381
126560
141104
127091
143981
136521
137813
134173
137579
126742
141265
138167
131116
130379
118420
125995
126382
142223
140256
130186
127701
118431
131808
123359
127089
126927
128395
119908
118901
128953
128599
122194
124213
127507
128609
129068
137992
119441
134957
123965
129712
119946
132971
115635
117751
138085
130889
122184
126124
124251
130798
120327
129374
132323
125134
132419
126270
117685
117301
118736
128339
127777
125605
129374
117468
122564
118208
127114
122415
123017
134795
118554
123418
119134
123381
113830
138408
108018
118947
129659
119335
118556
121659
129784
118820
133662
137640
118560
122169
132971
119105
119208
120563
112056
132873
129829
153632
134120
125610
111457
121673
128849
114749
125798
122706
124367
113212
114690
119303
118489
120965
143601
105821
128503
109016
128463
103891
134841
109976
110334
111379
123781
129124
124930
120307
117371
119340
123213
123350
107148
126938
107728
111073
125814
129128
121673
134282
117970
122217
113289
111152
134841
124137
124636
128201
121845
123213
114261
122142
123158
105539
119481
126342
119219
114842
123570
116732
122714
123878
116887
115949
103979
117660
119998
117687
123796
111152
141941
120838
131501
114280
113855
105938
107509
116640
116565
107896
112856
123613
111349
124986
118835
114386
116603
116629
118339
113493
131458
122345
133983
123842
107900
115968
110351
114516
116021
112856
124028
127379
112508
106536
122345
114157
114493
116636
111784
113929
130082
120814
124231
116545
128581
107927
127294
116996
125383
104900
114914
107921
111941
116922
109496
125383
115278
119340
118875
115703
112198
108786
139434
118218
119886
131739
114022
105184
112663
131369
124180
116125
111721
114027
122415
130686
115198
118252
123571
124942
123603
110103
122195
104786
107615
123158
114133
105406
106749
109823
117211
108012
128818
124483
124918
116271
119067
124296
122072
108534
119734
112936
128929
118893
112161
127631
118560
108394
129419
110791
114504
110350
121243
111231
117880
107948
122169
116856
119303
122992
107678
107267
126342
111741
120186
116887
123282
117353
114337
108850
110398
126002
117694
118489
123571
122828
123389
121366
119219
112355
114386
112101
113212
141392
115485
116958
117211
114690
112015
128599
114968
120149
102025
106569
118079
113830
117660
114022
119342
109712
122217
122993
127218
115054
117970
113822
109791
111710
111510
114027
124674
121038
108803
112363
109911
120714
103556
116985
125149
111968
126843
122187
133141
119758
117491
114493
100785
122195
118459
105605
114280
115734
122109
116387
114638
103387
121395
140760
115031
103891
118408
120662
118459
105976
106569
119345
104468
108786
98422
128543
119067
112013
109656
116114
109234
113881
120827
125690
117717
105106
120496
121090
103196
125096
108661
121897
113822
122210
111684
105137
112292
122142
108935
117751
112056
111784
114265
119651
99354
129558
113587
108105
121243
123282
129401
120827
105210
117928
114812
116546
119998
114034
116545
112663
111206
117060
117928
112355
106334
114133
107272
117048
122194
111403
126653
115943
115747
120385
109860
103387
125679
116505
109001
114386
114286
121035
117060
116076
116076
105976
114431
125222
111175
118218
116545
118142
109442
117742
113922
113034
108684
119042
108743
121386
108009
113964
122614
111703
112015
116565
120965
122205
119208
114912
116316
114358
108743
105928
108684
112015
106676
113803
124252
109200
114785
105388
112856
111016
127195
108850
115345
108105
111231
106417
120663
129946
110351
128812
124942
110398
109745
119572
118911
120004
121673
121327
111349
113361
122571
111741
113776
117203
114404
114769
106033
122391
110435
113797
123421
107148
114265
117626
105976
118556
113918
116391
136343
116001
109070
110082
115073
119303
120838
129124
108284
120838
113881
121366
111866
120563
103891
114516
110073
107609
127218
104468
106015
110791
114271
115532
109234
117189
112209
116268
111932
106648
110435
127543
112161
107293
117662
116518
104563
111349
105638
104859
112272
112497
107948
110791
120663
114769
115988
127379
119758
108733
105060
116076
123047
129743
114431
107896
111716
113318
118120
116732
112915
120919
115049
109118
106334
115036
117249
105539
116016
128756
110103
113833
110021
110171
114769
101104
115968
115054
120149
104786
111721
114831
102025
124028
109442
116518
99864
105928
116518
129396
114300
117372
114978
105194
112363
114280
128499
117189
105584
127908
118875
120033
133635
116387
139436
113797
118847
113212
108661
142473
113776
116873
106417
110791
102116
114493
103910
108105
109325
107921
123213
123158
121262
108803
115054
110021
111710
107616
114638
112518
133495
105210
110645
112129
117236
122992
111710
108733
118477
120313
123894
115069
115471
122072
112518
119042
110103
108091
109200
120004
113034
117048
109860
106334
114914
112161
117301
119758
112386
108683
139942
111349
115988
118142
103196
123774
123377
117491
109200
104425
112033
98422
117662
107525
106757
112563
118142
122625
112915
118682
110594
114431
101935
121243
99354
116404
107267
117048
105584
117717
111866
117687
116958
113833
103979
111073
124674
107615
113148
108009
113318
108302
108935
109200
104786
111703
101104
109860
117372
113830
113632
107921
110398
124523
113803
109325
113632
109712
110350
110351
118820
126382
123699
127518
120113
103387
116404
114912
120542
115968
115345
123047
113855
112101
104563
103910
108284
115058
109070
112936
125378
104425
108302
116021
96502
117301
119998
117249
122943
116922
114977
116404
105638
113929
107921
114022
108684
116137
114386
107272
118339
115036
107678
113403
117662
105388
110435
118554
123500
114300
106796
107921
106536
115988
117363
109001
114831
109442
111703
114358
111784
107921
107293
113361
108284
115734
107267
136942
112508
126742
108803
107616
104900
108850
117687
114493
121035
107014
100785
110791
128433
116546
105060
111932
116991
119342
105137
124178
117371
118911
116505
126259
111016
114914
123389
99354
117060
107921
112363
124231
113803
119481
117211
122194
118847
117372
113112
105584
108988
124158
110645
115176
104859
104728
118884
110351
107509
135205
101228
108534
122582
114286
130572
116004
131808
109200
100797
108302
121241
121659
112533
104937
108683
116001
110791
105638
111267
116391
107921
111510
100797
106676
111741
116640
123156
112033
113318
105976
114914
118408
112161
108661
124941
120919
111684
116996
115471
125944
102116
111175
105388
123213
113361
105506
103910
106757
118736
120542
114769
108012
104937
113918
110705
111741
136907
108684
109234
117687
105060
113654
110171
118560
120149
108988
117189
113034
115058
120307
107509
114261
116149
118047
105406
114096
96502
109001
126938
111941
113318
107509
109108
115945
101228
111457
119345
123842
122142
106725
121038
113034
99864
115464
109325
105506
107896
101935
116076
112129
108560
104937
112915
113918
139763
99864
113112
111267
109016
122205
116819
107267
117353
118339
113587
125690
114812
105194
122609
104425
110645
118884
105821
108560
109745
125814
109455
98227
104425
102116
123155
127725
102116
117189
130989
111932
111457
128492
110171
110594
122609
114096
121673
134485
115734
118252
120385
111721
107900
115945
111703
112209
133266
108560
107463
110705
96337
116991
113403
96502
115703
124529
107428
116066
103196
107272
109976
111932
110705
108743
123202
108534
114027
116629
114133
101843
103891
118554
113112
117203
109656
109745
109382
123293
112292
106757
116991
117247
101843
106676
123796
112069
115069
111684
107525
107463
105605
109234
116004
116505
108988
121386
123389
112876
109791
123796
116016
125605
110398
109325
100369
109860
117353
109001
111403
114978
116404
112876
108936
116636
103556
116819
122415
105060
103556
115945
113797
108105
106334
118556
109712
117717
117970
103979
126484
104859
106095
101935
114358
109976
125610
116268
108850
112129
111968
106676
132867
118079
125690
122348
117812
114912
110171
118911
111349
120327
114968
109496
125944
113119
105605
119227
106095
112292
108560
113776
104468
118120
108009
121095
120814
114812
126484
100990
117051
105928
109200
115945
117717
118047
111457
107609
106569
122201
112497
105976
115058
107948
121310
111866
103196
109791
108733
103196
117491
116505
113833
116404
105506
112015
107525
116603
108786
107509
104900
118218
122057
105928
120965
112272
119592
109325
124252
103387
111206
124158
106796
113119
108394
107267
116391
117203
131216
109656
108683
123017
114749
144443
100797
113632
115635
106536
111866
107948
105106
109118
129601
112368
130780
112563
111741
108236
116505
108733
119651
107678
122229
113148
111073
112386
121395
108988
112101
120343
106033
109382
111684
120996
113361
112386
114431
116021
119227
112497
118884
112915
105584
109455
108743
105406
111968
112069
110021
105184
110705
100369
122992
107789
111206
115198
106015
128395
110645
106095
115703
123359
107463
109108
130572
100369
106749
115049
117694
116404
114096
122209
115054
108733
116603
112936
117426
124620
111016
110171
108803
105184
105506
109455
120705
108236
114638
105060
109382
114504
108936
103910
116387
122072
110244
121366
112033
106033
111073
116518
118893
107267
134863
119303
111684
103196
114404
108560
118079
106095
115176
123377
106725
112533
108733
115073
118875
113403
110021
122614
108560
112533
106015
110594
109860
108935
105406
107293
124137
112533
109070
123603
117626
110705
106725
112209
115945
101935
123661
109712
107616
116268
127184
105539
113803
113587
114749
115016
105605
109118
113822
108683
120662
114096
109712
108012
116985
116391
113403
113881
114912
102025
105976
111721
116066
101228
105638
112386
108743
113929
112129
111716
126388
106648
117491
108018
111968
112161
107014
128259
107927
96502
122695
110171
112518
140760
129844
109860
118449
114914
100990
107148
107615
118911
114493
109325
111716
100990
128419
116076
111267
108988
116629
121897
107609
110334
108803
114386
113654
117236
109712
109823
108786
111379
115747
100369
105210
120662
110334
116271
122201
117249
109791
110594
111510
106725
112497
116505
106033
104786
105210
108009
105638
104859
109656
107428
99864
106033
131620
115069
111968
113797
110334
120343
114842
108684
108988
112013
117353
118891
108683
118911
113119
138858
116387
107616
125944
119208
109382
109200
102116
116887
110244
117812
120343
111349
114812
110073
109159
110398
128594
111152
119908
112292
117353
105605
118339
115949
117685
123603
120385
116887
105184
113034
114842
109976
113830
115031
109118
116914
106417
108394
112056
109791
111716
109016
122609
123734
98227
105605
124941
107921
121405
105184
103196
111941
113922
110398
106725
119946
118947
105938
101104
107678
115016
112936
129401
128157
107927
114769
115943
126364
123894
109496
108302
117249
121897
114133
96337
101104
114261
112272
108988
100797
109325
121897
131501
119441
105137
113632
106417
111721
108302
116021
123359
109860
105938
117468
114504
108012
125134
109791
116021
116985
103556
114749
107789
111457
114034
120004
107900
107789
112533
121243
120385
122142
108988
118560
104563
112363
101228
105106
111379
119227
111231
107728
112663
100369
106334
107900
113148
110171
122391
117353
100797
115345
122345
128453
117880
107896
111457
127701
121090
109745
124674
114337
121386
105406
111403
111152
110705
112497
123017
115464
114690
98227
115747
113112
108009
118947
103910
104900
98227
113318
116603
119067
109001
115464
120814
114271
111206
114280
112209
96337
108661
109455
101935
112497
105938
110334
114638
116391
116001
109159
106648
108683
123158
106796
115945
104468
106676
109001
104425
108018
114404
111710
109382
107789
107293
106015
101104
108284
106033
115464
112033
106796
117742
110073
125610
126442
115747
104728
109911
107921
98227
105106
110171
113922
104468
114690
99864
114504
114769
110244
107900
104728
112386
113148
122958
114027
114404
125096
116391
115345
112856
114785
110244
123155
103910
106749
131739
126342
105584
113803
108803
122142
119441
112368
117189
123359
124296
109070
105388
125671
105821
106676
123377
127195
105106
123796
107616
118893
105137
112272
120343
113654
109791
115945
119934
123661
116640
112563
120313
120563
106569
105388
119005
105584
120663
116149
107463
108302
111152
111716
117687
107678
116996
104728
112663
112013
118408
110645
108936
115747
122057
114504
103387
115949
120663
103910
107509
114912
123293
110791
110350
112355
104425
114157
106757
107525
104563
115069
122194
103910
107789
122993
113148
96337
127114
106796
115073
112936
106569
108018
106796
108009
105638
113034
115485
115968
114516
115073
105210
108302
121168
110791
108009
117249
119481
105605
120186
117363
109656
109455
119651
110398
115058
112368
112856
101935
113797
120851
108105
115703
130572
119227
106095
96337
113119
117685
107728
121310
113654
117249
114096
112533
113918
105137
126494
115345
106015
109712
119481
108661
120563
103891
115734
117928
117249
105210
108534
108803
111721
120385
107525
113922
117928
100990
120113
118339
114386
122625
121262
111016
100797
107616
115198
112533
107921
129374
106796
123017
117426
128543
116076
108091
104786
116268
111941
102025
122169
126484
116066
105060
119345
109159
113922
101935
109911
122109
104859
105388
107927
119335
105388
106015
108560
103387
116271
114034
116001
107525
107728
107272
104728
113587
104937
118489
114978
108936
109791
109745
104468
111941
111403
121697
108012
119475
108302
113822
110351
109234
120113
122413
118339
109745
104937
112386
141701
115176
129619
119592
128543
113587
105194
106648
110244
105506
108284
117247
108684
119335
114812
117694
112198
122072
118554
118142
123155
100990
117742
105210
129128
103556
112013
109108
123017
114912
109234
108284
115747
112101
105106
122556
124942
99864
132729
112497
101843
117751
108236
119908
111741
107428
106757
107267
106757
107272
115036
108733
113922
107293
109791
104900
104859
124367
106796
113654
108935
122564
113587
114831
109976
105821
113361
110645
112292
121327
114968
109823
108091
111716
114977
114386
133042
109016
105928
112915
123761
111941
115049
118820
108936
105106
127443
108936
130367
110244
106725
108105
102116
106095
131216
114286
117694
115058
113797
119345
106015
114977
116149
107728
122142
99354
126315
105539
112508
122194
104900
105406
112876
101843
119946
130572
112663
117353
127728
118560
126315
114133
105506
114157
108394
115734
105194
114034
116066
122695
108534
120004
120838
119067
100990
118489
116636
110244
111510
110073
117751
132298
117426
117333
108743
116387
124178
116545
143009
103387
112915
109860
117060
122828
114977
109118
118736
103979
100990
99864
103979
111968
111175
112518
104786
108743
121897
111231
107525
118208
111684
117189
112209
111932
107921
109976
108733
111379
98422
98227
106569
116991
126388
108684
104563
109712
111866
113632
107789
110705
120037
107509
115176
105638
113119
123570
109656
113830
113587
116404
109496
120037
107921
119908
116114
108936
113922
112368
114337
110073
99354
123311
106417
110351
111231
105638
115049
117742
117189
115471
116004
101104
113803
112129
104937
128043
107678
119227
105194
108009
107678
118431
100990
107272
116114
111866
121243
113776
118682
123202
116271
120040
118142
112518
113855
115031
114157
104563
108683
112161
107728
117928
114337
104468
107896
108936
115069
115988
113654
109159
113797
112101
117468
111206
115278
118142
115949
120040
112101
123694
105539
108394
118682
107463
109382
116545
109911
120838
115278
107900
114504
111457
106796
120919
106676
108012
111510
104563
119998
106648
108018
115176
119886
108743
112368
113929
108661
108743
118705
110082
114749
112272
118420
112533
110705
124180
110594
107900
117236
107428
116629
106725
124252
104728
110645
107900
127263
111267
119592
102116
106334
111784
111403
125679
111866
105106
111349
127235
125222
113119
106334
110244
120714
113922
110244
116856
104468
111721
116268
120314
108534
112272
118554
117626
113289
115464
118252
118047
105106
107525
111710
111968
103196
112876
114749
108743
112518
101228
96502
120033
112292
109911
126560
109325
128609
107927
114912
113034
107267
107927
123796
114157
109745
107609
114265
118682
104728
98227
111267
106015
113803
122217
111784
107293
109001
117236
108105
112161
112915
117626
123796
114769
108009
107428
111510
111231
105137
116546
116991
116021
114493
119430
120663
105406
100990
107293
110021
109823
117751
111206
107728
108534
105539
117247
113833
107148
120542
106796
105539
118079
105388
99354
126938
110350
114286
122187
113918
99354
111932
114638
109016
120663
123389
107463
108560
108935
110171
107921
123952
117742
108018
116958
115049
110351
105976
108284
122072
126653
119481
114133
129946
110705
105194
109656
110103
127184
122253
110594
107616
115058
108302
108394
114096
109159
106725
113212
104728
118554
111403
105210
108284
112563
105638
105638
112069
116316
116004
116640
109496
110594
105938
111703
113289
111703
111403
114271
123350
101843
114638
115176
104563
113830
121405
113318
116819
120965
117236
107921
107615
128043
106569
124367
116922
110171
106648
117203
116268
125798
117060
107615
112856
106648
120343
109382
118120
111716
105584
115968
112497
116629
109016
111784
103979
115945
110082
108236
113493
107014
108743
96502
107609
112663
105060
117662
106749
100785
116603
111206
113403
107463
122142
108684
122187
116004
114749
123774
122201
106417
106796
107616
104937
103196
113855
115532
117371
113830
98422
112663
115176
112129
119227
113881
111016
109108
108091
123840
103387
128581
121897
106015
129835
112386
115069
120327
113148
106334
105539
105938
116856
111510
113964
114842
104786
120037
129712
98227
112363
108009
117211
112563
96337
115949
111721
98422
105506
114358
116387
108394
111206
109455
109745
113654
115073
118875
111175
109118
116732
96337
125134
128818
117751
110351
114785
112209
101935
108091
111716
123613
112161
108009
108394
107948
114261
108091
116391
114286
117189
108091
115471
107609
105184
118911
116066
111703
112161
105194
112533
104563
108683
108683
117812
120542
107463
115054
113881
113803
126442
110594
113776
114977
106417
98227
128157
103196
110082
115943
104728
120814
119646
108684
105194
108786
113403
121095
115198
113212
116958
112056
102116
114812
113964
103979
117626
104937
111710
106095
115943
116914
113119
113289
112386
118835
114337
99864
106725
115073
112129
118736
116404
108560
104425
128259
104425
108105
110103
111866
114096
106334
115945
114516
115198
113964
111206
119303
113822
118120
115945
107428
109791
114261
115635
107463
107272
110435
108302
112209
100369
123894
111457
104859
117236
109200
105506
113922
109382
107525
116856
113289
111932
118705
114493
105976
114286
116004
105584
123213
106033
121697
117662
107896
118911
123500
101104
112368
135210
109496
104859
124941
116391
109001
109382
116001
105605
108850
115968
117426
114516
121035
100369
108012
109118
108935
103556
118556
109325
140445
108302
115703
101104
107789
105584
107509
116922
117203
110791
108684
106648
98422
116819
127971
122109
115943
105137
107463
107615
108936
123656
107014
122169
116066
110171
116856
124797
118339
114690
113632
110021
104859
118893
112198
112355
105605
105821
108009
111175
114749
106015
114022
100990
117491
105194
117301
118891
116316
101228
100797
109496
112355
100369
108394
101104
120186
117247
113148
115734
100990
124158
110594
106095
110351
109108
108018
117363
122993
107293
116636
108936
119734
124529
115532
110398
130367
105539
120040
106757
106536
111231
117372
114286
96337
107896
110435
117371
101843
104900
105638
107921
109382
112518
107525
110705
111968
109159
120766
106536
105938
106648
104728
110791
116114
116076
114749
124252
107927
118560
123213
113797
105506
104786
119219
114404
108786
107927
115176
103196
118120
113112
128868
113855
107525
128452
115073
114831
114022
123202
126364
119340
107921
113318
112563
98227
114280
125096
118431
108935
110021
112355
110021
108733
114978
119946
104563
123047
124296
104425
115345
112101
118142
106648
116603
122194
117662
130148
100797
111968
108803
119345
114265
108236
116125
117372
104468
120662
116114
110103
107293
105060
126938
115036
129743
117880
118875
119934
111231
108018
113119
108935
99354
112386
114516
112161
108684
96502
108988
107525
111457
110594
108936
109016
116819
117236
111231
117662
114337
114977
118911
106757
103387
112015
112497
106569
118835
111684
117371
118055
110705
116819
115988
121845
107615
105506
116387
109496
104563
109200
112508
108936
107014
117928
107428
103387
102116
115345
111073
115949
113119
107616
105928
116985
108850
107293
108284
114842
109382
118835
96502
105976
106749
117880
116149
107948
110103
107616
105184
116404
117060
110435
110244
111403
105210
107921
118847
108733
106417
124367
114261
100990
111941
107148
106569
116873
106796
104563
112272
115031
112013
110073
112272
116546
117372
132178
111710
109442
114337
112015
124028
109455
118142
110791
104937
108988
119219
115747
100785
106648
108988
106648
124797
103387
122057
105388
104786
114404
109455
112129
103387
116066
113918
116887
117843
124252
117371
116149
113918
124178
105584
118884
119134
111721
118142
108105
105539
122201
112663
114968
124636
104859
105506
119208
122413
108012
107463
113289
109823
115176
107609
109159
107293
115069
113964
105938
111152
106417
118901
114968
113403
119475
110103
100785
114749
115198
112033
123907
116387
112363
114022
108284
117353
110791
112856
105928
122714
101843
105194
113797
117189
116629
109382
108560
119651
109823
107609
110594
116149
118705
114749
117812
121519
117685
110645
121519
123796
116922
114431
112533
114516
109976
119651
112368
125690
120919
108683
117363
116149
115069
103910
111073
111073
123381
115734
107896
99354
127631
111968
115069
129501
113632
122345
117363
113922
100785
118252
107616
108236
108394
109325
105106
120965
112161
111016
115943
109745
100797
104563
105210
117491
116545
110334
99864
108236
128702
108850
115945
105638
111932
109118
111175
111866
115198
122582
116856
110791
108743
114027
109234
116066
123894
112563
109712
116958
96337
111968
110594
122706
123965
110244
121697
110244
128849
104786
114504
109442
109496
118560
116137
107609
105388
101843
117468
119219
108105
109016
110351
96337
110334
117353
106796
116985
125383
110103
99864
115471
107463
106033
114157
110021
126557
109016
113803
114912
114133
127870
116001
115988
114133
114914
107293
112292
105584
122194
100369
117051
123213
108284
112033
112272
117742
105060
111510
118911
96502
111703
128868
117426
123603
120827
120040
113403
112069
103556
118736
104859
114022
112013
116636
123965
115949
117426
114034
109745
113922
103891
111866
105106
112936
114265
106648
117371
112518
108683
123734
120542
122582
104728
122169
103387
114337
119998
110351
127631
113119
123796
99864
112936
116546
116066
112663
107463
96337
111457
120186
111941
106749
99864
116985
114265
119208
117372
120040
115058
113587
111941
116914
111932
119934
102025
114157
114812
107609
106725
109159
101104
108786
112563
107525
113632
107927
121038
113212
108394
109325
108560
109496
123699
112292
113632
112056
111175
112198
116958
114638
109118
111403
123359
113797
108935
108012
114261
126872
99354
119758
116873
121697
123017
101843
122229
111866
117301
111703
110350
114638
112518
109911
134173
105976
108560
105106
105539
112129
117928
107921
120663
107272
114133
116985
114638
116636
107921
101228
106725
129829
120766
107267
116873
113776
110244
108803
114842
108935
113964
105137
109442
118560
112292
114157
114431
119592
114022
109712
109108
100369
120186
130299
114337
115988
117685
112563
111784
119430
107293
110073
107921
112013
116958
115471
106095
116856
105605
129601
109496
108236
108560
105060
120004
96337
113822
123796
111866
117694
106796
115198
123560
112292
118055
113318
111866
109108
105194
122345
115471
115943
102025
113119
111206
112876
109108
106536
105928
123158
100990
115016
108683
121897
125599
104468
105406
109200
104859
109745
113822
104728
118489
122210
120149
100797
113922
112013
113318
113403
114027
123311
103891
114978
111721
114831
121241
116958
108012
109976
113289
113922
113403
124251
120662
117928
108394
110645
131835
110645
111710
108284
100797
108683
105605
120805
113964
104786
105194
123599
117371
107896
111968
111721
103556
105584
114785
108394
111932
102025
120496
115058
120563
104563
122209
117880
144271
111016
108236
124930
111175
114831
112056
123017
115943
116991
108009
113148
106417
107948
108236
109200
100797
124838
99864
107463
96502
115031
112355
112508
115016
112663
117372
108105
124158
112272
111457
117211
112876
106033
122187
104425
111510
116546
111231
105938
100797
106749
106536
123613
106033
118736
106648
123952
105194
115278
109656
116137
114914
110103
112876
106725
107272
114133
116856
111206
112355
107927
108936
114404
122625
112563
118947
107525
118459
112209
124178
108803
105976
108302
109791
99864
107267
115485
112056
112497
105506
124367
112292
117928
105137
116391
98422
110705
112033
106796
112161
113881
125378
112292
119475
100369
123158
107014
129558
106749
115049
120385
113318
105406
111016
113803
104728
125995
116114
108936
118911
123017
101228
109001
112015
127390
108850
117660
105210
107678
106648
115031
118887
125610
114337
122609
113855
108661
120663
115031
103910
110334
114133
107896
120832
128385
116001
113929
110082
118218
123571
110594
105638
103891
122413
110244
108284
100369
109496
122413
120307
105184
105137
113112
105184
116991
110073
124213
138003
104425
109234
109108
117843
106033
103891
111175
109234
108850
104563
123796
112013
118208
108018
122582
111968
111932
108236
113654
119219
116271
115016
119820
121366
116271
105388
107615
106796
109745
100369
106569
112363
107609
114785
103556
109976
107900
110351
121035
111703
106676
118218
107900
109016
122348
107525
104937
115036
114978
110594
108988
101843
113881
116391
118339
117725
117717
119908
113587
107616
112129
121038
113776
105388
112936
112563
106757
107948
106536
113034
109496
112272
106033
107896
128543
113289
112209
108935
105928
117812
115734
126494
113881
111710
111073
113289
111703
109656
113034
111073
106676
106334
118120
106749
112363
117249
108284
119475
117660
107728
119042
122195
107609
113493
108988
113361
113922
115176
113587
106095
120033
111349
113148
103979
115176
122217
108683
109159
111510
109455
111379
112033
116404
126029
103891
109442
105060
108661
116922
114914
112198
119627
122210
112856
114493
107272
99354
116004
108284
108935
112033
129619
110244
112198
105194
113034
121262
108534
117751
109001
101935
112292
109911
118554
104859
118820
99864
112663
118208
109108
115532
115943
122571
118055
113318
107509
103979
119627
128157
114337
108018
111710
106676
123774
118449
106676
122582
114096
115176
111175
116996
113830
127018
113361
111073
105638
107948
113403
104468
113289
112069
111703
104937
107463
111866
114977
117685
99864
104728
104900
111175
126342
111349
107293
112292
116066
122194
114265
105821
106648
111716
115198
96502
110350
108394
113881
101843
118901
111016
108394
107463
121845
106417
100369
114516
105106
108935
112355
112161
113881
106757
113855
124028
122169
112663
114504
120832
108935
105938
105194
114404
101935
110021
108018
108560
113918
104728
127443
108091
103910
108684
109118
106757
122184
96502
111206
110645
124930
105137
107014
109496
107525
107900
105584
123774
107463
109656
116016
106033
106796
116114
119998
104937
109070
99864
101228
108009
104728
112915
109442
104425
128398
115176
113654
118489
115073
124213
107463
116021
121697
123158
117660
98227
111016
122614
129712
122057
102116
108683
107789
111941
107789
105194
109016
106725
105506
112856
109382
111175
114638
98422
113112
112013
121386
112209
100990
114261
106033
147469
115988
129946
108091
111710
117685
121519
123774
107148
106536
132478
108743
117491
114022
122032
128609
103387
116856
105388
110082
115988
128339
112915
96502
112533
107728
117694
111716
113881
108743
106536
106648
113922
105539
117717
108850
116387
117372
107678
107678
98227
104859
122201
109001
113148
112056
119592
115635
112533
112069
109001
114977
120805
108850
108743
112015
116137
113587
108284
106417
114261
112518
114404
101935
101843
105928
108935
112363
102025
99864
106749
121038
105638
106569
115016
118875
122571
105388
118820
102025
107148
121405
118420
114300
118947
121405
118835
111968
106015
125944
123381
101935
107463
112876
104425
122582
111267
120714
113803
111741
117928
114912
115747
128643
115949
107678
109070
110351
108786
107789
128499
104900
98422
111716
110594
111231
111231
99354
122706
123560
101843
108683
119998
106749
112069
109016
118055
113119
103556
107927
114157
105106
118459
111016
122209
113803
120814
112101
107014
120919
110334
123699
110398
120542
120827
106725
106015
107615
104728
113922
109656
107921
112936
103556
118705
109118
107900
105388
115471
118431
124942
115988
105106
118887
116076
112069
120343
108091
117717
123952
116271
107525
115988
107293
107463
106749
120186
109656
116137
110244
113797
115943
108012
108284
107921
108786
109442
96502
119227
109325
98422
104425
118891
120919
122614
101843
110021
105194
114431
123694
99354
107927
109791
105194
96337
114280
102116
109382
108105
117353
111267
123774
100797
114286
128594
129472
127089
115049
109001
112272
113830
117717
109382
120542
111710
113918
106757
108394
118835
116268
107014
110103
112355
112056
112497
106095
114690
123687
114271
106334
107148
119481
118560
123656
107609
114261
107728
101935
117662
103891
126388
103891
124158
117203
120814
117812
115278
130561
123576
119886
113493
114769
114280
113034
115703
111016
113361
107014
117247
99354
110073
118705
112033
112386
104563
125798
115949
119067
118893
114690
107609
108661
112355
114261
120496
123603
104728
117468
111175
106095
116271
106033
110435
111175
116016
119042
112363
105506
110435
117353
113632
106015
108302
108743
117247
109159
101843
107927
110645
116149
112497
114914
113833
109382
126002
120149
111866
114812
106015
108733
109911
113361
109070
108935
110103
109496
105184
133728
105584
113318
117189
108935
112518
117372
117717
114286
106015
118887
119134
113493
115734
109001
106757
119934
117363
122614
114034
130430
113830
114977
120662
119345
117203
112856
116149
113034
101104
124674
111267
108560
111152
108284
106648
113833
115635
107014
128953
115031
113922
113148
115988
118420
109455
100990
119572
107525
111703
128499
113776
112013
112497
106095
106095
122714
109656
113587
118736
107789
107789
106417
107896
112876
120662
104859
114785
111866
107789
109234
107927
111941
120313
105938
106796
96502
110334
108786
109745
105506
106033
120662
127870
113964
114404
114638
106725
125113
116125
108733
118208
110350
107948
117812
109016
108733
107789
107927
116001
107921
106536
108534
107609
109976
112368
104425
100369
114690
110435
107293
131586
110594
101228
117247
105638
107509
116149
123965
115485
111457
105938
114769
113830
115471
112355
118884
107728
111457
106676
105194
120356
106676
122072
109911
107678
107267
114914
111175
117843
109118
107615
112292
105638
107525
112129
105605
112033
115054
107921
111941
106757
108012
107293
130430
105406
117048
99864
106725
109234
105137
109860
105137
112936
119627
105638
109442
121327
112497
106536
112518
108091
116985
108786
103196
114337
117363
100369
118893
122032
122194
113034
105584
114638
103979
104900
110645
109325
112033
108936
113632
113403
110171
122609
107615
103556
107900
117468
96337
116316
108018
100797
114280
105928
128849
104859
109118
115069
105539
117662
108560
117491
106757
109656
118252
114358
116001
111016
111721
122195
107900
125222
107148
105184
117626
113922
124231
116922
105106
99354
110082
117812
117371
128398
112915
107927
107428
105928
120766
117491
107014
98422
115054
109159
112292
108935
104563
119303
117363
114358
105406
104859
111784
103979
114280
111741
114027
106648
103891
117189
113632
111231
108683
107921
118120
121168
114280
114300
99354
104900
109455
122943
118893
115968
106796
116546
112386
110791
105976
105137
119651
101228
112368
114749
113034
111457
96502
113587
126938
122184
102116
112015
126557
114404
113922
117694
107789
107428
118682
119342
117491
105584
113922
108661
107616
108091
113289
111784
118142
116125
106796
107463
116985
111703
117247
112056
107428
114386
114831
105137
108684
107525
104728
103979
105928
112272
111231
112508
101935
124797
107728
119998
108661
113654
114133
117372
105194
108236
106676
107609
124636
117051
124183
115069
106095
111784
108936
114842
100797
108012
107148
100785
113833
129659
113881
139836
109745
111941
117685
113855
114157
117687
117662
114096
104900
111721
115069
109745
121845
100369
123699
103979
126002
116914
119758
110171
122057
109745
113830
110398
112209
108302
110645
108091
101228
108661
109455
111349
106334
105406
107463
108091
112013
112508
108091
108284
112856
132648
115945
140330
101228
115703
109823
119335
105821
108733
98227
109159
106676
111721
106676
106676
116545
113833
116391
104786
111016
121035
118875
106796
114358
133189
103891
107921
98422
110082
105584
116546
111349
122415
109382
114337
109108
109325
107896
117843
111784
115968
118489
106749
111866
119105
123781
122187
108733
107948
107014
118055
100785
109656
108534
112663
111403
107678
106725
123282
104563
117333
116518
110334
105539
119758
112129
127272
111152
115464
107014
112015
115198
113822
114431
115278
109382
112533
101843
110244
105184
116001
113654
101228
127388
118847
110435
116387
107609
108394
109860
113776
104468
122609
111968
117048
106536
105938
109159
110082
109159
114978
113833
114034
105938
105976
104468
111684
115635
114157
112101
112915
107463
103556
123156
105638
116958
106536
107789
115016
123293
120385
123656
102116
100797
107615
123202
96337
106033
102116
105506
129601
121697
128823
107921
105194
107525
102025
110082
112015
112563
109745
112161
106334
106648
113833
114831
113776
100785
105106
113361
98422
114968
108091
120996
109496
100785
109455
106749
118556
113822
113361
112663
109745
117660
124183
107525
112363
108661
113403
110171
109976
112518
117353
105938
132335
122032
101104
112198
114749
123213
117742
114337
113929
116268
125574
111866
115485
105821
112856
108284
124674
111703
118055
109911
107789
115988
117203
120965
114749
109442
116125
107509
107509
107921
114300
115968
106796
111016
112129
112056
116873
129798
106569
109118
110021
113289
117051
109108
111684
105638
106095
112936
105506
109159
112876
116391
116819
106725
110334
106796
104563
107615
108803
115485
116856
106095
107948
121095
115054
118459
135259
113830
107463
104786
122345
114157
113493
113964
122253
116268
105928
113881
120714
107896
112563
116391
116268
99864
114831
126002
115054
116001
116404
108684
111721
107927
112272
105106
117236
112198
109823
106095
109001
123734
107678
106676
107615
111379
115485
111866
101228
103910
123377
109234
112663
114842
108988
101935
109382
109382
123202
112497
116640
103910
110791
107509
115036
111016
123842
113632
125610
119627
107678
120314
111073
109108
103196
116873
105821
110351
107463
108786
100369
114831
106015
109823
112856
108018
107728
116629
111716
112069
107428
102116
113403
112497
112129
110350
103196
124178
106095
100797
110645
112368
107616
109325
104425
107272
127196
117301
107678
122415
116887
101104
107927
111267
103196
123293
120838
123613
117363
107293
114812
114749
114504
116546
124974
107272
110435
96502
110082
108236
130572
106648
117189
108091
116021
111941
111710
111403
123421
116387
98227
131228
111073
112069
114842
116404
127184
106417
107921
115988
118682
108803
107014
107272
106725
118489
100369
116545
116125
129396
126315
118554
108733
106648
114022
115988
114493
114358
109911
114022
109382
114912
109118
123571
111175
105506
111703
113797
106725
108091
100990
108733
105584
104425
106749
116873
121310
106725
118554
106725
101843
109200
106648
117353
108733
106536
107927
114749
116518
116404
123047
113493
105184
108091
116518
107014
112518
112292
117812
109823
108786
110398
109016
120563
115176
111968
102116
111710
109001
107896
108733
127512
128609
106417
109455
100369
112272
116016
96502
105821
114337
104937
111784
119758
108012
109823
120705
112876
120965
109070
106676
105584
120327
117662
115471
118891
115734
119340
111716
110244
116387
109496
96337
111016
113632
106095
119820
105060
134040
107789
100990
114769
100990
107428
123350
123661
107609
104728
105938
112355
133160
122169
116873
124231
105638
122209
107463
105060
112056
118884
107678
113587
108733
106648
103556
108786
105638
107900
109745
113119
101228
117694
106015
115345
108236
111941
120033
116996
129743
123599
106417
103387
105388
120004
104563
119335
106015
107789
120705
114157
117060
101935
108009
107609
112497
105506
115532
116114
113830
109791
109159
116873
111206
122187
107609
128433
110791
112368
118847
125773
108936
108236
121386
109656
124987
108786
107615
109976
108302
122993
114265
114280
105210
114404
103196
120965
105638
116873
112129
114785
104728
117353
112272
100797
109200
105539
113361
125814
114265
101104
110791
108302
108936
107678
124974
107921
115703
120766
108661
100990
104859
118705
107896
117060
108394
110350
118820
108786
101104
105638
109234
113855
106033
123156
125378
109070
112272
102116
106536
110103
98422
120113
104786
107927
112876
111206
105388
113830
131465
105584
109016
106725
119820
120996
110705
114749
106725
109108
113929
109442
119105
104425
107948
119005
125671
111152
112518
116391
110244
128503
110244
119998
105137
112518
116387
119886
114749
111932
111206
108284
116985
112936
104937
113654
119208
115471
116076
105539
107525
111073
100369
111866
118420
114749
118887
109234
106749
100797
116021
109496
112508
111457
104937
115485
107616
109325
107616
117717
115968
104728
120814
107616
121038
117363
116819
107463
105210
116819
115176
118459
109791
109108
112198
109442
112508
112198
111716
109656
107921
107900
122205
114133
113797
114286
115747
111267
134801
115968
118047
133141
112363
108803
106095
114358
110435
117203
104563
110073
107921
128870
109791
108683
106749
111457
130572
112033
112209
112013
105210
99864
113797
117247
111784
104425
116076
115036
107789
117812
124028
107921
107896
105406
115485
123694
118218
106334
118408
119303
118339
107509
116001
116518
101104
102025
108284
108661
112663
113964
108988
107293
101228
112209
107921
125814
104728
105194
117236
123781
118560
107267
119430
108284
107267
110435
116271
98227
106095
114516
98227
100990
117694
101935
107921
116603
115016
107463
126872
110334
100797
114271
106757
115988
111510
117249
104425
110082
112292
126342
113112
116546
109860
115988
111267
118891
113833
123781
109016
119335
110103
105638
98422
107615
118489
114749
112292
105506
122057
113929
103196
107615
108012
112368
110705
105137
106796
112355
123571
123774
107789
105388
104900
103556
113148
109016
108786
113776
112292
120343
122210
109070
113112
111716
121659
119758
105821
107921
116636
123952
134795
111349
113964
110350
105605
111932
114027
107896
109200
113493
113148
105106
109712
106757
114968
107615
101104
114968
108743
110244
108733
119042
105928
120385
106757
103979
121519
107616
107616
109001
114831
113632
105938
121395
134533
108105
118339
138879
126883
121327
117725
110334
112198
108683
117060
113587
106569
111231
122057
106676
108850
107789
105638
112015
115945
116016
107615
115471
110244
115058
114785
124251
111510
113212
107900
112013
100785
101843
108936
122828
107948
114431
105976
117301
113403
112876
107272
116996
116066
111510
109860
104563
111073
96337
118847
112497
109108
108988
114977
104468
111941
106648
119908
118489
113830
115345
124674
112272
108302
128929
107428
99864
103556
118911
105406
100785
107921
103910
111684
109070
108733
111267
108236
103387
107509
119430
115532
109455
105388
102025
129447
96337
122706
113797
107014
110171
116565
115073
105584
108786
106015
110350
116004
128066
106757
99354
116016
105210
110244
109200
117742
109496
110021
107927
108009
106749
109070
109911
111784
129558
112129
109200
119481
118820
110350
110350
111403
112069
103387
116636
127263
115036
121845
109001
114034
123377
112368
100369
107615
122057
123381
117372
117247
117812
126124
108935
103910
107014
112272
105928
119430
107616
109159
114638
112856
122194
108803
117363
116546
109070
107148
113289
113403
111721
127184
117247
105539
107525
115036
104425
115278
113929
110705
115949
124483
119303
111267
114977
106569
115176
112069
113148
113918
98227
111866
114431
111016
123377
101935
113632
117189
99354
108803
120851
116636
104425
106033
116125
113403
115532
117189
105938
117751
107948
108850
119227
121041
110350
111073
112272
124137
110645
112209
105194
117048
106569
128492
106648
127218
115949
116922
103891
108935
113776
104859
114516
106417
108935
102025
111510
116387
127263
103196
107609
109016
104728
106796
105928
108091
111684
122706
113403
115049
120919
107728
121262
113803
107148
114265
108091
103891
110244
108743
104425
114133
113776
110334
104900
106033
116629
113361
105060
114638
115058
108009
105210
96337
109001
112292
115278
107293
113855
105388
105210
123282
116887
103387
125222
106648
120805
124674
111716
105506
103196
114638
108683
118252
115988
127543
101104
108684
111152
116505
117211
119627
110645
113493
107428
109200
114831
114261
106095
109001
99354
121168
123878
130186
116856
108935
105106
111703
124529
116640
108936
126364
111932
110073
115016
113833
112915
112198
109118
105137
116391
109745
116636
108394
115058
105938
103891
118847
115703
117725
110021
101935
114504
110073
111403
104937
107148
113776
106757
114842
107900
110073
100369
114034
107428
110351
100990
111710
109070
114914
108661
124137
107728
107428
119646
117687
101935
104563
114271
103387
120805
114337
113318
108018
108803
98227
107293
108936
103196
102025
114914
108302
114157
110351
112936
125134
106676
112198
109108
118847
116887
110398
109200
109382
116316
108302
105388
119219
112129
112368
111206
112013
110435
117725
120113
107267
111349
120705
113034
117843
117060
107428
114978
109118
112386
110645
116137
106095
128398
119219
99354
115485
116640
102116
109823
111510
106749
100369
108236
128702
114493
98227
101935
104786
126635
113922
115532
109200
107921
101843
113855
108936
105506
99354
103979
103891
109234
107609
114096
129619
107014
106757
119345
118420
100369
117371
116316
107609
108936
107728
116958
114978
111932
107728
107616
110645
108302
98227
122201
122391
115054
113881
118820
115464
117236
128453
114280
114280
116640
117685
105976
112129
113212
108850
127541
111703
128385
122348
129211
108302
115734
110244
117060
113112
109712
113922
105938
100369
114286
109200
113929
117301
111403
117928
108236
100785
111721
119946
115054
101228
105928
105210
114785
121041
108850
105506
102116
110350
107428
104728
112292
112272
109745
117353
114286
132323
110073
116004
108009
120838
120113
114842
105184
104859
113855
100785
107615
99354
104937
104563
106015
101228
121243
119646
114912
98227
125202
120662
114386
109159
113833
121243
116629
112015
111175
122109
111866
122229
105106
115945
106749
111231
106033
105976
127186
111741
116137
114271
112161
120327
115734
115734
112101
115054
106648
96337
112936
113361
104786
104859
110334
113119
112056
105184
122187
114404
117371
117626
108284
112368
112915
111741
109325
115949
111721
109745
120113
108394
122032
107014
114749
114096
109234
108936
101104
111510
105976
121095
109791
104937
112015
119651
114978
105638
111403
113881
106033
108018
115031
114265
115464
108105
115278
106676
110244
132480
105184
108236
107148
127908
117626
116404
114096
113361
109159
105210
113318
106676
122714
122109
105388
110350
109159
106676
128543
121386
114638
134142
109823
114157
109118
109455
117626
111206
118252
110073
108988
112101
108684
107896
114504
108534
105210
109496
117048
113119
113403
105137
102116
108302
108684
105184
106648
105060
111379
109382
113654
113803
112497
107678
112856
105388
103910
111716
110244
107014
121405
110103
113318
119345
111206
107728
111932
105406
115943
100369
108284
99354
104786
122609
117660
109442
111703
116565
107293
112161
105194
111267
112386
111968
109108
119340
100785
115016
106033
107615
105976
119592
120040
107148
109159
105584
109234
119345
108105
106417
115069
107509
108284
103556
101843
113797
106334
106569
118891
107921
101228
108105
101935
112013
106725
118208
120663
112518
105194
117048
108733
123377
101935
109823
111175
120314
109911
109791
116125
114022
107921
109382
111941
110082
112876
105928
123599
111231
111721
109016
110645
110103
108236
109712
118556
109823
120313
109656
116873
104786
111016
108236
101228
117203
103387
113803
106015
113493
109496
117372
104859
116996
109823
108012
116125
120033
103556
112161
111684
111703
99864
108236
117333
109823
111403
104563
105605
115278
117363
105137
120313
118891
104468
117211
109442
112272
120186
114638
130572
108302
107525
108012
108684
106757
111716
105584
113289
96337
101104
106417
114133
100369
112663
105184
108988
120356
112563
107921
113803
128463
120827
113148
105106
113403
107678
111784
108684
113493
111941
107615
112198
109016
108091
108236
113822
110594
112663
114968
106033
114265
111866
122201
106757
96337
108284
107728
109823
113922
114157
107921
115031
111206
110171
111703
110645
124674
112013
105194
116914
115968
120037
110073
117742
120327
111016
115703
109791
115747
116640
110594
106536
112069
123774
117333
117685
116985
123570
126326
101843
103196
100785
108803
103910
113822
112856
115176
113632
104900
103196
105938
107921
119651
105638
105976
109200
107900
105060
108733
106536
99864
103891
109001
108661
106334
112292
102116
105539
124028
111684
106015
104728
105821
105406
105539
106676
111703
114358
112368
117491
107921
107896
111932
114157
111721
119886
120186
112198
117371
108236
112101
105938
111703
114265
107272
108683
115069
105137
106757
113922
108683
109455
108684
111741
106569
117970
110350
109656
113289
107728
108786
111721
107267
104425
122345
115943
123047
113403
119303
120705
107615
126315
108560
123661
104786
109382
108009
115968
113855
105605
104859
111710
107678
107525
107525
127512
119908
107267
107728
109712
108560
127908
106569
118682
114968
104859
112915
112368
113881
123599
102025
114157
115069
102116
113587
109496
112508
112015
111349
116149
111457
101228
120851
111941
103979
112386
106648
113493
124930
115176
123156
112663
124797
103556
113803
98422
115016
127728
117694
106676
120186
121405
125995
106757
108988
103910
109860
119998
103556
102025
96337
112518
105194
111716
106757
108683
100785
116856
106648
124158
117694
122943
106676
122345
108936
116914
100369
115635
118120
115345
124797
104468
100369
120919
106015
118893
103979
114785
122195
103196
110645
111152
120919
107148
119908
107014
109976
106536
111941
116958
111073
130727
117468
109159
113212
114022
108850
107428
107616
122253
118682
108009
108936
113929
108009
113918
107616
126002
127388
107789
111721
108988
104728
112563
111206
111968
110435
104937
116914
118047
109159
104728
101843
114265
108534
103387
102025
112161
112856
116004
122714
107927
109976
116546
120714
116316
115485
119227
116076
101935
118705
106569
113776
113318
105106
102116
128188
114280
115069
114265
115635
115532
107509
115054
107896
106676
128398
107509
122169
105938
107463
116001
112101
120327
114286
111403
107293
112161
108012
118449
108091
122345
107789
115049
110435
106749
101935
116268
106095
113034
101228
114978
112386
119475
104937
112856
129601
107267
108284
113403
114034
112033
109108
109001
114265
105539
122348
106725
111206
114749
107616
112101
117694
114404
123761
105210
109791
118682
120037
98227
108018
114034
106676
117247
112272
107293
112198
127631
100369
119042
109118
110350
100369
105821
115069
112856
105821
105821
108560
108012
118079
125679
108284
123156
123560
109823
120663
108850
111510
121519
116268
105938
126259
108236
106676
103196
124942
105406
103556
112198
107272
96502
115734
108743
111710
105821
111941
114265
107014
116819
105539
104900
109656
120037
107927
105194
128395
107428
116114
124661
113112
102116
108803
117468
112533
111016
115464
117626
111510
103387
110334
116505
117203
105821
103979
108683
116629
102116
104900
106725
106749
108091
120919
113929
118449
101843
107789
103556
106757
107616
108936
105210
120033
115054
112355
111231
114358
114977
111710
118820
117687
125378
112563
129835
113803
105938
118055
105938
107948
114300
112129
105194
100369
107615
108786
111403
115036
113855
106536
109656
112355
127018
113776
117333
123017
107428
116856
121897
108534
117048
100785
114516
116021
110073
115747
116629
107272
112497
111379
108683
112915
103910
107896
113822
96337
98227
128138
112363
105821
122695
111403
123213
106334
113632
106749
119042
103387
119430
107927
117843
116856
123571
119441
108684
114842
111457
116545
129946
118477
101935
112518
112518
112915
112363
112069
108743
100990
119758
114133
120496
115036
105106
115747
105539
106334
109455
109159
108091
104900
108684
110398
108803
100797
116603
119430
111716
105605
112069
117660
113964
110645
115345
118835
108091
112363
113803
114769
111152
104786
105194
109860
106015
101843
122184
113803
108936
114785
114968
107525
104859
108935
116887
109159
112272
123560
118884
110334
109496
109823
109496
107615
118820
106749
107014
100797
106015
118705
109860
115464
113212
96337
112518
111016
112013
98422
111267
100797
112209
104425
106757
106095
111968
107148
105938
104425
118047
113803
112497
107014
108012
126002
112368
137992
114968
123560
106569
107615
108105
108988
106648
118835
100369
111721
108935
105821
121262
116316
114133
108302
108012
105210
105406
109860
124620
109791
117468
117301
127196
112161
98422
120356
126326
117717
113881
109745
110103
104900
118884
116819
99354
127157
100369
112292
104937
109118
116066
112386
103979
114404
107293
101843
112363
106015
116114
114516
108803
103910
112198
104937
113493
115532
113929
109234
128339
109118
111231
123381
111267
114968
101843
112292
113212
106569
107615
109070
113318
110350
113797
106033
115058
115703
110705
118252
104425
117626
116387
134260
118339
98422
111152
127541
113922
111403
117742
114504
109745
111703
108012
98227
118408
120040
110103
116914
108236
106569
105938
107615
112386
105938
111784
107272
104728
108236
99864
104425
117189
113855
117660
114812
117060
123661
107948
109455
113119
112386
106417
108661
114265
117203
104728
111684
111231
111073
114358
120327
115073
106569
108091
119572
109656
108935
107927
105638
127381
120313
108936
103979
123576
115949
114358
103910
122784
116922
122714
108091
115031
114749
116137
112856
113112
109070
121241
106015
112856
107463
114265
105194
111457
106749
120113
107014
114358
118736
111716
108684
108302
114261
109911
112069
115073
114358
107272
104728
106796
109976
107148
106536
105060
115968
107896
107267
109070
114133
108012
119042
101935
106417
113493
112209
122187
105638
129946
116958
100369
114516
112272
105928
123576
112363
123599
113830
119441
108560
110351
105539
116316
100785
118252
109442
117236
113112
108661
122609
109745
99354
113922
117660
107509
105060
104728
115198
116565
109712
114842
98422
109911
117189
116996
109860
98227
119219
111866
117843
104425
121035
128818
118408
113289
105184
114690
103910
108988
107921
119105
106676
113361
112198
108091
104900
134485
123796
114034
113822
110073
115016
111349
107728
109976
102025
110082
125574
112209
123047
120805
116268
123907
105184
108236
105584
100797
107525
120851
103556
113493
107728
108850
112101
113822
113632
103196
108009
109455
117236
107728
111403
111403
122209
107148
113318
109745
108683
110350
109442
108683
112013
122784
120327
118947
114386
107428
96337
111968
111968
112033
109001
106417
120186
102116
110435
105928
119481
112129
107428
117353
113148
112033
109234
114977
113654
117203
115054
108394
123155
117812
114337
101228
119758
107267
103979
113797
104425
114404
113148
104468
101935
117685
112129
115198
113922
106334
116137
96337
112056
105388
107948
102025
106749
114493
106757
107148
109455
109070
111349
108936
108683
115345
108683
108988
103979
111231
104468
102116
109159
105184
120385
121041
116985
121659
131691
110594
112563
109745
105060
109070
113929
108733
116076
114749
115988
111968
114286
123599
116914
102025
113654
113632
112033
105539
98422
98422
114812
121038
117060
114516
106725
120314
110103
109712
129700
107272
117211
101843
108661
112518
123603
114638
113654
114286
109159
114516
105388
107148
105406
114912
122194
113289
114027
111721
127381
120965
108935
105506
114261
118431
112856
115747
119475
111379
106676
122828
117928
109976
128609
112056
114749
107014
104563
108733
123840
116268
120033
110244
111716
114977
107293
106033
103556
122217
106417
113881
110645
113776
107293
122571
116016
104563
109496
112292
117928
115943
119481
130379
104786
115031
122184
106033
114749
109823
114027
112198
120832
119886
118554
111932
108091
107948
106648
101228
107927
120343
113822
130896
108284
111784
114749
117812
112915
119908
107014
108786
117301
107267
111073
105928
119303
109976
109234
108534
114504
107921
105584
112363
113964
115943
108560
107900
124367
96337
113212
113929
107615
105539
108091
111379
107789
117694
128419
115054
103387
106095
111073
112386
110021
114022
108988
116640
117236
112033
105928
113922
109325
104425
117051
114133
112508
121659
106015
114638
118847
101228
118431
111073
114286
107921
117970
108684
108534
122391
117249
107921
100797
112198
118705
105821
104563
128066
102116
107293
119005
104937
101843
116922
119627
109001
111784
106417
119572
115345
114133
112363
114504
109200
108683
107615
123687
103910
106725
122205
116996
98422
128799
113918
101935
112198
104859
118208
117685
113212
101843
109325
111932
105210
107267
108302
118560
107896
116991
122993
111684
105137
113922
111684
101228
119430
111710
114265
106417
112518
117051
114978
116268
122695
113361
115058
108733
121041
114785
100785
117725
110351
109200
122032
117742
104728
98227
109325
107609
107525
118736
109976
107678
105638
117843
123907
110021
109234
104425
109455
109325
118736
117687
105184
110791
104937
116873
121243
128492
111152
116387
116819
111968
105137
113964
98422
106757
111721
104900
105406
123560
114286
111784
110398
110082
107293
100369
116545
108560
114504
114358
114337
115176
123202
120037
107428
114842
125149
123603
104468
115747
115345
109118
105638
110350
120705
109712
107148
100785
107900
111710
106676
107267
106417
109455
113318
111016
111721
114914
100990
122345
115054
100785
100990
110082
118142
113289
119934
109234
115734
109118
100990
111784
105928
104728
119340
107272
109382
117725
112355
100797
113119
111267
112129
120919
108091
109070
120033
116629
108661
123282
109200
115054
101935
117685
110103
107525
114300
110171
118556
112101
107948
114261
111016
112368
112355
107525
104786
108684
114386
123381
106569
112129
116016
105184
117970
106648
99864
118449
104468
101104
119430
116391
121845
107789
114516
122993
112355
124942
107900
108394
117363
117660
101228
113318
114769
122714
116732
106095
116316
105406
119340
127507
107525
119946
115532
109860
115747
101935
108935
117717
105406
121168
107272
113803
111716
108733
105137
114638
104728
101935
105060
114785
114133
101843
107509
107615
112209
105388
111073
138003
108236
110103
108091
114265
112198
120766
109860
122187
110645
103556
123656
108803
105210
116629
112915
114404
128271
111510
105539
108534
111073
108988
105938
111403
108683
96337
127272
100785
124178
107927
123599
110594
109745
117189
115703
105406
107927
118705
109234
111457
112497
118449
103979
113881
122210
110073
109070
104728
119208
122391
104468
108850
105210
117203
107609
115345
109791
104786
118047
105137
107678
120814
105194
105137
107428
111073
115734
119227
114404
111741
113922
118047
107609
117725
111510
116021
102025
107267
122958
110171
122609
109016
104563
109712
105388
108018
118408
120663
109159
119998
116873
106676
126342
122205
113632
125113
105184
110103
112936
115058
114977
114265
118252
128453
110171
106417
107272
118047
110705
113212
121697
103979
118408
112368
116125
113803
105584
100797
117426
108786
119820
106536
112497
111403
117372
108012
107272
105539
109455
119734
105976
107948
117426
100990
111457
124529
106334
111016
106676
108661
120838
112013
117660
112033
112876
109108
108988
120037
112563
110103
113833
110073
115949
113361
99864
111379
113797
96502
118459
113361
113964
116004
119734
108661
115198
123570
114968
125096
116076
118947
113855
103556
111510
109860
107463
109860
108661
113822
120327
109382
105388
122201
115703
111741
109200
116629
103979
130727
115345
98227
108988
115073
128297
111267
114286
111710
109791
117060
105928
104563
115049
107921
119946
126388
106569
109745
117742
118252
109159
110398
109455
126883
114157
114286
115054
111231
106796
113797
114404
103387
122714
105106
100797
115049
126484
113922
128870
96337
113776
110171
108009
110791
105928
101228
106648
118887
112198
110791
113034
103387
115176
115031
127443
106676
123418
113119
107616
103556
101104
102025
107921
107678
120307
114300
106648
108394
121897
107509
107293
115485
113361
113119
109325
109442
114271
119208
107463
112015
106725
119067
107921
115945
123282
122413
107267
107896
99354
103556
112663
108935
108786
104786
103910
123687
114358
110103
106569
101228
118875
116004
106648
107509
105137
114271
106015
124986
107921
109159
100797
118142
105194
107267
116149
107616
125773
105976
103979
116271
109325
101843
113112
119646
109976
118891
106095
105506
101228
113318
124058
107921
116545
105406
112663
112915
101104
104937
117372
112497
111932
106796
116603
113587
113361
119342
122229
108661
118208
116391
109118
109656
113148
116914
109108
133569
104937
120327
111932
114280
117363
112101
106569
107948
104937
105928
116316
107900
109234
105821
108534
109070
108236
110073
111457
111379
105584
124459
118208
107014
110645
105388
104728
113318
108236
110103
108018
115278
108803
100785
119134
105584
116985
119105
118489
105060
116004
107267
101104
116016
116565
100785
117660
116125
105638
113034
109382
108284
106725
107616
108394
111175
107789
106033
100797
100369
117249
108105
112363
101843
107609
116505
113922
118449
106569
100785
111349
110334
110021
129619
119067
109823
106569
98227
108935
116391
96502
106725
112056
114280
110705
116137
100797
107921
115485
123687
108683
120113
105388
121241
107900
118142
116629
107948
108018
105506
105210
105184
108684
116387
118947
107609
105406
128419
111784
109791
116505
118705
105106
106095
109791
98422
121243
98227
112876
122345
113803
123570
114300
109712
123500
109442
123213
113034
108394
122072
111941
107267
117687
106095
119067
122958
105210
101104
106725
105137
107615
122571
105928
115988
115943
109911
116149
108534
104425
107927
105388
99354
109911
111866
114027
103196
113833
110435
117687
115054
110435
107428
109382
109791
114690
117051
108302
106417
110171
110103
106749
117717
111510
116021
120714
122072
115016
107789
105506
124058
117211
110082
115016
110435
127777
120766
108935
100369
107678
98422
105506
120343
107525
117048
106334
110244
123156
101935
123774
113881
106749
99864
123907
117660
109656
105506
110435
114261
113493
116640
107428
120714
109712
107609
118901
114977
108803
120033
109325
104900
121327
116404
112015
109745
106033
107900
122348
98227
104937
117687
114022
101843
105605
108018
107293
105388
126635
121395
118891
110351
118047
110705
118893
138692
106757
106569
111716
115471
118875
105060
112386
107789
105106
122072
111379
120705
98227
118884
105194
116404
109791
115054
101843
120663
122194
128492
106536
103891
107789
109823
101228
109712
121038
105106
124986
112013
116076
119734
104786
114096
106569
104425
108560
111379
108236
105184
116856
123699
113587
101228
117301
116603
110082
108284
107148
109496
105584
105938
130367
120965
109200
111866
108394
104859
108935
103196
110244
107525
119345
108786
113803
119005
130299
112069
118887
113797
117468
117468
101843
112069
109159
109455
123796
118736
103979
107789
100797
118431
109823
113822
109823
114493
113112
106796
105406
112129
123878
109455
100369
109496
104900
107148
121241
112355
103196
107148
116985
118489
110244
118408
107678
116391
109976
106757
114978
119572
110103
113803
113922
109823
119134
96337
110244
104425
114785
103196
105976
105638
100797
105821
105406
105584
107267
110645
132186
117301
133330
101228
118705
122229
105194
114404
114358
123965
108284
117247
107678
110435
107616
108105
114157
122194
108684
120356
107293
113797
116922
111710
112497
109001
107615
115054
103891
104563
113034
105406
115943
104859
112936
116004
105605
114261
108803
113855
105539
109234
103387
110398
107463
121241
99354
123282
106757
112508
108743
110645
114638
99354
119734
112198
106749
106749
104728
108743
99864
112876
113797
122142
104786
114690
106536
111866
108284
120343
107014
107900
108743
112015
119340
100369
116996
131808
105584
116565
108560
111968
103196
106676
98227
120766
127388
104425
117203
114516
105194
113034
109001
120314
107927
114516
118079
113034
111457
114280
100369
110171
109911
122714
113112
107728
116819
107428
109712
119134
108803
107509
106015
115471
98422
107272
114749
103979
114638
105137
116914
117371
112518
111866
118489
107014
116629
99864
109070
115988
114638
116001
122201
110645
117247
109070
105060
118055
111016
123878
109656
117491
109455
118252
104937
108009
119934
112915
117660
128452
121262
112129
107428
106033
107948
115198
110351
118884
113855
115464
114265
110171
109860
128810
112386
108803
105060
109070
115532
102116
109001
104937
114842
100369
108733
114749
114749
109860
109234
121262
113830
105137
116856
123576
115073
109118
107921
118901
116518
96502
106095
118736
117812
121090
116991
111267
123661
108009
108684
122209
115945
116914
105976
108018
107014
109455
116985
118339
116996
105584
115943
113929
132867
115345
107293
116404
109656
98422
120307
125610
107900
110791
115943
108236
112508
109455
116316
121697
109823
116545
105584
106676
108683
108936
119820
125096
103891
113929
113776
120385
119475
116125
103387
110645
118847
105976
114977
106015
108936
102116
121095
105539
105137
133865
110334
129616
123311
120113
104859
106749
108683
121519
104786
111206
109496
112161
107927
106725
121845
109070
106676
104786
113922
103556
116001
99354
108803
113833
111379
102025
117426
99864
101843
123699
106015
104468
119475
109455
101935
105060
105539
108743
118875
113361
116922
111403
112198
108803
106536
107463
106334
103556
103979
109496
111073
100785
123418
116914
105539
118218
109823
117880
119592
139732
124178
114831
112161
112368
115988
99864
122391
110082
117660
115945
108302
118408
107900
105060
105928
109860
114300
106536
109001
120805
111784
124252
107948
117189
110103
108560
105938
118891
109976
109159
109108
105388
110398
101104
105821
114261
114769
107789
113318
103556
111152
117626
106757
98227
112533
108105
108683
109118
106334
104728
114265
115073
105184
106417
107267
126029
123576
117247
102025
105194
108803
110705
119005
107272
113148
117426
105184
120832
117247
108105
101228
117371
101935
116076
120186
106757
100785
122210
104859
113830
117236
112292
129616
118875
107616
105506
114977
103196
122194
109382
103196
112272
105184
107509
112015
104859
115464
105605
107463
116066
98422
114812
104425
106417
111152
101228
128818
117751
107900
118947
108850
107609
99864
121035
122828
117333
110103
100785
118705
110244
117812
120965
113034
116922
104563
112386
114265
112198
105928
101104
114280
120314
123293
107728
101843
115058
119475
96502
103910
120832
107728
132547
107927
107428
111968
108803
106569
108743
104425
108394
107948
108935
106757
110073
106536
105406
109496
109325
114386
108012
112129
112015
119335
113855
111403
105938
116114
108236
121897
110171
108009
107525
113318
109234
108743
105184
117717
101228
104563
107148
115073
108284
108936
116873
99354
103891
117048
107463
107678
109791
105938
111379
108936
110021
107728
109791
123311
110021
113632
109159
118408
121310
114022
104468
108009
113922
116887
117247
108091
105388
112292
103891
116114
115278
119908
98227
128339
110398
106676
110645
107525
105060
107525
101104
105938
108683
106676
105584
103387
130780
106725
106676
105584
111932
112161
105210
116629
105605
111716
113318
112272
105194
111968
108803
113822
105539
105194
109070
109911
108733
113493
107616
108236
120149
98227
104728
114504
105406
115949
105060
107293
110398
107014
112876
112936
114265
111784
115485
116316
105406
129447
107014
144271
102025
96502
104468
109118
143540
120814
106569
123603
106749
105605
105821
130186
105388
106648
100369
117660
111716
113289
116545
120919
114978
107616
106796
111716
107615
112368
105388
113212
110351
107148
114504
105388
108394
118449
106569
109108
107609
105060
113148
105210
108935
106796
114516
113654
114034
112518
113493
114493
103891
98227
108394
122993
102025
106095
106334
109745
116004
107789
109745
106725
115031
106334
116996
105976
114842
121243
106648
104786
104900
118947
118142
124231
121035
113112
108284
117685
113922
114096
124296
107014
114516
111206
107267
112198
113112
116137
117236
111784
116873
110244
119908
108394
114022
109823
124459
120385
108091
107525
105539
127693
114749
113493
116546
114034
100785
105388
104859
123350
108534
105137
111941
109108
105928
119441
108534
96337
109234
98227
98227
104937
111741
112056
108009
116819
115073
116887
116922
111716
103556
114022
112368
115703
109455
112518
107509
98227
117685
108661
107272
120307
110645
117970
114785
119342
114749
118554
117970
120838
116271
115464
118079
111267
131829
117880
112033
108534
113881
105605
116991
113361
117687
109496
108302
107428
113112
109442
124183
101935
120662
105506
103387
115054
112386
123661
107789
103891
117717
108560
115949
107148
117372
113289
111941
111016
116518
112292
107148
115058
107428
114286
114749
113803
114842
114978
114261
114034
118120
120919
110350
118420
112129
120919
118875
112368
114638
109976
111716
115345
105060
111267
101935
114968
119908
113318
113148
114096
109325
127741
117751
108394
126388
118120
118477
116001
106417
106536
101228
123350
117694
111716
110705
118047
105938
109745
114749
99864
111741
103891
114785
109159
112563
108105
116387
112508
96502
98422
130186
105638
112518
105506
109118
121038
110171
128503
111349
111152
112033
110350
115635
118408
112663
108534
114431
113929
113833
115703
108105
120838
113654
107921
108684
116076
108009
113654
112856
113833
114690
112033
106015
111741
121310
101104
108935
118554
120385
107609
116922
117687
127196
100785
108803
109911
107927
111403
121168
116001
111403
111721
109656
116603
105060
110351
121519
127728
102116
108009
109745
102025
107896
114034
116137
105388
109325
125814
113833
128138
108236
113587
128066
124180
108236
108936
107014
104786
108803
121241
109118
105060
118891
103910
104425
108850
111403
103979
117626
104563
103196
112292
106676
104786
101104
108302
104900
108394
116546
108683
112069
114034
123907
113587
105194
114749
112856
110350
109791
111684
110351
108803
115734
108018
105388
113822
114027
108683
116076
120004
117468
102116
101843
120919
114749
108236
105060
100797
106033
111968
111741
117687
118339
114337
109823
114133
108733
112198
112518
122194
119592
105821
108803
114977
105137
115949
116819
124183
103387
112386
99354
116565
103387
123282
103556
116505
114271
107678
115945
108850
109001
119481
105976
105821
107927
106749
100369
112563
105821
127870
99864
109118
106725
116819
120965
120343
115031
106095
108683
103556
106757
109118
108105
100990
116404
126388
111741
108018
116125
114271
105539
103979
102025
117060
112033
111175
105938
117203
105938
96502
111206
113929
105584
137382
116991
124058
111684
105506
106095
103979
106536
119908
105210
110350
113918
114785
120037
108236
118431
108803
113881
112563
113855
103979
112069
114749
106725
117203
113822
108091
112069
109823
136277
112368
107921
118449
96337
116629
108661
109791
111941
107896
122032
107616
103196
108684
114337
108936
128453
114749
121395
112033
113922
112069
111510
107272
102116
103910
112198
105976
105106
104468
116518
114300
115485
107948
116873
109325
107525
111073
117249
98422
120766
104937
109911
110594
116404
107927
116518
120663
112292
105638
105821
120851
105821
107616
99864
105506
109016
114280
114157
123699
110791
103979
112533
114027
108018
99354
108009
104900
117880
112936
119430
115471
119005
111941
104425
103196
109860
111866
114022
127512
114977
114034
108850
104425
108534
119886
110334
111510
116565
109496
114096
106757
109712
105388
116114
100990
120327
124974
96337
128810
112161
109791
118431
112518
117660
100990
111379
109325
107463
116076
111175
104900
108936
104425
108803
113918
116636
121035
108560
115031
106095
114358
120827
105106
113289
102025
106095
116958
107900
129396
121673
112368
108534
116819
103979
114968
100785
107896
114977
121310
113289
114977
113797
119042
108394
109382
109016
107616
113493
115464
107267
111510
115943
111510
105638
105584
124252
111152
113776
109159
111175
113361
112069
98422
111703
120113
102025
110334
109712
112363
110645
121243
109001
126569
108743
115968
106796
108394
108394
111073
111175
110435
107948
120814
110021
116958
106095
122571
101843
118884
113929
109442
109016
123282
104563
109712
124620
111379
105938
114280
104425
111968
122109
119134
108284
109382
109791
105194
113855
111716
103891
117301
117694
105388
109070
121310
111941
106648
111866
106033
106033
113855
113929
108935
119998
119934
105506
119908
116991
99354
108284
125222
98422
108935
101843
101104
112508
109382
105060
115345
108284
100797
107896
112161
106536
110435
104786
104468
111206
104786
106757
114271
115949
107921
112368
107293
111866
112368
106015
108394
123156
109159
105060
112101
122057
112198
112056
107272
107272
109911
113797
106015
100990
104900
109200
102025
112129
112056
109159
106796
113212
117189
106334
112386
105584
107615
120343
113922
111968
114638
105821
116066
121310
104937
101935
116565
112363
105406
101228
102116
110351
107616
127518
117491
111175
108560
119946
123500
105388
104859
123603
107267
112013
124213
105584
113289
115471
105938
119303
108786
104563
126653
104859
110594
105406
117353
118893
110435
108012
104728
107615
108683
109860
106536
124974
117928
106033
110334
112355
104859
101104
100797
101935
112856
105976
101228
114271
115278
107789
117249
120343
105106
