26943768
16419861
12626578
10736429
9529394
8517968
7964520
7771264
7266245
7248863
6741616
6258676
6507798
6411102
6241343
6087231
5888729
5832578
5834777
5731977
5715372
5466842
5571376
5377251
5239652
5287246
5308570
5051827
5117057
5332951
5026595
5046904
5078960
5056781
4860540
5173381
4896751
5084779
4976459
5500280
4772522
4636311
4817821
5096816
5010206
5007926
4633087
4671850
4467900
4711856
4555213
4698267
5050252
4806291
4517353
4584508
4622789
4854740
4572334
4599323
4659695
4761589
4909788
4778543
4536699
4646636
4507532
4730244
4730165
4653611
4703963
4799682
4562090
4571682
4400695
4495739
4503338
4959847
4399537
4614265
4342408
4600890
4557884
5051116
4393670
4605671
4462901
4440454
4371485
4623944
4297248
4453434
4476152
4328448
4368484
4374441
4513200
4247746
4452298
4314936
4433630
4575948
4582367
4495674
4347131
4554796
4391524
4530479
4478908
4618454
4525219
4329271
4400577
4127948
4306901
4380158
4495561
4484585
4200054
4380469
4160034
4389148
4356923
4353226
4435835
4409773
4453358
4512832
4348781
4308697
4549928
4338619
4322637
4250367
4646878
4498699
4496021
4316505
3905418
4336982
4329678
4257088
4293472
4421730
4536121
4517858
4306935
4505786
4399490
4212381
4283940
4386096
4330202
4313127
4482864
4664233
4289704
4144396
4342623
4273117
4249809
4778539
4332542
4716945
4209566
4364389
4230040
4600978
4176882
4188721
4085355
4252474
4111206
4283891
4537699
4201074
4513103
4374678
4549763
4304473
4335102
4116963
4145779
4158262
4156046
4335102
4542002
4272921
4254483
4471968
4254324
4080678
4387888
4295796
4273171
4133304
4336722
4232859
4306609
3989997
4678859
4421985
4446783
4383998
4421295
4240240
4342689
4413451
4247577
4406415
4085371
4158169
4407757
4407590
4513200
4293582
3990587
4267279
4474058
4318775
4152813
4255158
4029439
4151287
4128476
4447097
4330082
3966529
4255158
4264435
4417475
4322382
4207353
4476248
4531119
4211530
4202300
4201603
4554819
4286318
4273117
4192960
4228696
4113998
4312166
4091940
4091920
4475965
4641455
4353447
4269748
4251515
4340972
4266889
4044096
4624080
4329143
4239593
4332936
4306026
4352301
4253387
4087347
4410826
4362371
4467051
4224553
4438739
4197247
4231771
4144666
3921420
4237982
4216103
4612088
4081769
4177957
4223408
4337314
4701779
4331357
4133616
4085074
4202300
4280087
4354182
4305637
4292206
4331215
4366037
4389232
4194079
4392259
4095373
3947756
4347203
4337892
4129145
4246986
4135485
4161375
4223649
4685070
4407590
4093902
4212999
4357384
4406766
4258637
4240240
4216649
3976741
4414714
4277602
4765142
4535923
3930331
3938676
4221367
4283891
4208109
4128422
3974040
4016627
3966514
4010510
4088700
4220066
4254324
4533304
4208109
4237311
4158262
4267279
4387888
4138182
4241985
3998055
4365020
4421985
4431913
4376930
4216516
3999896
4235415
4352301
4044910
4417475
4356924
4389232
4414573
4328527
3887579
4174505
4161375
4253387
4334067
4411927
4234852
4189499
4189216
4159324
4172068
3990646
4246716
4463775
4283062
4235415
4374553
4216649
4459280
4366037
4133282
4201603
4475965
4078078
4202300
4083933
3949432
4131240
4508484
4225641
4061113
4112885
4088700
4236786
4327026
4258637
4291203
3999039
4102513
4150650
4058231
4137829
4293873
4237311
4256393
4236534
4131240
4212602
3883600
4212582
4383998
4321375
4211766
3999896
4258231
4280295
4081769
4444311
4272972
4118810
4217945
3924543
4171786
4287806
4256720
4258863
3952398
4188302
4451940
4207353
4168439
4432983
4348781
4256791
4216516
4223408
4091980
4046412
4112328
4199627
4174392
4144489
4383957
4331215
4041220
3984781
3841850
4053591
4204239
4089907
4053173
4009980
4338422
4183342
4518368
4110953
4530704
4029439
3986001
4044872
4053887
4231771
4044096
4087423
4349077
4029672
4136890
3967406
4224234
4305294
4329271
4190030
4082305
4186549
4305294
4167308
4521070
4578432
4110164
4191035
4236786
4211530
4136063
3949786
4161573
4378235
4163642
4288754
4171786
4258863
3924543
4220066
4085074
4209986
4287389
4029672
4342623
4207353
4099819
4224553
3954640
4110953
4053887
3953942
4011951
4653262
4023107
3912984
4083025
4255052
4248874
4291206
4357431
4083025
4078078
4105413
4443544
4268984
3953942
4064828
4008871
3939037
4220474
3984781
4202446
4165199
4091886
4125441
4128911
4095373
4110953
4190030
4184999
4200054
4091940
4152813
4032354
4173107
4056798
4189353
4199690
4316849
4106481
4236369
4237393
4276187
4101947
4464942
4228836
4105606
4251515
4183655
3835527
4053810
3976741
4328555
4044872
4377982
4128719
3989982
4340427
4202692
4053591
3949786
4165199
4349077
4183345
4155006
4356924
4020104
4389232
4194079
4327329
4105413
3803100
4225961
4046254
4255052
4356923
4010510
4127942
4057602
4514555
4107163
4329143
4371485
4113622
4185498
4110953
4189355
4165698
4165199
4031389
3984470
4309716
4481655
3890890
4380176
3937361
4023107
4351411
4116963
4139957
4309716
4127593
4136226
4150491
4344041
4031144
3917185
3968968
4297271
4199627
4254808
3997650
4174392
4202300
3984781
4231771
3935642
4136226
4110953
4183868
4200328
4228485
4249809
4054841
4497837
3998055
4212999
4031389
4183345
4340427
4237474
4302180
4215511
4269748
4186549
4113622
4159324
4064828
4208109
4046254
4249334
4083025
4216649
4037264
4241834
4218860
4200420
4192781
4225961
4220474
4347203
4326138
4334133
4348181
4216516
4316505
4045655
4041220
4197247
4342623
4016627
4271532
4173107
4011951
4199258
4314936
4086731
4044910
4083025
4183342
4042652
4582713
3994401
4110656
3930487
4512875
4129209
4190022
4368732
4191558
4048111
4128422
4029672
4044910
4046412
4080678
4101734
4091886
4132227
4342408
4020104
4194079
4258637
4258231
4216103
4293873
3896936
4054841
4225641
4053252
4023107
4144489
4235415
4437131
4228485
4336982
4159109
4447281
4147965
4080678
4293873
4204552
4246251
4061113
4168439
4291203
4131961
4318775
3905418
4247746
4188302
4211766
4103502
4340427
4087347
4103502
4091980
4174505
4202446
4129255
4161375
3902976
4225961
4297248
4099819
4087347
4057602
4010510
4428645
4099819
3917185
3924341
4125542
4027350
4091980
4131240
4183345
4206448
3926522
4329143
4212602
4160034
3988369
4019362
4192781
4244931
4474805
4088700
4158122
4008049
4133282
4280295
4249334
4190030
4048111
4136890
3902832
4099819
4286318
4171786
4334298
4134624
4338041
4219742
4086731
4106481
4145779
4107489
3840174
4203970
4117033
4149032
4244931
3972795
3902976
4188721
3773373
4095373
4054841
4077679
4212582
4698405
3883600
4579206
4031144
4406766
4232859
4132227
4370455
4151287
4127593
4393670
4297248
4296119
4302180
4135485
4241985
4211766
3773373
4328527
3947983
4175701
4106481
4032354
4275021
4268984
4155006
4300287
4128719
3838557
4131240
4150650
4093902
4407590
4042652
4370455
4218860
4132227
4091940
4095373
4335102
4275254
4452982
4125441
4289704
4306901
4068139
4183655
3835527
4241985
3988369
4199258
4113998
3988369
4099795
4258637
4178210
4022106
4219938
4332943
4281233
4211530
4008854
4320131
4476168
4191035
4100262
4190022
4414573
3926522
4008049
4008871
4305108
4337944
4138182
4484585
3968784
4336398
4287806
4204552
4407757
4160034
3949432
4058231
4333760
4042652
4191558
4448140
4110164
4216103
4299029
4008871
3974040
4216649
4117922
3917185
4056798
3841764
4174505
4202446
4131961
3930487
3947983
4190030
4129145
4374678
4178210
3999039
4505786
4045655
4236369
4064828
4088700
4241985
4101947
4128911
4053810
4159109
3838557
3883600
4136890
4267279
4160760
3966514
3926520
4158122
4206342
4278509
4096579
4048111
4019362
4201074
4191558
4162067
4046254
4053810
4086731
4353226
3966514
4441667
4082305
4189355
4527697
4128719
3926522
4133616
4125542
4091886
4316505
4206342
4083933
4096579
3989982
3926520
4254324
4104592
3949739
4107163
3989997
4177957
4225961
4275021
4058231
3928399
4224234
4135485
4085371
4393670
4202692
3968968
4192960
4306609
4057602
4159324
3949432
4200328
4082305
4016627
4009980
4131961
4216516
4078078
4165008
4129209
3989997
3947983
3902976
4382678
4092657
4057602
4127593
3838557
3974502
4328527
4316339
4192960
4191558
4165199
4176882
4150650
4105606
3917185
4183655
4151287
4216649
4105606
4230040
4118810
4283940
4126455
4008854
4229744
4140920
4316505
4125542
4188302
4006574
4199072
4525766
4269607
4178210
3949739
4330420
4046412
4105413
4209986
4199258
4209566
4191035
4220474
4438739
3904144
4386065
3989982
4334133
4217945
3949432
3930487
4137829
3952398
4145779
4199072
4077829
3947983
4053252
4189355
4199627
3890890
4128719
4173107
3988369
4128719
3976741
3924341
4478908
4272972
4171786
4202692
3998055
4629696
4199258
4101947
4104592
4237982
3902832
4126112
4128911
4015200
4112885
4160760
4141743
4354182
4132227
4209566
4256393
4101734
3974040
4027872
3929044
4188542
4183342
3929044
4037264
3928399
3976226
4138826
3990646
4161573
4447097
4139957
4307865
4243061
4396523
4382678
4416905
4160760
4375235
4184999
4093017
4046412
4326557
3999039
3937361
4112328
4128933
4111206
4269748
4630539
3886533
4396667
4156046
4234257
4058231
4151287
4314936
4159324
4027350
4099819
3912984
3986001
3998055
4046412
4139957
4192781
4133304
4329678
4068139
4444311
4278509
4279348
4044910
4132227
4189499
4086731
4133616
4159109
3835527
4150123
4057602
4139957
4053252
4158169
4160760
4085074
4099819
4174392
4100262
4083025
4144396
4102513
4041220
4161573
4091886
4113998
4453358
4125441
4107489
3883600
4183868
4219742
4209986
4291203
4207353
3974502
4100262
4237474
4020104
4241834
4377107
4107163
4186822
4433854
4140920
3887579
4135485
4356782
4103502
4329678
4145834
4175701
4102513
4057602
4158122
3840174
4459280
4125441
4127942
3949739
4254324
4092657
3999896
3929433
4019362
4274512
4103502
4165199
4136226
4316505
3904144
4292206
4451940
4457676
4495305
4241834
4377107
4113998
4380605
4106481
3974502
4167308
4220474
4029439
4237311
3954640
4288754
4219742
4110164
3974502
3954640
4068139
4008049
4008854
4331215
4099819
3886533
4279419
3917185
4189353
4105606
4020104
4010510
3929433
4217945
4313127
3989982
4029672
4202446
4089907
4278509
4091886
4234257
4127942
4216103
4305108
4112885
4116963
4222982
4352301
4091920
4188302
4454528
4022106
4283476
3949739
4053173
4334440
4177957
4113998
4332936
3949739
4019362
4200328
4222982
4126455
4188721
4531119
3947756
3989982
3828928
4045655
4128719
4180614
3972795
4302550
4454762
3935642
4145834
4411927
4061113
4283062
4119448
4219742
4255864
4133304
4096579
4158169
4133304
4165199
4177957
4396667
4203970
4189499
4254324
4264978
4353226
4133282
4119448
4186822
4238761
3966529
3912984
4008049
3802469
3924341
4338422
4271766
4044096
4134624
4141743
4091980
4549763
3890890
4117922
3938676
3835527
3988369
4219742
3990646
4212999
3990587
3947983
3938676
4321375
4091940
4387033
4351324
4155278
4031144
4228696
4101947
4287389
3989997
4161375
4269748
4186822
3984470
4096579
4151287
4149032
4273117
4100262
4188302
4150491
3904144
4158122
4252474
3949432
4199258
3939037
3968968
4126455
4020104
3986001
4269607
4211530
4207353
4131240
4394797
4254483
4180614
4131240
3896936
3998055
4237474
4211530
4283062
4101947
4406766
4209566
4126455
3926520
4125542
4091980
4347203
4217945
4348181
4208109
4107489
4091886
4375271
4031144
4334133
4172068
4204144
4329143
3937361
4150491
4087423
4126112
4106481
4091940
3841764
4101734
4223649
4222982
4228696
4056798
4185498
4165008
3974502
4008871
4151287
4128719
4283940
4495739
4225641
3890890
4133282
3952398
4138182
4023107
4183345
3926520
4150650
3924341
4156046
4128422
4240240
4204144
4083025
4264978
3954640
4338422
4236341
4199690
3990646
4189355
3947756
3966514
4064828
4249809
4351324
4136063
4279348
4224553
4183345
4258231
4150650
4092657
4044872
4129255
3930331
4087423
3930487
3952398
4085355
4228836
3929044
4287806
3887579
3966529
4064828
4333541
4032354
4032354
4031389
4029672
4255158
4119448
4224234
4078078
4158122
4518079
4178210
4432061
4037264
4027872
4149032
3841850
4294719
4202692
4106481
3926522
4101947
4029672
4080678
3887579
4053887
3949432
3905418
4232859
4203970
4133304
3930331
4107163
3912984
4125542
4343812
4138826
3989997
4289704
4144489
4132227
3947983
3939037
4101734
4087423
3835527
3968968
4119448
4133616
4212999
4053810
4101947
3984470
4117033
4105413
4008871
4463775
4469161
4083933
4010510
4190030
4044872
4202446
4357384
4053591
3930331
3976226
4163642
4264435
4276241
4186822
4101734
4221367
3974502
4237982
4087423
4265147
4283657
4183655
4206448
4019362
4053252
4103502
4126455
4093902
4189499
4138826
4032354
4016627
4077679
4280295
4256393
4338422
4095373
4027872
4237474
3841850
4105606
4222982
4228485
4011951
4104592
3828928
3939037
3803100
4150123
4053173
4020104
4128911
4006574
4009980
4291203
4246716
4199627
4126112
4400695
4102513
4093902
4294086
4373509
3968968
4155006
4032354
4015200
4238761
4225357
4354182
4165698
4212381
4282767
4199258
4454762
4344651
4134624
4377982
4338582
4144489
4118810
3887579
4077679
4057602
4252474
3968784
4100262
4218860
4129255
4191558
4031389
4092657
4322467
3999896
4078078
4078078
4322216
4206448
4019362
4375235
4465013
4244931
4027872
3949786
4053810
4211530
4011951
4430194
4092657
4468596
4332936
4479268
4054841
4244931
4330202
4085074
4019362
4225357
4158262
4159324
3952398
4237433
4396667
3976741
4333760
4140920
4138826
4411927
4045655
4248874
4189499
4137829
4308697
4235415
4380365
4085371
3939037
4113622
4351441
4048111
4092657
4029439
4266527
4225357
4057602
3835527
3841764
4286318
4266889
4127593
3929433
3926522
4183345
4297530
4042652
4105606
4083933
4352000
4096579
4058231
4099795
3967406
3952398
4239593
3949739
4150491
4273117
4332943
4077829
4136063
4202300
4380605
4068139
3930487
4116963
4327026
3902832
4008049
4272921
4217945
4111206
4202105
4200420
3896936
4068139
4082305
4145834
4246251
4127593
4391524
4009980
4295796
4263498
4220066
4377107
4211530
4307865
3921420
3974502
4042652
4201603
4128911
4136063
4131961
4189499
4139957
3999896
4080678
4092657
4128422
4329143
3890890
4058231
4173107
4053591
4077679
4406415
4165199
3976226
4027872
3976741
4091920
3972795
4254483
4044096
3840174
4413451
4031144
4053252
4444686
4129255
4015200
4113622
4127948
4389232
4203970
4220474
4219938
3976741
4053810
4127948
4347203
3952398
4118810
4105413
4027872
3988369
4058231
3939037
4029439
4342689
4272891
4208109
4163642
4271148
4099795
3802469
4022106
3966514
4333634
4207353
4212381
4246716
4268413
4081769
4100262
4186549
3999039
4386096
4204552
4199072
4118810
4163642
4297248
3989982
4054841
4330420
4204573
3841764
4186822
4202300
4202446
4125542
3966529
4100262
4549763
3904144
4139957
4044872
3886533
4022106
4271532
4053591
4481655
4293472
3998055
4144666
4235415
4032354
4204552
4088700
4158022
4318775
4406766
4183655
4125441
4128933
4127942
3904144
4125542
4054841
3841764
3728490
4202105
4283476
3935642
4267279
4165199
4341946
4068139
3999039
3924543
4006574
3989982
4330420
4302550
4400695
4202105
3968784
4283062
4246251
4159109
4368484
4263498
4102513
4155006
4077679
4249334
4106481
4200054
3997650
3966514
4042652
4031144
4329678
4112328
4022106
4022106
4119448
4113622
3994401
4107489
4241834
4064828
4136063
4113998
4530479
4211766
4144396
4199258
4129145
4387033
4045655
4161375
4420050
4082305
4140920
4214917
3896936
3887579
4336982
4215511
4056798
4110953
3841850
4322216
4433854
3803100
3966529
3828928
4248874
4128911
4091886
4128476
4083933
4155278
4224234
4359875
3917185
4032354
4206342
4250367
4271766
4228485
4309716
4125542
4192781
4256720
3953942
3954640
4125542
4165698
4141743
4041220
3949739
4204573
3926520
4184999
4215511
4011951
3937361
4282767
4581200
4338619
3994401
4117922
4263498
4042652
4008854
3838557
4291203
4149032
4091886
4188542
3929044
3947756
4077679
4099819
4185498
4116963
4380192
4147965
4188542
4185498
3947983
4085074
4294086
3997650
4095373
4199690
4008049
4159324
3999896
3887579
4011951
4144666
4128476
4147965
4091920
4246986
4212582
4116963
4158169
4101947
4344041
4147965
4321375
4008871
4042652
3924543
4118810
4308697
4138182
4144666
4297530
4048111
4129209
4204239
3890890
4307712
4327026
3929044
4189353
4015200
4333541
4159324
4336722
4093017
4222982
4044910
3935642
4183345
4099819
4468596
4246986
4083025
3994401
4126455
3937361
4212530
3968968
4343812
3902832
4380365
4278509
4016627
3947983
4129145
4237474
4129255
4113998
3947756
4255052
4064828
3974040
4163642
4204552
4103502
4202692
4374441
4053810
3841850
4077829
4343812
4022106
3896936
3989997
4232859
4172068
4305108
4046254
3924341
4165008
4212582
4174505
4058231
4006574
4082305
4211530
4058231
3929044
3728490
3828928
4053887
4085355
3886533
3926520
3953942
3939037
4698046
4219938
4304473
4291203
4158122
4032354
4149032
4057602
4188302
3984781
4294615
4297271
4133616
4110164
4287389
3921420
4138826
4197247
4291206
4126112
4302550
3921420
4188302
4093017
3921420
4228142
3886533
3986001
4191035
4199627
3921420
4202300
3967406
4204573
3988369
4118810
4330564
4045655
4188302
4240240
3841764
4045655
4044096
3904144
3990587
4495739
4129255
4091920
4140920
4118810
3966529
4199627
4907738
4177957
4215511
4246986
4096579
4219938
4101947
3841850
4340972
4204573
3968968
4190030
3924341
3902976
4156046
4280087
3773373
4424374
4211766
4009980
4341946
4044872
4113622
4204552
3997650
3926522
3949739
4126455
3974040
4053887
4058231
3904144
4200420
4127948
4257088
4202300
3930331
3938676
4085371
4145834
4064828
4152813
4256791
3976741
4129209
4174505
4189499
4110164
4140920
4197247
4125542
4374838
4470313
4101947
4105606
4096579
4083933
4352000
4162067
4266889
4078078
3935642
4199072
4266889
4492639
4133282
4125542
4283062
4201074
4165008
4032354
4091940
3835527
4068139
3997650
4271532
3890890
3926520
4045655
4119448
4254808
4297248
3953942
4204573
4221367
3968784
3966514
4202692
3926520
4167308
4041220
3974502
3949786
3984781
4086731
4045655
4180614
3974040
4091920
4451940
3926520
4149032
4183868
3896936
3984781
4188542
4056798
4091980
4200328
4085355
4275021
3929433
4171786
4231771
4256322
4280295
4082305
4334133
4136226
4132227
4306935
4220066
4397561
4321375
3926522
4329678
3990646
3929433
4280087
3999896
4192781
4029439
4229744
4056798
4212602
3905418
4126112
3802469
4107489
3904144
3954640
3890890
3968784
4266889
4236369
3976226
4275021
4127942
4022106
3835527
4136063
4044872
4085371
4373509
3840174
4162067
4087347
3994401
4150123
3841764
4031144
4326138
4077679
4211766
4362371
3912984
3912984
3949432
4276241
4203970
4279348
4361620
4183342
4081769
4128911
4008871
4046412
4091920
4513103
4053887
4129255
4093017
4048111
4488509
4258637
3904144
4238315
3986001
3828928
3890890
4513103
3998055
4099795
4211766
4126455
4041220
3938676
4020104
4297271
4280295
3917185
4159324
4145834
3835527
4104592
4297248
3994401
4085074
4472837
4110656
4158262
4281233
3904144
4087423
4348781
3728490
4364389
4212381
4174505
3883600
4044910
4340972
4125542
4229744
3974040
4139957
3928399
4015200
4015200
4250367
4272891
4171682
4216103
4199258
4133282
3954640
4137829
3929433
4128719
4212381
4351324
4140920
3887579
4088700
4345969
4046412
4053173
4356924
4150491
4333541
4158169
3887579
3989997
4132227
4373509
4252474
3841850
4054841
4209986
3841850
4105413
4183868
4228485
4394797
4744544
4237311
3949786
4302550
4183655
4141743
4132227
4150123
4269748
4131240
4133282
3994401
4046254
4127593
4185498
3883600
4212999
4126455
4022106
4165698
3924341
4126112
3828928
4175701
4046412
4152813
4087347
4289704
4374838
4271148
4016627
4027350
4469625
3999896
4151287
4287806
4027350
4313127
4010510
4256322
3803100
4351411
4342623
4316339
3928399
4044096
4133616
4330420
4225357
4362371
4031389
3840174
4173107
4110656
4110656
4204144
3937361
4172068
3935642
4430194
3986001
4296119
4159109
4144489
4061113
4128911
4189353
4224553
4322467
3929433
4191558
4057602
4064828
4204552
4031389
4136063
4134624
4256393
4391524
4113622
4091886
4110656
4168439
4053887
3974040
4312166
4188302
4283891
4089907
4305294
4158169
4008871
3949739
3937361
4147965
3989982
4160760
3947983
4306935
4199072
4087423
4201074
4168439
4091980
4008854
4027872
4165008
4077829
4061113
3886533
4180614
3999039
4129209
4172068
4481740
4045655
3921420
4222982
4342408
4044096
4008871
4083025
4212076
4137829
4334298
4218860
4232859
4137829
4294086
3902976
4106481
4087347
3976741
4228142
4316849
4183655
4463472
4340972
3929433
4258863
4244931
3999039
3997650
3999896
4225357
4053591
3984470
4041220
4023107
4204239
4128933
3989997
4031144
4077679
4177957
4386065
3929433
3930331
4338619
4345969
4009980
4080678
4283062
4271148
3990646
3990646
3938676
4110953
3954640
4128911
4150123
4307865
4382678
4092657
3999039
3896936
3928399
4225357
3938676
3926520
4190022
4144666
4077679
4171786
4322467
4251515
4201603
4288754
3976226
4011951
4159109
4209986
4092657
4077679
3999039
4328448
4318775
4306901
4495674
3917185
4309716
4127593
4224553
3997650
4158262
3938676
4339006
4031389
4117922
4064828
4042652
3989997
4186822
4291206
3728490
3803100
4053887
4220066
4268984
4191035
4053887
4008871
4113998
4334298
3990646
4174392
3902976
4200420
3986001
4441633
4087347
4273171
4306609
3917185
4086731
3890890
4174392
4134624
4236534
4145834
4133282
4056798
4234852
4046254
4099819
4112328
4162067
3930487
3926520
4165199
3972795
4452137
4008871
4387052
4271141
4443544
4131961
4125441
4119448
4158022
4165698
3974502
4329143
3773373
4165199
4061113
4032354
4269748
4016627
4410826
4145779
4083933
4161375
4506303
4336398
3984470
3924543
3953942
4276187
4022106
4469625
4112328
4376930
4027872
4046412
3803100
4277602
4057602
4212602
4015200
3990646
4191558
4280295
4158122
4089907
4190022
4027350
4155006
3928399
4212530
3947756
4088700
4482864
4129255
4046412
4144666
4237393
4211766
3939037
4225357
4087423
4112885
4228485
4192960
4178210
4152813
4022106
4138826
3966529
4322467
4263498
3999039
3924543
4127942
3926520
4204144
4101734
4283891
3840174
3949739
4331357
4295796
4101734
4223408
4078078
3967406
4022106
4237311
3728490
4140920
4351324
3930331
4291206
4117922
3912984
4190030
4091886
4167308
4149032
4041220
3994401
4204573
4228696
4200420
4053173
3952398
4378235
4174392
4283476
4029439
4387052
4081769
4129145
4053173
4188302
4258863
3924543
4042652
4093902
3838557
4467051
4248874
4117922
4006574
4232859
3989982
4238761
4202692
4078078
4158122
3947756
4206342
4080678
4099795
4029672
4184999
3949739
3984470
4145779
4271532
4080678
3924543
3998055
4096579
3952398
4042652
4347513
4222982
4129255
4332696
4077679
3728490
4128476
4322382
4128476
4334298
4247746
4113622
4099819
4265147
4133616
3930487
4190030
4107489
4158022
4105606
4149032
4158262
4147965
4420050
4082305
3924543
4011951
4126455
3883600
4091920
4029672
4144489
4101947
4053252
4133282
3841764
3902832
4200054
4128933
4231771
4099819
4316339
3974502
3886533
4190022
4106481
4255052
4044096
3802469
4337314
4349596
4137829
4128422
4155278
3952398
4087347
4105606
4246251
4235415
3986001
4102513
4316339
4493454
4156046
3912984
4110953
3990646
4199072
4217945
3917185
4199627
4111206
4117922
4129209
4048111
4374838
4113622
3930331
3926522
4144666
3986001
4042652
4085355
4138826
4138182
4246986
4091886
4141743
4068139
4096579
4199258
4011951
4101947
4421730
4009980
4110656
4127942
4102513
3828928
4152813
4206448
4054841
4253387
4189355
4053887
4053887
4255158
4093017
4105413
4228485
4117922
4228696
4184999
4274512
4225357
4085074
3883600
4258637
3974502
4128422
4104592
3924341
4174392
4230040
4183342
4549763
4134624
4236369
3930331
4101734
4251515
4064828
3803100
4037264
4064828
4110953
4091920
3954640
4276241
4032354
4019362
4064828
4404478
4234852
4162067
4216516
4305294
4080678
4334067
3921420
4158262
4255864
4161573
4027350
4128933
4212076
3937361
3997650
4391524
4053252
4192781
3728490
3984470
4116963
4155278
4200054
3968968
4129209
4291203
3803100
4275021
4092657
3984781
4105413
4168439
4215511
3902832
4209566
4348181
4053887
4015200
4092657
4283504
4119448
4044096
4250367
4117033
4183868
4257088
4249334
4318775
3953942
4220066
4147965
4197247
4147965
4568032
3929433
4145834
4091920
4235415
4027350
4459744
4224234
4078078
4134624
4111206
4178210
4053173
4056798
4407757
3976226
4081769
4183868
3930331
4266527
3984470
4155006
4044910
4218860
3930331
3949786
4111206
4093902
4171786
4206342
4111206
3802469
4147965
3905418
3896936
4053887
4096579
4191035
4041220
4029439
3930331
4138182
4008854
3938676
3929433
4223649
4172068
4113622
4112328
4095373
3968968
3921420
4209986
4192960
4045655
4144396
4525718
3926522
4256322
4341946
4200054
4172068
4294615
4572334
4053887
4029672
4089907
4083025
4077829
4387888
4216649
3988369
3905418
3952398
4271148
4104592
4399196
4305048
4191558
4269748
4105413
4201074
4127948
4342623
4087347
4129145
4172068
4160034
4256791
4128933
4305637
4128719
4189353
4256393
3974040
4359875
4435507
4221367
3929433
4212076
3997650
3926520
4111206
3802469
4008854
4231771
4223649
4027350
4444311
4031144
4152813
4258863
3929044
4058231
4044910
3967406
4023107
4178210
4104592
4186822
3989997
4230040
3966529
3904144
4326557
4053810
3902832
3930331
4126112
4081769
4113622
4387033
4008854
3986001
3947983
4246716
3928399
4231771
4368732
4085074
4091980
3828928
3921420
4276241
4337314
4368732
3994401
4256322
3926520
4127593
4044872
4175701
4134624
3912984
3835527
3924543
4190030
3802469
3968784
4110164
3886533
4583717
3938676
3966529
4091940
4189499
3802469
4184999
3984470
4144489
3773373
3841850
4126112
4008049
4334133
4008854
4189353
4008854
3929044
4225357
4129209
4385588
4101734
3967406
4240240
3841764
4096579
4297271
4006574
4112328
4133282
4139957
3930331
3984470
3988369
3939037
4031389
4093017
4204144
4186549
3967406
4140920
4168439
4200054
4156046
4265147
4085355
3902832
4341700
4077679
4221367
4129145
4129209
4294719
4053591
3904144
4082305
4171786
4105413
4008854
4305294
4327026
4082305
4296119
4140920
4136226
4183342
4022106
3998055
4377107
4042652
3935642
4045655
4159109
4102513
4333760
4008871
4349077
4202300
3828928
3947756
3838557
3803100
4053591
4134624
4128719
4053810
4082305
4212582
3930487
4006574
4451940
4326138
4046412
4150123
4129209
4228696
3935642
3902976
4128422
4136063
4269748
4374553
3999896
4058231
4136890
4330082
4054841
3994401
4218860
3841850
4232859
4189499
4337892
4253387
4127948
4156046
3924341
3994401
4297200
3972795
4044872
4192781
4100262
4241834
4086731
3924543
4180614
4128476
4091980
4201603
3994401
4087423
3902976
3988369
4293582
3989982
3947756
4271532
4135485
4425940
4495674
3883600
4228836
4102513
4305048
4029672
4009980
4430194
4464942
4158122
4144489
4128422
4117033
4117033
4162067
3999896
4155278
3967406
4037264
4022106
4126112
4365020
4022106
4042652
4183345
4091920
4194079
4341700
4183868
4279348
4125441
4099819
3999896
4232859
4010510
4057602
4333541
4119448
4011951
3984470
4212076
3949432
4009980
4044096
4221367
4160760
3966529
3930331
4186822
3989982
4200054
4189216
4048111
3937361
4136890
4470313
4236341
4016627
4104592
4068139
4031389
3802469
4008871
4216649
3999039
3773373
4271148
4042652
3896936
4176882
4022106
4054841
3840174
3929433
4174505
4256393
4083025
4191558
4334298
4056798
4163642
3924543
4031144
4107163
4199258
4099795
4219938
4347131
4091940
4020104
4158122
4032354
4347748
4431913
4183655
4437131
4258231
3999039
4145779
3912984
4088700
4191558
4279419
4144666
4086731
4103502
4212530
4027872
4199627
4147965
4200420
3997650
4208109
4133304
3967406
4237311
4171786
4257088
4008049
4107489
4089907
4091980
4107163
4411430
4136226
3966514
4045655
4053810
4158122
4254324
4044872
4031389
3887579
4416905
4206448
4171682
3997650
3990587
4101947
3939037
4188302
4206342
4244931
3967406
4237474
4342408
4008854
4078078
4101947
4404478
3966514
4221367
4008049
4498699
4100262
3840174
4093017
4228836
3986001
4255864
4328527
3986001
4192781
4399490
4223408
4053252
4102513
4190022
4212530
4129145
4020104
4440293
3968784
4127593
3921420
4161375
4144489
4064828
4184999
4064828
4083025
3989982
4442566
4204239
4223649
4008854
4413122
3968968
3984781
4258637
4008854
4253387
4138182
4053173
4031389
4192781
3887579
4107489
4008871
3840174
4184999
4272921
4359875
4449434
4251515
4176882
4008049
4189499
3949739
4136890
4237474
3976226
4363901
4264978
4175701
4247746
4209566
4083933
4190022
4329678
4347942
4104592
4135485
4127942
4141743
3773373
4129209
4322637
4168439
4096579
4083933
3939037
4576891
3803100
3841764
4234852
4087347
4171682
3838557
4008049
4271766
4083025
4183868
4125441
3904144
4101734
4438141
3773373
3990587
3937361
4199072
4206342
4044872
4048111
4044910
4141743
4068139
4214917
4204144
4282767
3954640
4293873
4087423
3968784
3999896
3952398
4068139
4155006
4297271
4101947
3968784
4077829
4128422
4621659
4091920
4118810
3937361
4088700
4256322
4041220
4161375
4505997
4305048
3929044
3949739
4134624
4082305
4151287
4046254
4175701
4008049
4080678
3967406
3840174
4053173
4159109
3935642
4023107
4092657
4140920
3840174
4364389
4064828
3947983
4046254
4318775
4023107
4223649
4254808
4113998
4256791
4167308
4053810
4188542
4189353
4189499
4086731
4216103
3890890
4144489
4093017
4046254
3949432
4086731
3986001
4162067
4082305
4222982
4283504
4296119
4293582
4246716
3828928
4100262
3976226
4100262
4555213
4046412
3949786
4041220
4333541
4326138
4091920
4150123
4254808
3929433
4102513
4211530
4199258
4168439
4145834
4046412
4430191
4092657
4128911
4184999
4091980
3890890
4061113
4099795
4200054
4161573
4037264
4077679
3953942
4223408
4082305
4023107
4322382
4044872
4422540
4107489
4183345
3968968
4044096
4006574
4186549
4117922
3952398
4147965
4237311
4293873
3838557
3904144
4150491
4093017
4237311
4199627
4199627
4118810
4238761
4337314
4087347
4102513
4136063
4239593
4093902
4110656
4502649
3998055
4150491
4031144
4807370
4041220
4037264
4096579
4192781
4027872
4254483
4089907
3887579
4249809
3954640
3838557
4178210
4199258
3938676
3924341
4189499
3926522
4352301
3974040
4224234
4427560
4006574
4110656
4027872
4133304
4129145
4112885
4165199
4263498
4159324
4008049
3947983
4032354
4237433
4363901
4023107
3939037
4138182
4044096
4202105
4275254
4278509
4061113
4086731
4041220
4131961
4201603
4172068
4183342
4081769
4188721
4220474
4077829
3930487
3999039
4064828
4077679
4128719
4138826
3967406
3902832
4158022
4087347
3924341
4046254
3905418
4192960
4176882
4089907
4058231
4365577
4053252
4053173
4352301
3986001
4031389
4256791
3952398
4338041
4112885
4008871
4533304
4031144
4173107
4105606
3838557
4307865
4173107
3966529
4027350
3949786
4104592
3972795
4128476
4011951
4133616
4220474
4085355
4279419
4093017
3917185
4147965
4078078
4366037
4044910
4089907
3928399
4083933
4081769
4015200
4008049
4247577
4133304
4045655
4103502
4112328
4015200
4054841
4110164
3994401
4011951
3937361
4133304
4274512
4378235
3988369
4100262
4091940
3828928
3902976
4535923
3924543
3924341
3802469
4229744
4258637
4110164
3974040
4160760
3990646
4413122
4208109
4183345
4212582
4089907
4095373
3968784
4133282
4126455
3990587
3890890
4254324
3929433
4172068
4008049
3802469
4053252
4037264
4322382
4256393
4332943
4376856
4100262
4129209
4129209
4053887
4029439
4176882
4214917
4186549
4105413
4131961
4045655
3802469
4132227
4068139
4107163
4340972
4306609
4216649
4125542
4048111
4006574
3728490
4258231
4129209
4081769
4110656
4297271
3926522
4199258
4096579
4537699
4077829
4185498
4091886
3989997
4425940
4171682
4057602
4306026
3949739
3928399
4293873
3921420
4101947
4274512
4136226
4027872
4091980
3828928
3949786
4176882
4031144
4246716
4211766
4334440
4144489
4144489
4330564
4029439
3905418
4216649
3835527
3997650
4093902
4111206
4134624
3990646
4188721
4091940
4133304
3928399
4029439
4128911
4061113
4283476
4268984
4029672
4218860
4338619
4008871
4150123
4244931
4045655
3841764
3835527
4129145
4008049
4131961
4359875
4077829
4083025
3886533
4077679
3924341
4202105
4093017
4436135
4332696
4056798
4010510
4112328
4467900
4104592
4308697
4149032
4156046
4204552
4200328
4031144
4168439
4280087
3974502
3999039
4192781
3896936
3838557
4019362
3967406
4247577
4080678
3984781
4337314
4105606
4134624
3953942
4131240
4364364
3924341
4078078
4209566
4424374
3928399
3974502
4192960
4044910
3890890
4077829
4156046
4168439
4128719
3803100
4144396
4425940
4110164
4136063
4091886
3904144
4015200
3886533
3989982
3938676
4128933
4258231
3926520
3912984
3917185
3999039
4264435
4322467
4068139
4044910
3989997
4128911
4089907
4481539
4048111
4312166
3974502
4041220
4092657
4088700
4019362
3896936
4246716
4183655
3896936
4189353
3994401
4167308
4105606
4085355
4246251
4093902
4099795
4056798
4155006
4246716
4008049
4083025
4022106
4188542
4056798
4192960
4147965
4338582
3926522
3938676
3947756
4037264
4218860
4202300
4139957
4186549
3896936
4092657
4119448
4374754
4008854
4129209
3773373
4204239
4110656
3924341
3929433
4083933
4386065
4077679
4145834
4175701
4349077
3972795
4119448
4212076
4085355
4104592
3954640
4249809
3728490
3990646
4053810
3998055
3954640
4037264
4053173
3954640
3967406
3997650
4046412
4092657
4089907
4027872
4159324
3966514
4212076
3988369
3998055
4091940
4199072
3972795
4211530
4046412
4129255
4405844
4271766
4085371
4189355
4008049
4204573
4377982
3928399
4125542
4402850
3952398
3989997
4086731
3939037
3949432
4139957
4138826
3972795
4087423
4011951
3935642
4381293
4316339
3949786
4010510
4158169
4093017
4180614
4041220
4214917
4188721
4391524
3966529
3935642
4117033
4159324
3828928
4275254
4240240
4100262
4174505
4444761
4008049
4238315
4306609
4083933
4080678
3967406
4338422
4027350
4020104
4092657
4229744
4145779
4337944
4042652
4008049
4046254
3994401
4031144
4264435
4009980
4165199
3990646
4158169
4011951
4305294
4313127
4180614
4056798
4089907
4219742
4282767
4186822
3924341
4328448
4436135
4237311
4353447
4570517
4189216
4112885
3802469
3966529
3890890
4200054
4158262
4306026
4178210
3974502
4423183
4045655
3968968
4117922
4008049
4089907
3896936
3926522
3926522
4096579
4077829
3974502
4211530
3989982
4089907
3917185
4008854
4165698
4484585
3994401
4127942
4212076
4085355
4138826
4011951
4263498
3917185
4453358
4008854
4160034
3887579
4278509
4199690
4107489
3949432
4107163
3928399
4158122
3930331
4272972
4462901
4186822
3921420
4016627
4265147
4238315
4294719
4056798
4029439
4144489
4268413
4027350
3967406
4091886
4377982
4061113
4287389
4329271
4046412
4740322
3828928
4326557
4159109
4011951
4200420
4152813
4015200
4110656
4106481
4204552
3953942
3999896
4137829
4158022
3912984
3990587
4236534
4096579
4175701
3984470
4019362
3984781
4010510
4019362
4410762
4165199
4116963
3902976
4190030
3928399
4129145
3935642
4080678
4297530
4044096
4086731
4141743
3905418
3902832
4044872
4235415
4351411
4291206
3947756
4139957
4202300
4011951
4045655
3999896
4158169
4129255
4077679
4129209
3917185
4305048
4117033
4256791
4214917
4127948
4302180
4338041
3835527
3994401
4089907
4351324
4056798
4276187
4107489
4269607
4150123
4237433
4167308
4231771
3952398
4159109
4093017
3988369
4136890
4150123
4044872
4129255
4283476
3949786
4006574
4189355
4110656
4085074
4417475
3939037
4258231
4236369
4201603
4337944
4506734
4291206
4293873
4093902
4276187
4189499
3966529
4171682
4061113
4145779
4133616
4150491
4083025
4258231
3773373
4202692
4127593
3924341
4127593
4141743
3968968
4127948
4578872
4339006
4276241
3803100
4234257
4383957
3949786
4032354
4020104
4061113
4015200
4289704
4343812
4044872
4128933
4347942
4174392
4056798
4223649
4476248
4027872
4015200
4127942
4117033
4331215
4042652
4129145
4351324
4306609
4211766
4027350
4145834
4241834
4293472
4176882
4202105
3990587
4265147
4203970
4341700
4085355
4085371
4308697
4279419
4232859
4200328
4104592
4354182
4216649
4113998
4331357
3988369
4387033
4048111
4199627
4087347
4061113
4023107
4275254
4334298
4091940
4053252
4216516
3928399
4212999
4316849
4348781
4353226
4218860
4101734
3902976
3937361
4212530
4054841
4129145
4111206
4257088
3905418
4228142
4159109
4053887
4159109
4219938
4635523
4093017
4158122
3954640
4214917
3883600
3998055
4155278
4158022
3968784
4144666
3887579
4010510
4091886
4246986
3828928
3929433
4549928
3828928
3930487
3974040
4204239
3974502
4091886
4235415
3998055
4194079
4149032
4053252
3803100
4110164
3912984
4241834
3828928
4020104
4161375
4183868
4352000
4058231
4085355
4171682
4172068
4128719
4199258
4008871
4138182
4008871
4495561
4134624
4053810
3939037
4144489
4160034
4255158
4105413
4276241
4086731
4291203
3930331
3954640
4200420
4008854
4093017
4138826
4351324
4172068
3930331
3928399
4243061
4174505
4176882
3954640
4128476
3828928
4006574
4044872
3974040
4228142
4128911
4141743
4085371
4046254
4159109
4126455
3997650
4280295
4365020
3949432
4111206
3929433
4275254
4085074
4637784
4347748
3896936
4101734
4178210
3917185
4031144
3912984
3966529
4160034
4188302
4053252
3974040
4234257
4138826
4136226
4305294
4156046
4155278
4462901
4008854
4158169
4271766
4087347
4127593
4438951
3974040
4411927
4197247
3935642
4008854
4128933
4044872
4155278
4204552
4100262
4223408
4128476
3984470
4091940
4212582
3840174
4022106
3840174
4099795
4100262
4101734
4029439
4236534
4027350
4305048
4236369
4338619
4041220
4247577
4088700
4201603
4136226
4248874
3921420
4103502
3986001
4011951
3954640
4165698
3902976
4199690
3921420
3966529
3984781
3947983
4188721
3938676
4427123
3773373
4313127
4128719
4176882
4145779
4110656
4161573
3994401
4082305
4053887
4271141
4600978
4186549
4171682
4161375
4225641
4237433
4145779
4128476
4158022
4202446
3828928
3802469
4008854
4229744
4316339
4031144
3972795
4275021
4029439
3939037
4119448
4326557
4087347
4184999
4103502
4291206
4212076
3930487
4128422
4041220
3999039
4044872
4275254
4087347
3990587
4249334
4297530
4096579
4006574
4216103
3949739
4240240
4085371
4438739
4471968
4082305
4085355
4216103
3802469
4027872
3972795
4150650
4272921
4031389
4225357
4086731
4085074
4322467
4332696
4027872
4091920
4232859
3828928
4230040
3904144
4375271
4009980
4394797
4107489
3947983
3890890
3947983
4150123
3935642
4112885
4353226
4046412
4163642
4149032
4171682
3976226
3947756
4103502
3929433
4380192
4417475
4085371
4077679
4161375
4276241
4111206
3802469
3912984
3841764
3930487
4191035
3952398
4277602
4425940
4158022
4131240
4105606
3803100
3912984
4283504
3949432
3929044
4136890
4133282
4216103
4029672
3937361
3924543
4646878
4100262
3939037
4280087
4140920
4085074
4358966
4223649
4068139
4167308
4348181
3773373
3926522
3998055
3887579
4199690
3896936
4015200
4064828
3924341
3921420
4197247
4009980
3967406
4358966
4249334
3952398
4008854
4300287
3841764
3952398
4096579
3967406
4257088
4173107
4230040
4141743
4091886
4254483
4409422
4171682
4171786
3890890
4171682
4118810
3968968
4145834
4129209
4386065
4207353
4386065
4189499
4272891
4167308
4236369
4456499
4099795
4231771
4332542
4107489
4077679
3938676
3947983
3939037
4132227
4635607
4234852
4273171
4177957
4099819
3974502
4323275
4083933
4077829
3896936
4212582
4186822
4291203
4009980
3937361
3904144
4093017
3994401
4186822
4263498
4127942
4101947
4351324
4141743
4306935
4167308
3968784
4152813
4101947
4085074
4184999
4020104
4099795
4145834
4158022
3989997
3887579
3929044
3999039
4128933
4099795
3974040
4160760
3886533
4165698
4359723
4201074
4204573
4008871
4282767
4053252
4125542
3994401
4200420
4088700
3887579
4102513
4019362
4438739
4128911
4126455
4347748
4305294
4110656
4219938
4099795
4101734
4008049
3949739
3976226
4314936
4144396
3926520
4127942
4165008
4244931
4405844
4112328
4027350
3974040
4337314
4364389
4023107
4078078
3974502
4091980
3990587
3883600
4110164
4209986
4282767
4237474
4138826
3802469
4125441
3994401
4102513
4110953
4102513
3953942
3835527
4138182
4085371
3947756
4347513
4200328
3984781
4223649
4085355
3974040
4204552
4023107
4132227
3935642
4105413
4053252
4083025
4249334
3953942
3841764
4105606
4237433
4216103
4110164
4190030
4093902
4224553
3972795
4258863
4011951
4080678
4200420
4010510
3984470
4443544
4085355
3938676
4209566
3984781
4175701
4161573
4306609
4102513
4212530
4234257
4219742
4178210
4107489
4237393
4200420
4272921
4228696
3928399
4238761
4238315
4008871
4077829
4053173
4138182
3840174
3896936
3930487
4167308
3902976
4302180
4029672
4045655
4266889
4105413
4125441
4099795
4320131
4407590
3902832
3998055
3896936
4112885
3773373
4202692
4269607
3802469
3728490
4230040
3972795
4149032
4087423
3840174
4054841
4020104
4110953
4238761
3840174
4139957
4280295
4037264
4330202
4144666
3886533
4176882
3928399
4208109
4158262
3953942
4016627
4302180
4138182
3988369
4116963
4258637
4112885
4152813
4297530
4173107
4275254
4183342
4053887
4011951
4144666
4054841
4139957
4155006
4336722
4081769
3974040
4161375
4133616
4096579
4287806
4046412
4274512
4086731
4365577
4174505
4112328
3912984
4144666
4015200
3924543
4053173
4027872
4140920
4117033
3938676
4125441
3828928
4145834
4199258
4294086
4110953
4093902
4291206
4316505
3904144
4359016
3947983
4202300
4250367
4344651
4388566
4096579
3929433
4273117
4085371
4126455
3930331
4247577
3883600
3947983
4093017
3954640
3773373
4046412
3947756
4056798
4112885
4158122
4150491
4116963
4219938
3924543
4116963
4110164
4048111
4091920
4283657
3838557
4042652
4160760
4112885
4183345
4258231
4248874
4318775
4177957
4008049
3947983
4127942
4156046
3954640
4256720
4145834
3930331
4134624
3998055
4103502
4133304
3947983
4365577
3883600
4225961
4244931
3886533
3924543
3917185
4524305
4201074
4348181
4215511
4103502
4480336
4019362
4092657
4224553
4228142
4606303
4497877
4165008
3896936
3984470
4087347
3890890
4093017
4027872
3986001
4357431
3947756
4037264
4216649
4023107
4160760
4238315
4132227
3886533
4218860
4201603
3984781
4254808
4272891
4056798
4237311
3938676
3966529
4044872
4113998
4232859
4016627
4113622
3926520
4029672
3803100
3947756
4429954
4361620
4461216
4223408
3947756
4201074
4118810
4118810
4046412
4239593
4165698
4183345
4091940
4188542
4206342
4215511
3803100
4283476
4129145
4343812
3928399
3928399
3924341
4152813
3926522
3929044
4254324
4053810
4222982
3902832
4009980
3840174
4140920
4101947
4192781
4131240
4087423
3902976
4088700
4347513
4129209
4212530
4322382
3840174
4258863
4190022
3828928
4102513
4600978
4200328
4224553
4378235
4228485
4168439
4236786
3902976
4492639
4297248
4128476
4006574
3773373
4341946
4175701
4129209
4238315
3990587
3986001
4168439
4368484
4165199
4010510
4158262
4391524
4189216
4077829
3949432
4110953
3953942
3917185
4532404
4316849
4256720
4197247
4102513
3924543
3949739
4237474
4202692
4221367
4150491
3938676
4321375
4127948
3949786
4133616
4101947
4266889
4338619
4083933
4061113
4484585
3917185
3974502
4313127
4189355
4137829
4011951
4188302
4134624
4183655
3974040
4085355
3994401
4241834
3974040
4140920
4158262
4093017
3990587
4085355
4110656
4214917
3938676
4280087
4184999
4190030
4125441
4265147
4159109
3986001
4387052
4159109
4086731
4044872
4555995
4173107
4222982
4009980
3728490
4107489
3728490
4283476
4326557
4241834
3896936
4156046
3968784
4045655
4568373
3905418
4135485
4158022
4010510
4238761
4388566
4212602
3976226
3989982
4283062
4132227
4269748
4083025
4177957
4189353
3976741
4089907
4127942
4152813
4102513
4078078
4089907
4204144
4229744
4091886
4189355
4087423
4128476
4743771
4045655
3949432
3990587
4082305
4118810
4159109
4256393
4006574
4078078
4149032
4322216
4204144
3835527
4253387
4020104
3917185
4235415
4167308
4131240
4174505
3967406
3990587
4420050
4105413
3912984
4077679
4340427
4211766
3924341
4126112
4053591
4132227
3840174
4127942
4117922
4061113
3890890
4056798
3999039
4275021
4323275
3974502
4176882
3773373
4293582
4044096
4230040
4083025
4253387
4222982
4237393
3886533
4273117
4053887
4128422
3986001
3921420
4088700
4128719
4183342
3974502
4212076
3984470
4118810
4313127
4044910
4173107
4087423
4106481
3930487
4347203
3999039
4112885
3887579
3896936
4125441
4131961
4172068
4091940
4160760
4433630
4127948
4291206
4204239
4629696
4044910
4362371
4191558
3728490
4082305
4408536
4083025
4351441
4019362
4082305
3967406
4117033
4126455
3994401
4006574
4215511
4053252
4031144
4116963
3924341
4589267
4008854
4159109
4220066
3967406
3841764
4225961
4183345
3990587
4307712
3926522
3972795
4236369
4088700
3840174
3929433
4031389
4011951
4046254
3929433
4046412
3904144
4188542
3838557
4136890
4068139
3984470
4331357
3937361
4188302
4145834
4015200
4057602
4266527
4466464
3926520
4105606
4224234
4316505
4151287
4305294
4046412
3902976
4129255
3986001
4037264
4128476
3976741
4087423
4096579
4171682
4222982
4126112
4149032
4101734
4208109
3904144
4256720
4144666
4082305
3841850
4322467
4099819
4354146
4249809
3949432
4106481
4304473
4171786
4217945
4061113
4212999
4223649
4133616
4287389
4306935
4351411
4022106
4408536
4089907
4023107
4105413
4160760
4273117
3994401
4283657
3828928
4377982
4202446
4158169
4174505
4129255
4158022
3939037
3984470
4326138
4058231
4246986
3905418
4127948
4163642
4117922
4209986
4147965
4200054
4204144
4374553
4389148
4206342
3929433
4144396
4136063
4032354
3905418
3972795
4201074
4112328
4271532
3921420
4118810
3968968
3835527
3984781
3896936
4332936
3976226
4176882
4101947
4020104
4091940
4217945
4027872
4077679
4144489
4229744
4064828
4141743
4156046
3999039
4008854
4222982
4201074
3984470
3990587
4128422
4134624
4381293
4093017
4131240
4056798
4140920
3905418
4392259
3802469
4397613
3998055
4306935
4174505
3989982
4271141
4058231
3924543
4197247
4089907
4282767
4027350
4189355
4046412
3773373
4057602
4332696
4202446
3928399
4206342
4380158
4160034
3984470
4029439
3841764
3994401
4171786
4102513
4044910
4095373
4280295
3883600
4053173
4299029
3976226
4293582
3838557
4128476
4189353
4126112
4175701
3968784
4258637
4446783
4212530
4183655
3937361
4172068
3883600
4091940
3997650
4204552
4137829
4089907
3949786
3974502
4022106
4337944
4125441
4105413
4131961
4102513
3976226
4085371
4042652
4101947
4202300
4276187
3883600
4128422
4302550
4032354
4127942
4416905
3886533
4374678
4476168
4029439
4083933
4082305
3926520
4061113
4044910
4077829
3926520
4102513
4356924
4118810
4044096
4107489
4383998
4136890
4110953
4077829
4380365
4304473
4053173
4328527
4463685
4129145
4091920
4177957
3949739
4389148
4584508
4015200
4101734
3773373
4201603
4140920
4392259
4058231
3841850
4498193
4128422
4099795
4212999
4077829
4031144
3989982
4178210
4228485
4318775
4064828
4199690
4293873
3896936
4132227
4085074
4091980
4212530
4091980
4171682
3929044
4112885
4247577
3966529
4275021
4093902
4128422
3929433
4032354
3967406
4022106
4083933
3937361
4009980
4048111
4347748
4334298
4138826
4293472
4042652
4044910
3990646
4136890
4006574
4112328
4201603
4405844
4083933
4599795
4134624
3967406
3997650
4236786
4296119
4165698
3949786
4272972
4141743
3828928
3972795
4256322
4165008
4629696
4191558
4099795
3974502
4101947
4022106
4493454
4132227
4068139
4089907
4323275
4119448
3926520
3976226
4117922
3802469
3924543
4295796
3929433
4404478
3938676
4423183
3902976
4023107
4088700
4085355
3968784
4160034
4178210
4424374
4202446
4105413
4437131
4188302
3928399
4008871
4111206
4006574
4141743
4216649
4085371
4103502
4044096
4054841
4144396
4359875
4029439
4458665
4127942
4029672
4304473
3803100
3905418
4089907
4056798
4147965
4374678
4091886
4171682
3953942
4380605
4268984
3728490
4087423
4150650
4283940
4053252
4118810
4451940
4083025
3835527
4099819
4053173
3841850
3967406
4172068
4015200
4133616
4042652
3938676
4282767
4045655
3841850
4027350
3924341
4044872
4044096
4204552
4112885
4102513
4008871
4206342
4236369
4031144
4186822
4452137
4091940
4027872
3986001
4110656
4127942
4465013
4044096
4271148
4006574
4183655
4183342
3838557
4150123
3924341
4149032
3947756
4204144
4138182
3937361
3966514
4042652
4424374
4221367
3902832
4132227
3924543
3773373
4167308
3924543
4042652
3968784
4080678
3989982
4158169
4006574
3902832
3929044
4083933
4322216
3949739
4099795
4271532
4022106
4305048
4131961
3886533
3929433
4032354
4136890
3926520
3802469
4027872
3949786
4524292
3803100
4237433
4223649
3967406
4107163
4174392
4031389
3841850
3990646
3883600
3803100
3902832
4297248
4396667
3902832
3994401
4243061
4128422
4200328
4093017
4239593
4101734
4020104
3841764
4128422
4159109
4078078
3802469
4129255
4006574
4008854
4150650
3728490
4023107
4110953
4322467
4292206
4200328
4218860
4393670
4093017
4080678
4099795
4132227
4171786
3896936
3974040
3976741
4016627
3990646
3947983
4080678
3937361
4294615
4321375
4147965
4176882
4254483
4383031
3947756
4133616
4273117
3935642
4545274
3828928
3966514
4138182
4031144
4199258
4085074
4200420
4530704
4200420
4081769
3841764
4100262
3928399
4275021
4027350
4333541
4102513
4104592
4015200
4201074
3990587
4020104
4020104
3890890
3841764
4081769
4136226
4135485
4137829
3929044
4101734
4351411
4160760
3989982
3939037
4091940
3728490
4246716
4165008
4183655
4287806
4212530
4128719
4203970
4029439
4199690
4155278
4057602
4171786
4238315
3917185
3988369
4091920
3905418
3937361
4253387
4138182
3890890
4057602
4107163
3974502
4031389
4107163
4032354
4236369
4188542
4273171
3968784
3926522
4095373
4056798
4093902
4136063
4266527
4053173
4102513
4212999
4046254
3924543
4145834
4165199
4008049
4105413
4023107
4302550
4037264
4053173
4461216
4087347
3937361
4086731
4086731
4085074
4162067
4186549
3986001
3989997
4178210
4272972
4206342
4048111
4117922
4136063
4117033
3902976
3828928
4135485
4100262
4223649
4272972
3984781
4048111
3886533
3986001
3930331
3935642
3886533
4189216
4200420
4042652
3947756
4204573
3954640
3986001
4508948
4155006
4132227
4194079
4278509
4202105
3974040
3988369
4006574
4113998
4199072
4152813
4236786
4068139
4008854
4308697
4463685
4159109
4269607
4362371
4128476
4158122
4171682
3928399
4183655
4149032
4016627
3972795
4010510
4105606
3924341
4057602
4128719
4223649
4145779
3926522
4283476
3967406
3990646
3890890
4345969
4165008
4283940
4077679
4117033
4077679
4044096
4102513
4184999
4297248
3952398
4414573
3972795
4212076
4111206
4045655
4053810
4045655
4150123
4186549
4440293
4160760
4141743
4095373
4080678
4258637
4663201
4267279
4329678
4048111
4212602
4092657
4044910
4155278
4078078
4191558
4150491
3949739
4105606
4199258
4008049
3954640
4407757
4175701
3828928
4119448
4085074
4008871
3989982
4199627
4278509
4250367
4029672
4029439
4054841
3912984
3841764
4008049
4191035
4110656
4497877
4278509
3935642
4061113
4046412
4256393
4237433
4116963
4235415
4562161
4189216
4201603
4027872
4223408
4085074
3828928
4126455
4249334
4158122
4316849
4185498
4234257
4268413
4173107
3902976
4322382
4136226
4064828
4078078
4743020
3803100
4177957
4202300
4118810
4165199
4197247
4128476
4128476
4104592
4029672
3989982
4175701
4116963
3988369
4008854
3990587
4281233
4174392
4204552
4178210
4212602
3924341
4125441
4105606
4283940
4432061
4129255
3926520
4300287
4095373
3905418
3912984
4134624
4135485
4214917
4704617
4250367
3976226
4128719
4077829
4113998
4538177
4212530
4347748
4031144
4045655
4020104
4171786
4266527
4132227
3984470
4116963
4463968
4041220
4082305
4344041
3984781
3905418
4046254
4235415
4197247
4101734
4008871
4316339
3949739
4044872
4302550
4136063
3976741
4008871
4092657
3949786
4031389
3990587
4175701
3994401
4200328
4246986
4252474
4190030
4077829
4151287
4105413
4356782
3926522
4085371
4239593
3976741
4328527
3935642
3902832
4180614
3929433
4159324
3841850
4126455
4101734
4197247
4163642
4117033
4228485
4276187
4107163
3912984
4305637
3728490
4183345
3968968
4128933
4078078
4128933
3937361
4338619
3972795
4206342
4241985
4008049
4133304
3841764
4175701
3828928
4224553
4351411
4241834
4053887
4189355
3967406
4132227
4134624
4357431
4190022
4058231
4128422
4186822
4031144
4128933
3938676
4347131
3930331
4224234
4006574
4008854
4236369
3966529
4089907
4053591
3841764
4283504
4231771
4085371
4133616
4224553
4266889
4053252
4165008
4175701
4158122
3937361
4087423
3838557
4020104
4131240
3828928
4158122
4435835
3990646
3905418
4136226
4336722
4149032
4101947
4216516
3949786
4032354
4082305
4136226
4131961
4238315
4212381
4481655
4083933
3953942
4126455
4150650
3949432
3949432
3997650
4031144
4068139
4345969
4068139
3828928
4250367
4081769
4010510
3989982
4092657
4326557
4009980
3841764
4258863
4348181
3954640
4087347
4283891
4275021
4106481
4046412
4269607
4237311
4236534
4044910
4008854
3902832
3912984
3990646
4099819
4163642
4119448
3930487
3929433
4199627
4216516
3929433
4163642
4019362
4256322
4174505
4107489
3976741
4209986
4224234
4389232
4006574
4263498
3968784
4136063
3905418
4056798
3997650
4394934
4172068
4102513
4144666
4126455
3929044
3905418
4237311
4209986
4128933
3838557
3976741
4204239
4159109
4125542
4209566
4188721
4135485
4087423
4087423
4104592
4199072
3917185
4136063
4078078
4305048
3984781
4077829
4083933
4288754
4149032
4323275
4144396
4107489
4253387
4128933
4085371
4037264
4118810
3949739
4091886
4117033
4252474
4316505
4105413
4374441
4220066
4053591
4105606
3998055
4041220
4107163
4149032
3974502
4128719
4215511
4314936
4110164
3949786
3929044
4461216
4008049
4155006
4027872
4235415
4314936
3974040
4029672
4095373
3986001
3947756
4044872
4058231
4137829
4200328
4236786
3968968
4244931
4044872
4031144
4128911
4053887
4031389
3926520
4165008
4224553
3912984
4125542
4204144
4031144
4225961
4329143
4449434
4053591
4306609
4186822
3926520
4348181
3968968
4138182
4208109
4127942
4077829
4031389
3887579
4119448
4077829
4199627
4222982
4078078
4081769
4061113
3994401
4099819
4023107
4430853
4329143
4129255
4354146
4354182
4091920
4086731
4010510
4268413
4085371
4332943
4165698
3974502
4125542
3924543
3947983
4204552
4044096
3989982
4273171
3954640
4162067
4015200
4161573
4186549
4236786
4228836
4126112
4037264
3902976
4027350
4167308
4061113
4128476
3924341
4083025
4336398
3949432
4204239
4102513
4107489
4174505
4183655
4053887
4185498
3883600
4212076
3902832
3883600
4128422
4053887
3939037
4237982
4009980
4106481
4053252
4232859
4125441
4204573
4463685
4078078
4081769
4093902
4225961
4011951
4158169
4110953
4117033
4167308
4326138
4212530
3968784
4204552
4268413
3924543
4023107
4268413
4107489
3896936
4441667
4305108
3802469
4091886
3937361
3949739
4101734
4200420
4212582
3840174
4155006
4246716
3917185
4140920
4091980
4144666
4110656
4008871
4252474
3728490
4111206
4200328
4289704
4158022
3949786
3886533
3966514
4136063
3840174
4068139
4161573
3928399
4162067
3902832
4351441
4212999
4053173
4251515
4199627
4008854
3924341
4053887
4056798
4200328
3972795
4077679
4141743
4150491
4200054
4316849
4053810
4061113
3883600
4186549
3976741
3841850
4020104
4147965
4140920
4272891
3935642
4139957
4174392
4010510
4167308
4081769
4091920
4204552
4112885
4338422
4230040
4216649
4113622
3999039
4221367
4116963
4029439
4053173
4244931
4167308
4087423
4216649
4158169
4158022
4453358
3728490
4117922
4100262
4283062
4105606
4145834
4008049
3939037
3835527
4189499
4200420
4329143
3949786
4280295
3968968
4104592
4249809
4044910
4183655
3803100
4630539
4085355
4058231
4200328
4128476
4103502
3972795
4326557
4186549
4266527
4246986
4139957
4045655
4219938
4145779
4053887
3887579
4211766
4064828
4190022
4463685
4221367
4338422
3949432
4136226
4053810
3930487
4613382
3972795
4091940
4145779
4180614
4037264
4174392
4022106
4199258
3972795
4057602
4476248
3921420
3924543
4126455
4382678
4161573
4258863
4110656
3902976
3966529
4096579
3886533
4200420
4019362
4053252
4247577
4064828
3949432
3976226
4230040
4156046
4158122
4199258
4131961
4334440
3728490
4340972
4023107
4053810
3890890
4006574
4200420
4151287
4186549
4077679
4131240
4160760
3886533
4177957
4023107
3998055
4053252
4031389
4216516
4204552
4162067
4117033
4161573
4118810
4785812
4116963
4158262
3773373
3990646
4161375
4022106
3953942
3949786
4158169
4128719
4256720
3841850
3912984
4192781
4366037
4046254
3966514
4200420
4272921
3989997
3886533
3937361
4155006
4189355
4144489
4183345
4223649
4112885
3954640
3887579
4204144
4131240
4136226
4322382
4330202
4256322
3886533
4054841
4088700
4009980
3886533
4244931
4292206
4295796
4107163
4155278
3912984
4564172
3929044
3988369
3904144
4243061
4237474
3986001
4469625
4125542
3937361
3984781
4037264
3929433
4133304
4421295
4131961
3841764
3912984
4010510
3924543
4328555
3966529
4031389
3902976
4116963
4237982
4364364
3966514
4159324
3929044
4133282
4099819
4467051
4253387
4190030
4279348
4093017
4236534
4087423
3968784
3803100
3974040
4235415
4334440
4189499
3912984
4019362
4132227
4053591
3924341
3988369
4103502
4306901
4359875
4136226
4351441
4215511
3998055
4041220
4199627
4287806
3997650
4330082
3886533
4150650
4103502
4149032
3917185
4174392
4265147
3990587
4136226
4247746
3828928
3984781
3930331
3840174
4144396
4255158
4230040
4190022
4191558
4183345
4113998
3930331
3930487
4246986
3953942
4082305
4044872
3974502
4349596
4048111
3929433
4156046
4117033
4116963
3841850
3949786
4057602
4127942
4273171
4409399
3989982
4053591
3896936
4241834
4314936
4085355
4068139
3840174
4016627
4131240
3921420
4161573
4126112
4212381
4128476
4199690
4236534
4165008
3990587
4454528
4112885
4287389
4249809
4172068
3773373
4104592
4136226
3886533
4447097
3968784
4180614
3966529
4708051
4375271
4404478
4132227
4096579
4085371
4138826
4133616
3968784
4393670
3949786
4279348
3938676
4330420
4137829
4015200
3947983
4091886
4258637
4247577
4082305
4272891
3886533
4297271
4200328
4091920
3828928
3972795
4225961
3840174
3947983
4570517
3974040
3990587
4287389
4293873
4234852
3883600
4149032
4288754
3938676
4376930
3990646
4037264
4202105
4220066
4091980
3802469
4281233
3997650
4117922
4209986
4344651
4288754
4151287
4126112
4171786
4089907
3905418
4308697
3840174
4411927
4250367
3928399
4151287
4239593
4338582
4304473
4105413
4128719
3935642
3966514
4212582
4037264
3949739
4100262
4045655
3924341
4241985
3928399
4126112
4278509
4138826
4493999
3828928
3952398
4406415
4022106
4435507
4133282
4105413
4228485
3924543
4044872
4155006
4190022
3947983
3886533
3999896
4101947
3952398
3926520
4249809
3930487
3984781
4219742
4140920
3773373
3896936
4275254
4237982
3937361
4216516
4147965
4149032
4041220
4215511
3803100
4136063
3937361
3773373
4300287
3949739
4306901
4275254
4156046
4128719
3924341
3926522
4053887
4010510
4216516
3966529
3997650
3912984
3835527
4027350
4159324
3972795
4202105
3947756
4056798
4544620
3902832
3989997
4224553
3988369
4110656
4044096
4113998
4160760
4354146
3904144
4091886
4435507
4027872
4133616
4077829
3917185
4023107
4155278
3912984
3976741
3989997
4008854
3928399
3998055
3998055
4081769
4085355
4119448
4042652
3972795
4224553
3986001
4349596
4110953
4019362
4088700
4202692
3928399
4172068
3935642
4096579
4053591
4212999
4019362
4212381
3997650
4306026
4089907
3953942
3974502
4256322
4041220
4337944
4117033
4321375
3924341
4212381
4282767
4106481
4022106
4023107
4237311
4171682
4292206
4023107
3838557
4009980
4271532
3902976
4158169
4136063
4061113
4133282
4058231
4140920
4056798
4221367
4105413
4330420
3926520
4064828
4271766
4125542
3952398
3838557
3912984
4053810
4011951
3990587
4229744
4272921
4136226
4228696
4199627
3937361
4100262
4110953
4216649
4106481
4032354
4189355
4125542
4150650
4125441
4330564
4202300
3917185
4183655
4016627
4246251
3929433
4104592
4222982
4186822
4093902
4238761
4137829
4180614
4031389
4264435
4083933
4102513
3984470
4058231
4091920
4042652
4253387
3904144
4027350
4286318
4361620
4283476
4206448
4105606
4191558
3968784
4027872
4145834
4244931
4178210
3886533
3930331
3935642
4011951
4258231
4206342
3905418
4054841
4144489
4172068
4472837
4100262
4387052
4321375
4542002
4133282
3999896
4086731
4364389
3974040
4155278
4127593
4495674
4032354
3928399
4374441
4119448
4172068
3902976
4152813
3999896
4175701
3902832
4228485
4147965
3999039
4268413
4006574
4338582
4133282
4133282
4101734
4110164
4129255
4271532
3902832
3773373
3999039
4015200
3840174
3949432
4189216
3803100
4053887
4256791
4347203
4105606
4015200
4158169
4347203
3984470
3921420
4099795
4225357
3976226
4093902
3883600
4251515
4183868
4200420
4117033
4288754
4127942
4029672
4159324
3921420
3997650
3999039
3828928
4088700
3998055
4129209
3997650
4225961
4031389
3989982
4313127
4168439
4008871
4160034
4177957
4125441
3803100
4150650
4126112
4110164
4053887
4136890
4048111
4236534
4128933
4184999
3999896
3928399
4161375
4129255
4113998
4165008
4437131
4083933
3902832
3976226
4104592
4027350
4041220
3841850
3976226
4335102
4133304
4162067
4129255
3949739
4236786
4053810
4374754
3949739
4006574
4191035
3976741
3974040
4037264
3802469
4152813
4032354
4230040
4283657
4220474
4006574
4368732
4137829
3926522
4032354
4158169
4011951
3938676
4107489
4236534
4128911
3968784
3921420
4241834
4194079
4092657
4110164
3929044
4011951
4234257
4031144
4117922
4112328
4192781
4228142
3917185
4125441
4129145
4027872
4133616
4246716
3976226
4078078
3841764
4101734
4008854
4327329
3887579
3912984
4009980
4150491
4111206
4133282
4183655
4174505
4147965
4145834
4099795
4045655
4269607
3986001
4128476
4161375
4183655
3835527
4008871
4085074
4249809
4374838
4287389
4145779
3838557
3967406
4256393
4149032
3887579
3902832
3886533
4046254
4046412
3929433
4009980
4171682
4204552
4165008
4212530
3930487
4042652
4305108
4111206
4194079
3990587
4053173
4287389
4096579
3835527
4199690
4160760
4137829
4083933
4111206
4053887
4016627
3994401
3905418
4006574
4305108
3999039
4380365
4236341
4356923
4100262
4037264
4125542
4297530
4041220
4080678
4237311
4249334
4119448
4423183
4150491
4129209
4273171
4127942
4128719
4337314
3924341
4413451
4212381
3935642
4053173
4042652
4463685
4231771
4042652
4271148
4061113
3926520
3890890
4291203
3988369
4008854
3972795
4190022
4328527
4459744
3976226
3902976
4085074
4128476
4107489
4048111
4091940
4068139
4032354
4190022
3949432
4132227
4107489
3949786
4078078
4111206
4029439
3989997
4225961
4093902
4044910
4105606
3947756
4305637
4135485
3841764
4334298
3968968
3954640
4092657
4008049
4099819
4045655
4203970
4283062
4283657
3904144
3972795
4016627
4150650
4175701
3902976
4176882
3902832
3887579
3773373
3947756
4129145
3947756
4191035
4077829
4332943
3947983
4202446
4155278
4058231
4091940
4432983
4131240
4368484
4008049
3902976
3926522
4204239
4057602
4046412
4206448
4091940
4427123
4246716
4093902
3990587
4190030
3935642
4110953
3926522
4273171
3974040
3968784
4186549
4237393
4159324
3947756
4087423
4190030
4199072
4229744
4006574
4068139
3929433
4296119
4144666
4006574
4027350
3939037
3841850
4347748
4016627
3939037
4192960
3902976
3841850
4159109
4136063
3968968
3952398
4474805
4272972
3949432
4083933
4112885
4264435
3935642
4275021
4053252
3967406
4015200
4054841
4029439
3904144
3966514
3802469
3947756
4118810
3928399
4220474
4046254
4006574
4046412
4334298
4100262
4006574
3926522
4112328
4280087
4264435
4131240
3990646
4171786
4020104
4235415
4091940
3990587
4117922
4263498
4155278
3953942
4162067
3967406
4042652
4135485
3928399
4199072
3974502
3921420
4134624
4086731
4392908
4134624
3935642
4188721
3976741
4093017
3773373
4163642
3802469
4145779
3838557
4229744
4082305
3904144
4053173
3930487
3924543
3984470
4093017
4127942
4186549
4044096
4291206
4490842
4107489
4158122
4200420
3930487
4041220
4287806
4089907
4131961
3999039
3937361
4032354
4236369
3947756
4129145
4132227
4129209
4344041
4585554
4027350
4061113
4186822
4110164
3986001
4199258
4110953
4044096
3974502
4110164
3924341
3937361
3912984
3954640
4389232
4105606
4204144
3990587
4044910
4128911
4099795
4027872
4137829
4010510
3984470
4208109
3990646
4161375
4085355
4189499
4254808
4160760
4368732
4010510
3967406
3968784
4328555
4020104
4175701
4137829
3926522
4006574
4183342
4009980
4244931
4197247
4162067
4294086
4375271
4286318
4118810
4228836
4215511
3883600
4247746
3988369
4204573
4171682
3838557
4214917
4204573
4100262
4149032
4274512
4096579
4128422
4077829
4321375
3886533
4086731
3997650
3947983
3841764
3929433
4212999
4318775
4579248
4527697
4363901
4128476
4344651
3929433
4216516
3938676
4144489
4421295
4347203
3999039
4068139
4219938
4131240
4171682
3967406
4212999
3984470
4328527
4087347
4150650
4247746
3835527
4158122
4452982
3802469
3904144
4037264
4091920
4045655
4037264
4006574
4091940
4127942
3967406
3904144
4128933
4009980
4095373
4300287
4207353
4104592
3972795
4175701
3937361
4110953
3953942
4140920
4237982
4256720
4133616
4085355
4316505
3953942
3999039
4093017
4407757
4545274
4126455
4265147
3966514
4078078
4053887
4258637
4027872
3935642
4083933
4321375
4328527
4340427
4091980
3986001
3935642
3974502
4330202
4209986
4126455
4489613
4206342
4291203
4361620
4158262
4085074
3976226
4212602
4230040
4093902
4048111
3953942
4306901
4131240
3773373
3990646
4093902
4031144
4032354
3902976
4331357
3990587
4407590
4113998
4362371
3976741
4128911
3841764
4126455
3929044
4271148
4103502
4031144
3886533
3917185
4077679
4077679
4010510
4189355
4394934
3988369
3986001
3904144
4092657
4107489
3841764
3841850
4191558
4454528
4176882
3997650
3938676
4219938
4100262
3949739
4167308
4203970
4155278
3967406
4189499
4135485
3926520
3883600
4188721
4107489
4128911
4338422
4463685
3890890
4042652
3929433
4394934
4110164
4185498
4490842
4048111
3917185
4289704
4029672
4150123
3803100
4116963
4141743
4263498
4091940
4189355
3902832
3902832
4158169
4199072
4048111
3803100
3838557
4064828
4199627
4041220
4178210
4316849
4197247
3917185
3886533
4008049
4136063
4173107
4008049
4206448
4129255
4110656
3999039
4228485
4019362
3999039
4328555
4158122
4174505
4019362
4126112
4117922
3968968
4321375
4380605
4183342
4231771
4160760
4257088
3974502
4293582
4188721
4297271
4241985
3968784
4019362
3803100
4102513
4273171
4128719
4029672
3994401
4046254
4093902
4291203
4199690
4095373
3841850
4006574
4368732
3966514
3896936
4107163
4087423
4256791
4083933
4104592
3896936
4161375
4366037
3989997
4054841
4257088
4119448
4092657
3990587
3929433
4474058
4085355
4091920
4358966
4224553
4020104
4199627
4064828
4113622
3986001
4127942
4064828
3953942
4185498
4091920
3890890
4045655
4513200
4268413
4236341
3968968
4329271
4322637
3949739
4279348
4077679
4237393
4103502
3976741
4335102
3917185
3728490
4101734
3929044
4280295
4053887
4188302
4150650
4006574
4283940
4037264
3828928
4128476
4081769
3887579
4147965
4092657
3968968
3802469
4336722
4086731
3937361
3989997
4236341
3966529
4357431
4199258
4336722
3953942
4204573
4256393
4191035
4219742
3938676
4125441
3998055
3974040
4269748
4225961
4409422
4129145
4244931
4125441
4160034
3921420
3994401
3928399
4037264
3986001
3986001
4300287
3896936
4206448
4232859
3841850
4126455
4295796
3984781
4136890
3984781
4308697
4126455
4085371
4158169
4096579
4042652
3939037
3994401
3926520
4429954
4112328
3999039
3912984
4549640
4125441
3949786
4144666
4044872
4152813
4264435
4027872
4019362
3930487
4112328
3990587
3803100
4133304
3926520
4054841
4380158
4077829
4104592
4254324
3967406
4112328
3929044
4204573
4129255
3968784
3883600
4103502
4159324
3883600
3902832
4684973
4191558
4201603
4102513
4171682
3924543
3968968
4053887
4200420
3968784
4256720
4202446
4248874
4150123
4348181
4199072
4650628
4271766
4134624
3924341
3953942
4110656
4126112
3883600
4217945
4254483
4158122
4056798
4204552
4206342
4091940
4320131
3937361
4362371
3968784
4269607
3990587
4106481
4127593
4077829
4173107
4057602
3953942
3728490
4197247
4194079
4220066
3921420
4138826
3947983
3938676
4126112
4150123
3887579
3989997
4294719
4145834
4112885
4119448
4279348
3949432
3968784
3930487
4110953
4255052
3976226
3974040
4180614
4037264
4251515
4336722
4330420
3929433
3999896
4329271
3802469
4322216
4297271
3988369
4223649
4136063
4145834
3728490
4101947
4077679
3841850
3926522
4306901
4057602
4177957
3926520
4045655
4056798
4128933
4183655
3930331
4020104
4031389
4247577
4054841
4264978
3841764
3902976
4150650
4206342
4247577
4273171
3917185
4083933
4016627
3924543
3937361
4194079
4201074
4192781
3828928
4436135
4215511
3835527
4200054
4008871
4178210
3976226
4100262
4329678
3930487
4441163
3989982
4155278
4203970
4053173
3924543
4380176
4010510
4135485
4189353
4107489
4283476
3989997
3773373
4127942
4096579
4053810
4129209
4041220
3926522
4085074
4232859
4316849
3924341
4173107
3902832
3968968
3972795
4192781
3928399
4101947
4279419
3949739
4068139
3966529
4044872
4272921
4351441
4139957
3998055
4129255
3929044
4140920
4144666
3952398
4095373
4204144
3952398
4145834
4246251
4155006
4204573
4027350
3890890
4139957
4129255
4081769
3967406
4111206
4334067
4140920
4201074
4077829
3930487
4381293
4053173
4111206
4237474
4225357
4053173
3896936
3828928
4053887
4127593
4138182
4008049
3840174
4088700
3949739
4465013
4328555
4136063
4204144
4180614
3902976
4280087
4159324
3928399
4173107
4080678
4136890
4202692
4321375
4306609
4077829
4155006
4167308
4110953
3988369
3841764
4177957
3972795
4042652
4093017
4008049
4377107
4255864
3917185
4246716
4131240
4145779
4119448
3984470
4297271
3976226
4080678
4078078
4212381
3902832
3989982
4150491
3939037
4294615
4202446
4127942
4202300
3883600
3998055
4160034
3999896
4216649
4168439
3968784
4015200
4015200
4061113
3926522
4237474
4147965
4068139
4271532
4280087
4064828
4338582
4053591
4119448
4016627
4297530
4158022
4136063
4220066
4283504
4331215
4216103
3937361
4008871
4238761
4202300
3999896
4126112
4113998
4103502
3728490
4183345
4078078
4029672
3998055
3896936
4165008
4204573
4083933
4185498
4314936
3935642
4093017
4297248
4323275
3947983
4141743
4172068
4254483
4092657
4133304
4044872
3929044
4096579
4189353
4163642
4190030
4008854
4530704
4160034
4056798
4183655
3924543
4053810
4278509
4136063
4031389
4503338
4105606
3938676
4183342
4141743
4420050
4327026
3990646
4041220
4085371
3890890
4085355
4279419
3838557
4085074
3886533
3954640
3949432
3828928
3952398
3968784
4352301
4083025
4008049
3883600
3989982
3929433
3972795
3952398
4283940
3939037
3840174
4103502
3976226
3728490
3967406
4204552
3937361
3890890
4435835
4008871
4152813
3968784
4009980
4241985
4216516
4200420
4283476
4161573
4228142
4089907
4584508
4348781
4019362
4237474
3937361
4147965
3886533
4293582
4126455
4256720
4247746
4171682
4180614
3838557
4280295
4159109
4256393
4046254
3937361
3930331
3887579
4228836
4016627
4283940
4271148
4016627
3828928
4280295
4125542
4112885
3989982
4338422
4237474
4430853
3939037
4177957
3998055
4137829
3938676
4011951
4188302
4294086
4095373
4032354
4099819
4101734
4107163
4104592
4158122
4128933
3939037
3990646
4068139
3902832
3887579
4037264
3994401
3947983
4188542
3994401
3905418
4156046
3988369
3984470
4236786
4022106
4127942
3929044
4214917
4249334
3952398
3949739
4056798
3926520
4243061
4045655
3972795
4189355
4099795
4330082
3990587
4116963
4443544
4091886
4353226
3949786
3989997
3929433
3912984
4112885
4037264
4027872
4322637
4239593
3937361
3997650
4027872
4312166
4085371
4474875
4356923
3912984
3896936
4029672
4087347
4118810
3924341
4144396
3989997
4027872
4206448
3990646
4126112
4128911
4077679
4225357
3953942
3953942
3966529
4096579
4085371
3952398
4299029
3890890
4249809
4277602
4185498
4133282
4225357
4137829
4006574
3835527
4053591
4237311
4382678
4085371
4257088
4053173
4054841
3949786
4029439
4162067
3990587
3929044
4099819
3949786
4206448
4305108
4085371
4192781
3999039
4053252
3835527
4330202
4228142
3990587
4342623
4200328
4320131
4010510
4102513
4037264
4308697
4023107
4287389
3949739
3896936
4194079
4091886
4091886
3974040
3989997
4083025
4253387
4462721
3972795
4271532
4112328
4091886
4204573
4112885
3828928
4186549
3917185
4441667
4085355
3883600
3930487
4348181
4377982
4087423
4053887
3988369
3728490
4180614
4237474
4275254
4008049
4340972
4111206
4188542
3926520
4061113
4083025
3968968
3803100
4326557
4137829
4136063
4188542
4201603
4008049
4374754
3966514
4031144
3902832
3904144
4276187
4332943
4150123
4275254
4167308
4023107
4083025
4031144
4056798
4102513
3935642
3926520
4099819
4313127
3947756
3840174
4275021
4023107
4133304
4138182
4053591
4176882
4127948
4582516
4418325
4224234
4206342
4016627
4326557
3997650
4008854
3967406
4152813
3984470
4093017
4156046
3773373
3953942
4068139
4064828
4140920
4112328
4110164
4275021
4053173
4308697
3974040
4409422
3949786
3998055
3967406
4237982
4032354
3966514
3939037
4107489
4096579
4163642
4129209
3994401
4252474
3803100
3994401
4100262
4091886
4053810
4188721
4111206
3966514
4272891
4058231
4204239
4045655
3947756
4266527
4091980
4463685
4296119
4189353
4091920
4183868
4053887
4008049
4271148
4241985
3949786
3949786
4220474
4232859
4218860
4423183
3947756
4330420
4150650
4158169
4037264
4131240
4117922
4031144
4078078
3966514
4175701
3990646
4186822
4093017
3937361
3902976
4192781
3949786
4091980
4008871
4389232
4158169
4353447
4293873
4027872
4222982
4112885
4247746
3838557
4129145
4129255
4271532
3953942
4022106
4093017
3938676
3929044
4110164
4283940
3989997
4140920
4080678
4199690
3840174
4225961
4056798
4339006
4234257
4015200
3841764
3947983
4022106
4440293
4093017
4008854
4216649
3994401
4158122
3924543
3924341
3728490
3966514
3947983
4093017
4099819
4083933
3896936
3929433
3926520
4082305
4057602
4197247
4151287
4188302
4125441
3924341
4053810
4212602
4041220
4106481
4029672
4008049
4029439
3728490
4119448
4373509
4118810
4295796
4183655
3949786
4188542
4293472
4104592
4225641
4431913
4185498
4199690
3949786
3998055
4152813
4223649
3904144
4237982
3886533
4110164
3990646
3838557
4022106
4011951
4199258
4237982
4302550
4267279
3924341
4374754
4306901
4145779
4110953
3966529
4158169
4178210
4228836
4061113
4307712
4320131
4145834
4102513
3967406
4129209
3968784
4207353
3976741
4107489
3883600
3838557
4046412
4110164
4117922
3947983
3974502
4192781
4112328
4029439
4256720
4080678
4411430
4144666
4224553
4331215
4100262
4271532
3924341
4042652
4184999
4029672
4088700
4064828
4348981
3802469
4294719
3930487
3974040
4099819
4348981
4134624
4091940
4029672
4053591
4349077
4206342
3886533
4212381
4236341
3999039
4190030
4411430
3926520
4032354
4117033
4163642
4230040
3928399
3912984
4027872
4083933
4104592
3728490
4436135
4238315
4102513
4228142
4053810
3997650
4255864
4087347
4091920
4202300
4405844
3976741
4093902
4137829
3988369
4041220
4011951
4171786
4099819
4189355
4160760
4249334
3990646
4085074
3917185
4378235
3841850
4010510
3968784
3930331
4202300
4077679
4216103
4246251
4046254
3986001
3841850
3883600
4450504
4186549
4236534
4054841
3929044
4136063
4254324
4328555
3928399
4110953
4044910
4133304
4058231
4293582
4247746
4189216
4212381
4171682
4147965
4257088
4134624
4139957
4085074
3935642
3968784
4077679
4054841
4061113
4237474
3926520
4027872
3997650
4068139
4330564
4246986
4037264
4279419
4361620
4103502
4269748
4044872
4029672
4323275
4112328
4137829
3984470
4271141
4019362
4158169
4103502
4053887
4117922
4144396
3926522
4238761
4273117
4206342
3841850
4268413
4136063
4204239
4099795
3802469
4104592
4234257
4230040
4330564
3986001
4161375
4088700
3773373
3966514
4305294
4085371
4053173
4238315
4150650
3841850
4009980
4359016
4029439
4129145
4228696
4200420
4128422
4150123
4201603
3928399
4134624
4107163
4203970
3937361
3947983
4082305
4240240
3912984
4099819
3968968
4190030
4139957
4222982
3886533
4189353
3803100
4128911
4027350
4359875
3840174
4528126
3902832
4194079
4283062
4113998
4199072
4032354
4131961
3802469
4015200
3890890
4158262
3976741
4309716
4080678
4275021
4081769
4110953
3841764
4136890
4145779
4347942
3828928
4137829
4102513
4058231
4228696
3953942
3939037
3886533
4329271
4009980
4077829
4333541
4446783
4322467
4031389
3976741
3773373
3841850
4237311
4174505
4027350
4128933
4111206
4177957
4132227
4147965
4023107
4228485
4134624
4083025
4155278
3921420
3886533
4155278
4133616
3989997
4112328
4330564
3935642
4174505
4129145
4029672
4156046
4136890
3967406
4129255
4044910
4234257
4331215
4099795
4031389
4144396
4334440
4022106
3968968
4126112
4020104
4258863
3947756
4127948
3840174
3947983
3949739
4091940
4190030
4141743
4110953
4133282
4158262
4089907
3968784
4053591
4280087
4029439
4155006
4394797
4351441
4212602
4188542
4351411
4145834
4168439
3902976
3883600
3912984
4068139
3986001
4225357
4091940
4087423
4174505
4271148
3926522
3890890
3902976
4183345
4150650
4083933
4150491
4251515
4228142
3841850
4086731
4085355
3904144
4150123
4305294
3972795
3954640
4046254
3886533
4119448
4171682
3949432
4202692
4168439
4199072
4199258
4111206
4112885
4113622
4189355
4224234
4048111
4125542
3917185
3838557
3953942
4236786
4020104
4165698
4138182
4232859
3990646
4340427
4236369
4202105
3966529
4064828
4322637
4190030
3966514
3828928
4300287
4246986
4158169
3966529
4240240
4224234
4328448
4204144
4165698
4088700
4027872
4199072
4138826
4127593
4053252
3947756
3990587
4225641
4053252
4685070
4211766
4105606
4253387
4165199
4085371
4253387
4077679
4186549
4128476
4053810
3952398
4151287
4136226
3998055
4091940
4332696
4078078
4061113
4225357
4086731
4238315
3998055
4104592
4336722
4099819
3998055
4129209
4374553
4113998
4200054
4188721
4099819
4105413
3886533
3949739
3924341
4177957
3803100
4286318
3953942
4250367
4113998
3835527
3988369
4283476
4254483
4046254
3921420
3840174
4113622
4133304
4053591
4119448
3917185
4048111
3883600
3912984
3917185
4095373
4204573
4249334
3994401
4099819
4088700
3947756
4258863
3974502
4107489
4535923
4006574
4272972
4087423
4274512
4135485
4078078
3840174
4246986
4209566
3912984
4225641
4053591
4159324
4100262
4053810
3967406
4194079
4087423
4171786
3926520
4110953
4492144
4162067
4266527
4085074
3828928
4237311
4087423
4237982
4117033
4356782
3886533
4117033
4022106
4399196
3896936
3802469
4202446
4096579
4236341
4110953
4430853
3838557
3929044
3966529
4257088
4155006
4329678
4236534
4044872
4250367
3838557
4306609
4225641
3968784
4019362
4015200
4333541
4239593
3904144
4101947
3997650
3988369
4180614
4339006
4204573
4199072
4133304
3972795
3953942
4266889
4116963
4212582
4053173
4212381
4053252
4237982
4138826
4136063
4283891
3930487
3926520
4217945
3728490
3949432
4282767
4145834
4016627
4358931
4228142
3997650
4113622
4009980
4176882
4128719
3773373
4171682
4358966
4064828
4231771
4353226
3998055
3947983
4058231
4225357
3912984
4266889
4368484
3984781
4167308
4058231
4044096
4093017
4128422
3803100
3984470
4407757
4297271
3930331
3986001
4347942
4010510
3883600
4099795
3890890
4331357
4188721
3926520
4125441
4029672
4044910
4008854
4202446
4138182
4101947
4216103
4057602
4525030
4407032
4106481
4006574
4145779
4349077
3883600
4188721
4152813
4272972
4300287
4042652
4082305
4178210
4116963
3984781
3968784
4249809
4286318
4061113
4316339
3984781
3838557
4185498
3994401
3999896
4212076
4255864
3968784
4352000
4402850
3952398
4149032
4158122
3930331
4136890
4212076
4241985
4338041
4453434
3773373
4053173
4254808
4255158
3938676
4107163
4246251
4117033
4266889
4173107
4151287
4099795
3984781
4125542
4016627
3912984
4159109
4357384
4085355
4104592
4263498
4214917
4230040
4107163
4151287
4027350
3930487
4212076
3917185
4191035
3773373
3930331
3976741
4009980
4212530
4111206
4008049
4027872
3986001
4268413
4329143
4199690
4020104
4091920
4160034
4128911
3840174
4027872
4249334
4430853
3926522
4254483
4208109
4212999
4102513
3968784
4417475
4091980
4010510
4150491
4183868
4321375
4189355
4085074
4134624
4199627
4136226
4453434
4099795
4264978
4300287
4197247
4117922
3968784
4135485
4128911
4183342
4320131
4190022
4107163
4612302
3984470
4008049
4085355
4112328
3930331
4176882
3803100
4201603
3840174
3966529
3974040
3947756
3952398
4053887
4016627
3929044
4056798
4128933
3947983
4364389
4222982
4053887
4201074
3773373
4139957
4202692
4269607
4105606
4029439
4230040
4053173
4299029
4190022
4016627
4272921
4191035
3921420
4029672
4127593
3773373
3883600
4107163
4054841
4358966
4019362
3728490
4141743
4228142
4199627
4117033
3904144
4151287
4327329
4200328
4191558
4091886
4352000
4211530
3947756
3728490
3926522
4128422
4048111
4294086
4068139
3976226
4009980
4162067
3887579
4046254
4420050
4019362
4248874
4136063
3924543
4133616
4336982
4085074
4300287
4244931
4144666
3976226
3841764
4300287
3902976
4256720
4293582
4216516
3921420
3929044
4058231
4144396
4125441
4045655
4274512
4138182
3890890
4266889
4053887
4228485
4297200
3966514
4091886
3840174
3838557
4388566
3949739
4236369
4305294
3886533
4357384
3835527
4103502
4180614
3972795
4191558
4041220
4029672
4131240
4085074
4352000
3902976
4162067
4228696
3949786
4332936
3937361
4216103
3997650
4212530
4118810
4113998
3939037
4136063
4112885
4323275
4217945
4313127
3952398
4100262
3802469
4280087
4223649
4180614
4212999
4255158
4211766
4200328
4110656
3986001
4027350
3930331
4174392
4199072
4099795
4454813
4396667
3988369
4015200
3838557
4331357
4053591
4029439
3974040
4276187
4133304
4091980
4083025
4027872
4133282
4105606
4011951
4137829
4136226
4045655
3902976
3949739
4249809
3949786
4305294
4382678
4131961
4053591
4191558
4141743
3989982
4320131
4256791
4134624
3929044
4100262
4136063
4330564
4353447
3840174
4190030
4102513
4116963
4056798
4341700
4268413
4283062
4203970
4089907
4044096
4334440
4161573
3902976
4282767
4212999
4015200
3947756
3912984
3938676
4044872
4252474
3976741
4238761
4077679
4347748
4256791
4019362
4256322
3841764
4351441
3949432
4299029
3999039
4238761
4044096
4397613
4358966
4152813
4023107
4199690
4263498
4183868
3802469
4257088
4194079
4041220
4117033
3929044
4057602
4111206
4158169
4103502
4212530
4144666
4091920
3949786
4212381
