26807866
16398468
12532376
10640657
9714654
8607760
8102001
7654119
7243822
6872147
6700489
6728899
6363761
6298818
6131785
6026080
6197656
5988873
5769924
5604840
5521977
5421920
5133045
5489050
5533005
5145354
4779708
5285284
5119334
5098878
5389945
5044059
5154253
4856614
4856390
5106035
4894039
5238908
5046716
4629039
4737973
4996393
4968880
4916103
4833849
4826475
4737438
4699181
4845931
4661831
4785738
4811418
4856827
4667049
4861520
4715948
4713155
5003824
4739421
4764813
4749147
4526176
4540323
4484558
4665294
4689751
4890633
4419220
4680315
4781550
4773959
4493451
4536911
4763588
4639488
4506633
4754688
4353270
4577368
4412831
4572769
4615634
4514337
4358396
4680759
4579690
4571929
4340173
4484980
4537034
4462680
4647155
4475438
4478801
4262566
4522157
4461925
4367178
4415054
4475772
4480089
4461671
4219682
4739635
4420113
4643892
4287101
4576901
4425954
4517203
4406260
4495505
4392847
4353638
4407372
4272993
4250008
4605529
4385771
4384776
4507729
4438103
4274226
4532711
4219394
4571987
4379672
4262830
4149827
4296473
4364574
4729759
4437772
4213317
4675288
4481963
4786889
4409818
4479276
4319378
4185156
4404230
4628971
4487162
3962265
4564320
4448087
4560166
4364360
4517264
4430461
4365992
4341554
4425481
4218261
4366750
4397359
4348046
4331996
4388772
4343972
4359954
4302083
4312445
4214502
4585891
4127893
4314796
4300859
4549627
4364352
4162229
4444438
4384810
4455245
4311300
4205257
4348236
4263627
4428636
4176468
4267906
4320681
4366633
4200239
4319467
4114787
4324344
4233623
4341763
4245306
4617292
4074822
4147931
4594801
4441007
4359682
4323490
4268883
4361615
4323490
4386504
4325332
4139581
4190900
4186718
4309117
4170673
4258542
4132132
4216856
4346964
4455245
4238196
4238196
4005970
4166705
4485228
4130993
4141303
4233564
4253745
4054678
4104302
4277897
4466322
4481537
4180218
4278560
3968976
4278924
4431245
4247869
4553746
4306152
4258542
4380296
4380422
4076826
4357049
4322942
4212203
4317336
4176515
4226400
4162254
4143984
4241129
4226400
4527143
4360318
4237994
4229813
4359071
4186949
4433148
4695623
4000799
4230023
4253745
4162862
4415735
4323479
4277897
4233193
4309117
4200077
4080989
4329639
4144240
4128781
4270665
4212203
4307903
4280331
3947528
4158953
4274476
4240834
4585718
3997168
4000799
4336781
4087728
3954148
4188114
4154751
4068543
4259395
4104302
4164596
4203275
4127479
3971104
4241796
4133781
4317676
4345418
4203005
4364574
4246670
4250847
4150870
4324766
4296174
4444263
4255087
4228337
4130993
4189018
4242453
3981633
4190900
4183085
4134673
4257547
4085975
4294903
4214184
4137858
4133911
4413528
4295854
4083917
4233735
4091258
4184205
4451339
4187514
4206164
4174809
4436222
4107393
4126868
4152692
4200813
4181599
4111185
4430323
4317336
4192472
4040193
4497447
4190228
4142947
4142677
4347519
4244435
4235602
4238196
4163128
4232253
4566305
4050278
4163590
4162420
4108847
4350102
4194628
4360853
4555194
4367550
4138228
4316538
4233193
4091933
4176864
4395839
4363069
4367550
4074822
4270665
4085216
4160909
4176817
4512029
4359803
4063678
4448495
4168045
4332972
4474455
4369431
4205194
3994942
4071555
4214184
4228492
4161564
4083802
4057277
4270249
4109998
4130431
4073136
4353265
4141630
4238147
4387272
4217368
4181599
4330330
4249451
4046842
4559406
4288210
4277399
4065583
4123300
4422789
3993565
4499949
4298398
4357987
4235602
4047222
4170673
4292970
4280056
4201512
4224292
4198034
4279828
4032995
4161178
4092992
4008554
4213216
4381617
4126884
4116943
3895345
3883110
4430323
4067792
4139699
4247869
4250847
4343540
4125912
4205257
4096387
4060071
4259858
4234510
4010885
4015792
4228637
4115806
4232032
4054957
4058286
3947161
4248387
4065583
4348046
4162420
4363275
4182074
4176339
4138228
4459820
4517916
4274476
4065583
4115745
4069673
4214678
4054678
4244810
4186718
4067130
4108847
4345900
4240834
4160963
4183424
4006093
4161564
4366750
4341554
4054142
4288807
4274391
4203005
4409818
4091671
4232253
4344325
4184205
4197075
4150051
4244810
3934003
4380909
4064996
4612690
4189087
4054142
4184805
4115745
4060071
3928061
3822635
4062381
3971104
4261509
3927892
4027802
4137858
4118919
4118919
4041879
4297788
4119885
4419964
4244810
4180139
3882985
4135457
4547698
4419941
4532733
4126884
4296473
4002906
4126729
4123300
4109998
4247862
3830776
4255816
4150475
4280331
4109590
4312445
4267906
4205194
4025032
4145744
4055121
4015792
4156596
4228637
4232983
4233623
3902137
4172009
4152489
4054678
4142490
4433148
4162862
4075286
4316538
4047057
4081099
3968521
4135505
4250008
3922492
4138044
4115806
3933364
4221275
4015792
3989132
4359954
4069673
4225768
3954572
4341763
4214345
4139254
4224292
4459820
4206164
4115806
3928061
3923575
4344307
4437820
4135505
4118919
4054678
4250012
4069741
4020888
4126868
4203275
4348046
4421193
4228159
4439810
3922518
4221815
3911004
4214502
4055015
4115800
3982309
3971752
4443546
3923575
4096723
4213157
4241129
4139699
4152489
4073136
4247862
3963372
4417928
3938533
4152489
4176339
4277399
3990355
4359682
4150475
4367178
4134673
4198034
4250008
4356378
4306152
4029924
4060055
4055121
4314219
4256526
4343008
4480089
4140573
4073136
4204015
4096723
4068543
4085216
4056382
3971752
4397534
4118919
4170673
4221772
3928061
3993565
3953597
4211058
4139254
4200239
4184805
4250012
4228337
4227088
4255816
4043232
4056382
3923575
4072576
4301427
4115800
4407896
4278560
4317676
4326238
4213903
4300859
3923328
4043232
3995013
4257547
4057277
4342788
4409818
4060055
4204440
4202240
4455979
4023068
3945750
4512977
4465758
4274956
4276878
4213157
3923328
4234557
4015792
4100395
4376123
4069315
4419734
4200077
4189018
4264455
4298398
4311300
4180139
4235602
4037584
4127893
3968521
4257328
3961589
4115469
3883110
4041879
4032995
4172009
4133911
4427504
4071555
4241145
4184199
4047057
4363570
4237930
4131838
4372269
4183424
4295854
4302373
4161564
4080315
4021626
4391154
3888108
4115950
3949298
4029924
4115469
4213520
4357998
4063678
4317868
4232032
4127893
4269444
4104418
3993565
3962265
4163841
4008554
4060055
4104024
4280813
3886747
4227088
4108847
4021626
4217368
3989132
4217368
4164596
4203132
4375080
4174809
4064996
4116716
4137353
4219742
4141303
4135457
4029924
4226693
4127182
4071555
4140573
4078663
4141279
4127182
4125912
3933353
3994942
4234098
4141279
4127689
4096723
3995013
4001107
4096387
4078655
3922492
4123752
4125912
3995435
4324344
3930174
4150510
3940798
4269875
4116943
3911004
4427504
4272200
3947223
4076826
4050278
4213520
3992221
4163128
4211322
4001107
4285170
4217321
4115469
4083917
4226693
4130993
4176339
3947161
4233564
4264455
4073136
4041879
4269875
4762825
4135457
4183424
4201512
4055211
4184805
4205257
4091933
4116610
4397359
3949298
4166705
4386729
4049830
4021626
4160963
4115745
4407372
3995435
4072576
4055211
4128026
4170673
4310891
4076510
4139699
4147931
4164596
4192472
4357049
4532309
4119885
4009698
4313082
4359682
3953597
4322942
3927892
4183424
4314246
3885579
4200813
4021626
4280421
3930174
4359954
4319378
4126729
4058286
4238858
4060055
4127689
4150475
4287101
4205257
4150475
4032630
4234510
4141630
4241796
4135457
4126884
4150051
4250012
4243451
4151121
4128781
4188114
4067130
4269444
4006093
4166705
4127479
4091671
4232253
3895345
4271654
3933364
4172009
4174809
4361448
4161178
4085660
3940913
4241145
4238262
4126884
3885579
4141279
4290150
4274956
4041879
3885579
3936073
4326413
4345418
4055121
4137858
4232650
4156596
4067130
4352008
4032630
4080315
4067130
3923575
4109590
4115950
4139581
3963559
3907340
4020888
4163128
4283076
4163590
4257547
4069673
4326413
4073136
4067792
4085975
4131838
4131838
4185156
4200077
4256407
3785189
4134673
3982309
4011202
4130230
4183424
4238147
4126294
4010885
4046842
4361615
4043232
4141279
4143984
4311300
4242453
4277897
4083917
4465758
4372269
3963724
4271654
4127479
3954572
4100395
4121467
4234557
4064996
4232983
4307968
4545094
4078655
3947223
4279828
4070606
4071555
4205194
4336776
4063678
3922518
4200813
3822635
4314796
4279712
4126884
4234510
4063678
4701393
4011202
4517916
4105183
4343540
4047057
4359954
4040005
4176468
4021626
3906355
4104024
3982286
4121467
4271654
4228830
4343214
4430971
4346964
3940798
4047057
4115950
4149827
4092992
4217305
4466322
4444438
4309117
4029924
4049830
4028590
4200239
4122472
4137353
4232032
3803271
4240834
3963372
4382966
3930174
4211322
4115800
4057558
3953597
3953597
3947161
4184199
4139254
4072576
4214678
4162229
4228830
4037584
4001107
4218261
4116716
4232473
4020888
4234557
4205194
4341763
4108847
4139581
4087728
4510903
4182074
4187514
3997168
4023068
4317336
4080989
4116716
4092992
4288210
4237146
4459820
4068543
4100395
4115950
4152692
4555404
4011202
4160909
4239100
4126729
4064996
3945750
4091671
4104418
4338411
4436673
4190228
4127689
4001107
4067130
4192472
4142947
4127689
4184205
4187514
4232473
4134633
4133911
4185156
4250012
4006093
4150510
4288781
4228159
4161178
4135457
4274476
4050278
3882985
4221275
4134633
4280813
4220245
4140573
4214184
4087728
4183085
4268883
4326072
3961589
4274216
4158953
4272200
4302648
4078663
4205194
4087728
3982286
4054957
4647155
4192472
4263627
4126868
3982309
4108847
3886747
3971752
3954572
3911004
4196073
4224790
3824836
4205257
4247869
4359071
4172009
4276878
4128026
4302373
4163841
3824836
4076510
4290150
4330330
4150475
4006093
4142947
4326413
4115800
3934003
4234510
4083802
4115800
3911004
4023068
4367178
4091671
4256526
3830776
4100395
4248387
4270665
4272200
4274226
4317868
4150510
4122472
4091671
4384037
4347367
4224790
4085975
4455979
4121467
3785189
3989132
4277873
3940913
4009698
4238858
4047057
4054142
4474455
3940913
3940798
4091258
4237994
4296473
4228159
3995849
4009698
4100395
4063678
4130226
4364352
4141630
4065583
4005970
4055015
3883110
4058286
4233623
3922518
4249451
4064337
4335827
4021626
4201512
4032630
4176339
4176515
4241012
4152692
4083802
4200239
3930174
4140573
4144240
4228637
3961589
4156596
4213520
4037584
4010885
4290363
4069315
4163128
4002906
4385572
4164596
3947528
3803271
3888108
4280813
4323490
4357998
4314219
4068543
4226693
3936073
4127689
4364854
4130906
4134633
4142490
4279828
3997740
3990355
3971752
4176515
4084769
4127479
3963559
4213317
3883110
3995435
4162420
4436812
4085216
4280331
4590307
4054957
3982286
3884925
3963724
3882985
4202240
4074822
4127182
4049830
4182074
4217321
4658256
4085216
4277399
4025032
4594801
4397527
4076826
4107393
4137858
4184199
4063678
3990355
4104418
4084769
4256493
3947161
4203132
4201810
4203132
4279712
3940798
4056382
4140573
4126729
4341242
3982309
4150510
3933364
4405094
3906355
4358396
4037584
4353270
4040005
4462680
4256526
4186949
3989132
4104024
3995013
4127182
4259395
3940798
4122472
3982286
4142455
4047057
4185156
4296473
3997168
4107393
4009698
4142455
4138228
3785189
4096387
4021626
4134633
4347519
4217321
3927892
4060071
4353814
3982286
4285897
4465758
4186949
4068401
4187514
3907340
4158953
4201512
4336776
3934003
4237930
4241796
4028590
4399477
4149827
3886747
4068401
4108847
4081099
3902137
4009698
3911004
4141630
4062381
3884925
4075286
3936073
4392847
4076510
3803271
3888108
4122472
4032630
4046842
4285897
4201810
3907340
4653535
4123300
4100395
4361448
4087728
4096387
3822200
4127893
4070606
4130230
4264455
3930174
4189018
4290150
4047222
4287485
4060055
4116610
4166705
4477932
4050278
4226400
3992221
4228337
4196073
4127689
4203275
4288781
4092992
4028590
3982286
4046842
4215863
4143990
3933364
4130906
3830776
4176817
4203275
4111185
4047222
3936073
4245306
3934003
4005970
4069741
4023068
4300859
4116610
4055015
4127479
4108847
4087728
3885579
3922492
4131838
4237146
4142490
4091258
4228337
4023068
4069673
3949298
4234557
4068543
4232253
4217305
4010885
3982286
3997740
4221815
4238262
4023068
4201810
4134633
4116943
3963724
4128026
4257328
4279712
3995849
4115950
3971104
3911004
3992221
4217305
4199798
4152489
4055121
4078663
4287485
4130906
3971104
4096387
4300711
4215863
4213520
3729419
4070606
4131838
4141279
4130906
4126294
4096387
4055015
4083802
3907340
4216856
4343540
4258542
3830776
4243451
4069673
4295854
4151121
4027802
4224292
4203005
4037584
4440642
4267906
4211058
4283076
4032630
4143990
4143990
4002906
4040193
4080989
4314796
3933353
4285170
3982309
4163841
4336776
4139699
4050278
4054957
4538406
4336163
4163590
4417928
3994942
4091933
3990355
4142947
4488998
4064996
4176864
4065583
4063678
4055211
4091258
4115950
4194628
4343214
4119885
3886747
4271654
4427504
4203275
4151121
3995849
3928061
3822200
4156596
4043232
3907340
4263627
4343540
4261509
4100395
3822200
4057277
4141303
4147931
3996527
4083917
4064337
4200813
4123752
4054142
4123300
4032630
4040193
4206164
4190900
4203132
4130230
4229813
4352008
3982309
3927892
3936073
4200077
3971752
4354037
4214184
4324766
4269444
4274226
4384037
4176515
3922518
4005970
3961589
3885579
4228159
4163128
4277399
4140573
4021626
3963559
4571349
3922518
4220245
4209798
4343214
3949298
4317336
4187514
4232983
4245306
4156596
4232473
4283076
3906355
4386729
4023068
4041879
3954148
4055015
4008554
4091933
4096387
4069315
4064337
4240834
4127479
3963372
4130431
4109998
4122472
4363275
4375401
4168045
4074822
4280813
4724819
4163590
4227088
4143990
4123752
4261040
4408701
4317676
4227088
4075286
4050278
4204015
4317676
4214184
4111185
4221772
4058286
4109590
4296473
4131838
4396609
4104024
4111185
4390189
4172009
4015792
4073136
4072576
3947528
4322942
4064337
4323479
3968521
4011202
4115469
4363275
4121467
3981633
4232650
4150475
3930174
4180218
4067130
4041879
4317676
3968521
4199798
4091933
4070606
4274391
3785189
4135457
4127689
4228830
3888108
4361448
4425954
4104418
4128026
4233665
4241145
4215863
4138228
4069741
4076826
4008554
4238196
4232983
4141630
4163590
4027802
4316439
4192472
4309117
4387272
4189018
4213216
4060055
4085660
4162862
3995849
4133781
4064996
4128781
4234098
4092992
4246670
3949298
4277399
4130431
4054142
4290150
3997168
4277399
4028590
4143990
4138228
4233735
3923575
4150051
3934003
4126868
4230023
4025032
4080315
3933353
4137858
4118919
3954148
3963559
4161178
3824836
4138044
4415054
4248387
4323490
4119885
4074822
4064337
4025032
4072576
4161178
4212203
4085975
4423388
4041879
3963559
4375080
4381699
4163128
3995435
3927892
4356378
4126868
4300711
4137353
4374360
4342788
4068401
4245306
4214184
4417928
4217368
4174809
4130993
4060071
4084769
4067130
3938533
4147931
4011202
4127182
4276878
4270665
4046842
4084769
4479276
4002906
3947528
3906355
4142677
4145744
4140573
4123300
4100395
3945750
4311086
3945750
3963724
4455780
4104418
4009698
4238147
4068543
4105183
4176515
4326072
3947161
4084769
4135505
4032995
4360318
3995849
3954572
4425481
4040193
4201512
4083802
4080315
3830776
4139581
4076826
4211058
4146104
4076510
4240834
4209798
4091671
3923575
4137353
3992221
4228337
4054678
4244435
4213903
4060071
4176864
4087728
3968976
4199798
4163128
4345418
3945750
4336163
4245306
4127479
3884925
4228492
4015792
4540595
4020888
4232253
4078663
3933364
4265170
4119885
4092992
4078655
3922492
4047057
4096387
4219742
4049830
4401360
4126884
4091933
4122472
4203132
4096723
4107393
4144240
4060071
3933353
4264455
4154751
4046842
4085216
3949298
4188114
3949298
4040193
4100395
3994942
4127893
4081099
4055121
4347367
4126294
4270249
4128781
3940913
4274226
3933353
4091671
4200239
4054957
4392823
4232253
3954572
4000799
4243451
4185156
4006093
4139254
4145744
4138044
4500322
4046842
4158953
4109590
4137353
4137858
4176339
4162420
4142455
4257852
4219742
4221772
4162229
4328442
4143990
4241129
4239100
4302083
4111185
3953597
3968521
4010885
3963372
3945750
4092992
4127893
4198034
4126868
3922492
3785189
3830776
3824836
4130993
4056382
3989132
4259593
4341554
4168045
3981633
4134633
4211058
4238858
4359682
4115745
4128026
4146104
4133911
4347519
4163128
3947528
4261040
3933364
4040193
3961589
4064996
4180218
4051872
3927892
4142947
4274226
4444263
4189018
3947161
4005970
4392823
3822635
4184805
4213317
4046842
4123752
4274226
4226693
4302083
3902137
4218261
4168045
4466412
4502552
4104302
3822635
4176468
3882985
4069741
3803271
4043232
4085975
4185156
4140573
3947161
4176468
4509167
4221815
4348046
3996527
4217305
4096723
4008554
4134673
4237146
4096387
4256407
4067792
4457399
3824836
4126294
4111185
4183424
4226693
4068401
4069315
4413528
4314219
4057558
4192472
4277276
3995013
4460460
4096723
4214345
4119885
4127689
3940798
3940798
4270249
3938533
4147931
4008554
4151121
4150051
3888108
4201810
4055211
4170673
4599075
4107393
4241145
4141630
4076510
4023068
4166705
3830776
4057277
3938533
4000799
4312445
4141279
4142490
4312445
4274956
4111185
3995435
3989132
4163841
4078655
3954572
4009698
4135457
4025032
3981633
4461925
4080315
4070606
4353265
4070606
4209798
4247869
4083917
4218261
4181599
4054957
4150510
4356378
4105183
4104302
4122472
4187514
4397359
3997740
4032995
4085660
4386504
3945750
3963372
4269444
4172009
4068401
4055211
4202240
3930174
4139581
4069741
4092992
4104024
4190900
4423388
4425481
4431062
4006093
4359803
4055211
4186949
4152692
4422789
4134673
4229813
4051872
4209798
4128781
3981633
4183085
3992221
4353265
3934003
4116610
4023068
3822635
4194628
3963372
4163841
3945750
4143984
4055015
4127182
3882985
4219742
4166705
3729419
4166705
4096387
4237930
3945750
4274216
4108847
4150870
4104418
4025032
3954148
4427280
4257852
4217368
4069315
4219682
4142455
4217305
4336781
4132132
4058286
4278924
4058286
4023068
4401981
4081099
4092992
3927892
4277276
4137858
4046842
4463358
4201512
4162420
4080989
3996527
4143984
4144240
3930174
4109590
4055211
3933353
4020888
4091671
3830776
4199798
4485178
4071555
3933364
4285897
4068543
4324766
4261509
4134633
4386027
4115806
4060071
4091933
4204015
4188114
4147931
4070606
4152489
4279828
4356378
4057277
4085660
4232650
4070606
4040193
4070606
4176864
4353814
4062381
4363570
4028590
4420113
4008554
4005970
4091258
4050278
4249451
4051872
4096387
4118919
4360318
3933353
4382966
4202240
4357987
4283076
4142455
4040005
4020888
4119885
4084769
4096723
4060055
3968976
4000799
4544043
4010885
4139254
4572483
3882985
4115806
4202240
4162862
3968976
4265170
4192472
3947528
4050278
4104302
4000799
4060055
4051872
4054957
4065583
3785189
4023068
3884925
4001107
4043232
4067130
4051872
4121467
4121467
4116943
4141279
4144240
4006093
4130230
4085660
4080315
4221815
4201512
4069315
3963724
3888108
3933364
4330330
4419734
4247862
4122472
3981633
4055211
4228159
4144240
4290363
3971104
3963372
4238858
4436673
4078655
4073136
3936073
4075286
4051872
4009698
4011202
4161564
4085216
4344307
3922492
3830776
4190900
4150475
4137353
4020888
4133781
4214678
4144240
4185156
4298398
4011202
4040193
4126868
4230023
4183085
4040193
3824836
4269444
4182074
4336163
3954148
4203275
3961589
4221815
3895345
4376123
4069315
4070606
4247869
4131838
4062381
4085975
4056382
4140573
4080989
4009698
4055211
4047222
4363069
4054957
4141303
4104418
3982309
4076826
3822200
4057558
4032630
4182074
4468299
4299042
4121467
4217368
4217368
4058286
4205257
4328981
4051872
4274391
4307968
4060055
4130230
4571987
4160963
4071555
3824836
4318852
4162420
4054957
4308530
3906355
4072576
4057277
3997168
4263771
4116943
4359954
3883110
3907340
4233735
4115950
4050278
4446683
4200813
4075286
4332972
4310891
3968976
4011202
3947161
4234510
4324344
4081099
4156596
4245306
4234510
4241012
3940913
4054142
4040005
4158969
4338411
4037584
4163128
3995435
4100395
4051872
3947223
3990355
4142677
3996527
4139254
4189087
4055121
3938533
4126729
4214184
4455979
4237994
3940913
4067792
4060071
4080315
4163128
4272200
4133781
4192472
4081099
4107393
4190228
4060055
3993565
4028590
4104302
4263771
4259593
4181599
3971752
4135457
4076510
3936073
3940913
4123300
4571349
4277276
4114787
4364360
4135505
4109590
3906355
4196073
4085660
3997168
3885579
4126729
3981633
4067792
4272200
3911004
4025032
4146104
4116943
4064337
4183424
3945750
4232983
4242453
4069673
4069315
4190228
4126868
3996527
4080989
3995013
4162229
4115806
3940798
4168045
4070606
4076510
3981633
3824836
4226693
4130230
4194628
4356378
4111185
4415242
4127689
4375401
4271409
4200077
3824836
4000799
4085660
3883110
4115745
4142490
4115745
4158969
4084769
4006093
4535601
3994942
4166705
4119885
4072576
4109590
4037584
4008554
4221275
4411780
4006093
4182074
4146104
3997740
3982286
3930174
3923575
4146104
4126884
3997168
4270665
4126729
4375401
4142677
4183085
4176864
4277897
4127479
4058286
4138044
4126294
4049830
4058286
3933353
3990355
4027802
4100395
4115950
4080989
4115800
4227088
3963372
4058286
4162420
4168045
4154751
4134673
4376123
4085216
4211322
4320681
4199798
4142455
4241012
4201810
4213903
4330330
4130431
4232650
4040005
4248387
4217305
4436676
3885579
3996527
4213903
4130230
4181599
4123300
4047222
4277276
3947528
4347367
4152489
4141303
4172009
4160909
4145744
3949298
4206164
4027802
4051872
4055015
4168045
4234510
4104024
4211058
4412831
3947223
3895345
4150475
4073136
4585891
4150510
4357998
4405094
4020888
4081099
4211322
4028590
4131838
4115806
4292970
3884925
4060071
4421193
4050278
3923328
3927892
4119885
4487162
3902137
4060055
4258542
4083802
4199798
4083917
4152489
3968976
4278924
3940798
4025032
4115469
4080989
3822200
3953597
4126884
4040005
3902137
4141303
4063678
4163841
4160909
4284698
4237146
4162254
4075286
4200239
3961589
3907340
4200239
4309117
4115469
4141303
4028590
3885579
4138228
3995849
4116716
4064996
4032630
4345900
4115806
4150051
4152489
4296927
3940913
4274476
4078663
3981633
4104302
4311300
4118919
4006093
4130226
4233665
3995435
4056382
4141303
4104418
3922518
3934003
4060055
4497571
4083917
4126294
3997740
4104024
3906355
3902137
4140573
4250847
4329639
4119885
4316538
4152489
4104302
4224790
4064337
4247862
4029924
4060055
4140573
4404394
3923575
4203005
4431245
3923575
4114787
4200813
4029924
4126868
4115800
4188114
4111185
4127893
4068401
4131838
4078655
4091933
3997740
4184805
4152692
4091671
4130993
4121467
4256493
4391803
4009698
4532733
4369431
4149827
3888108
3954572
4244810
4115800
4156596
3884925
4194628
3729419
4115745
4002906
4116716
3993565
3907340
4032995
4002906
3994942
4109998
4054678
4080315
4085660
4325332
3971752
4128781
4635086
4247869
4277897
4161564
3992221
4176468
4367178
4056382
3902137
4391803
4199798
3992221
3888108
4346964
3971752
4141279
4214502
4243451
3993565
3922518
4221772
4043232
4163590
4204440
4186718
4055211
4143984
4244810
4341554
4068401
3947161
4072576
4354037
4046842
4009698
4074822
3995013
4221772
4183085
4244435
3961589
3995013
4141630
4115806
3906355
3886747
4360853
3911004
4150870
4288807
4265170
4027802
4055121
4141630
4002906
4047222
4135457
4257328
4140573
4248387
4142490
4161178
4028590
4241145
4154751
3997740
4269444
4046842
4080315
3995849
4085975
4060055
4085216
3968521
3971752
4197691
3928061
4158969
4163841
4011202
4348236
4055015
4076826
4115800
4161564
3997740
3886747
4158953
4150510
3822635
4242453
4122472
4246670
4164596
3997740
4221772
4233193
4162420
3995849
4176864
4176515
4162862
4181599
4051872
4272993
4055015
4183424
4032630
4130431
4067792
4060071
4295854
4096387
4274216
3906355
4176864
3968521
4032995
3993565
4142677
4134673
3785189
3895345
4051872
4285170
3954572
4278924
4041879
3963724
4047222
4040005
4050278
3961589
4158953
4436812
4184805
3824836
3963724
4006093
3996527
4228337
4241012
4040193
4032995
3968976
3995013
4008554
4347367
3938533
4142947
4021626
4104024
4256526
4047222
4247862
4108847
3785189
4314246
4150510
3902137
4270665
4257328
4246670
4002906
4176468
4151121
4152489
3922492
3995013
4180218
3907340
4183424
4228637
4067130
4037584
3990355
3936073
3995849
4115469
3930174
4069315
3785189
4057558
4404394
4078655
4139254
4057558
4163590
4008554
4127689
4228637
4144240
4158969
3963372
4063678
4296927
4233564
3947223
4437772
4250847
4084769
4712949
3947223
4107393
4051872
4139254
4054142
4041879
4161178
3933364
4361448
4115950
4072576
4065583
4123752
4069673
4058286
3968976
4288968
4240834
4184199
4186718
4037584
4028590
4072576
4062381
4232983
3940913
3962265
4152489
4232983
4141630
4317336
4060071
4054142
4116943
4051872
3934003
4203275
4067130
4416412
3992221
3982309
4399477
4232032
4203275
4441535
4125912
4054678
4096723
4190228
4176515
4068543
4481963
4068543
4080315
4460460
4128781
4198034
4104302
4228830
4073136
4051872
4025032
4049830
4186949
4121467
3953597
4096723
4085975
4069741
4091933
4215863
4270249
4448087
4064337
4064996
4147931
3997740
4028590
4300859
3947528
4069315
3883110
4032630
3968521
4128781
4046842
3963559
4049830
3949298
4064337
4051872
4139699
4152692
4104024
4194628
4062381
4150870
3928061
4176515
4078663
4182074
4280421
4028590
4140573
4141279
4083802
4078663
4203132
4143984
4109998
3785189
4115469
4109998
3981633
3963559
4336776
3997740
3824836
4080315
3961589
3830776
4015792
4109998
4271654
3886747
4037584
4457399
3954148
4068401
3911004
4055015
4147931
4009698
4008554
4332972
4161178
4214678
4139254
4180218
4050278
4006093
3954572
3888108
4247869
4271654
4071555
4015792
4201810
4161178
4096723
4081099
4287485
4278924
4278924
4190228
3922518
3963724
4130226
4040005
4040005
4078663
3993565
4578687
4211322
4116716
4070606
4387272
4280813
4109590
4123752
3971104
4130226
4423388
4021626
3995849
4116943
4194628
3902137
4233623
4115469
4060071
3902137
4126868
3963372
4126884
4078663
4384037
4233665
4219394
4238858
3971104
4085660
4071555
4140573
4140573
3922518
4025032
4123300
4023068
4163128
4237930
4187514
3997740
4144240
4041879
4182074
4078663
4227088
4160909
3990355
4276878
4205194
4213216
3922492
4382966
4126884
4224292
4211058
3968976
4259395
4313082
4055015
4212203
4213903
4347367
4344318
4183424
4276878
3822200
3936073
4160963
3995013
4091258
4104418
4250847
4344150
4228492
4071555
4221815
4040005
4107393
4051872
3940913
4271654
3886747
4492107
4067792
4336163
4140573
4213157
4532309
4325332
3824836
3945750
4265170
3940913
4032630
4343972
4133911
4201810
4146104
4366750
3884925
3982286
3971104
4080315
3997168
4078655
4343540
4072576
4109590
4163590
4081099
4050278
4130906
4065583
4241145
4219682
3971104
4272993
4115950
4060071
3940913
4200077
4172009
4300859
4151121
4134633
4116716
4123752
3930174
4011202
4115800
4138044
3822635
4132132
4078663
4132132
3997740
4021626
4232650
4262566
4162229
4989950
3933364
4144240
4025032
4115806
4232473
3963559
4344325
4158969
4221772
3963724
4245306
4425481
4108847
4149827
4374360
4162862
4040193
3895345
4107393
4078663
4269444
4096387
4234098
4001107
4211699
4206164
4051872
4091933
3954572
4056382
4141279
4184805
4069315
4176515
4032995
4028590
4201512
4352008
4139699
3824836
4116716
4119885
4158953
4460460
3885579
4054957
4188114
4204440
4141303
4058286
4404230
4228337
4430971
4489079
4154751
4122472
3822200
4025032
4253745
3962265
4306152
4176339
4158953
4176515
3996527
4335827
3785189
4302648
4161564
4415858
3997740
4067792
4109998
4068401
4062381
4138044
4277399
4020888
4058286
4123300
4228637
3994942
4056382
4138044
4265170
4176468
4256407
4274476
4247862
4069741
4067130
4028590
4020888
4214345
3895345
4217321
3895345
3990355
3936073
4324344
4158953
3981633
4041879
4149827
3997740
4118919
4268883
4116716
3902137
4385771
3895345
4256493
4096723
4263771
4080315
4104024
4064996
4218261
4234557
4201512
3729419
4243451
4259593
4202240
4015792
3995435
4216856
4250012
4130993
4184205
4300711
4028590
3954572
4508003
4233735
4196073
4244435
4309117
4347519
4176817
4233665
3933364
4075286
4324597
3934003
3922492
4206164
4085216
4069673
4074822
4054957
3947528
4037584
3936073
4032630
4186718
3824836
3885579
4346964
3947223
4126294
4065583
4076510
4115950
4115800
3947223
4063678
3934003
4415054
4233564
4104024
4025032
4029924
4345418
4130906
4141630
3995435
4436812
4203005
4359803
4128026
4118919
3992221
3945750
3933353
3928061
4076510
3895345
4353814
4218192
4194628
4069673
3888108
4115950
4242453
4115800
4069673
3803271
4170673
4144240
3996527
4020888
4073136
3933364
4069673
4468826
3729419
4219682
4046842
3911004
4130993
4047222
4127182
4006093
4228637
4448087
4142677
4151121
4135457
4011202
4385572
3933364
4126884
4076826
4343847
4211322
4221772
4308530
4359803
3938533
4297788
4057558
4020888
4057558
3930174
4172009
3886747
4184199
3930174
4025032
4023068
3996527
3822635
4064337
3933353
4162254
4237146
4130230
4137858
4265092
4083802
3895345
3947528
4314219
4228830
4158969
3962265
4143990
4116716
4307903
4516674
3997740
4214345
4466093
3923328
4115469
4189087
4126884
4083917
4324597
3927892
4143990
3936073
4001107
4217305
4105183
4228159
3971104
4257547
3963372
4240834
3968976
4104024
4425481
3884925
4152692
4232650
4277873
4213903
4232473
4127182
4130431
3963724
3830776
4206164
4127479
3923575
4328981
3968521
4085660
4130230
4015792
4189087
4083802
4064337
4203132
4192472
4279712
4204440
4221275
4336776
4069673
4128781
4364352
4037584
4069315
4126294
4135457
3968976
4126294
4027802
3933364
4156596
4055121
4051872
4049830
3907340
4105183
4051872
4009698
4388725
4176515
4235602
4051872
4028590
4043232
4314246
4238196
4277399
3968521
4040005
4091671
4392077
4078663
4350102
4020888
4125912
4006093
4020888
4142455
3729419
3938533
3938533
4040193
4005970
4105183
4130906
4233193
4477932
3989132
4141279
4314219
4301427
4300859
4360853
4123300
4232473
3997168
3938533
4134633
4134673
4133781
4184199
4043232
3885579
4080315
4080989
3830776
4162229
3888108
4043232
4058286
4247862
4224292
3953597
4027802
4008554
4141303
3923575
4072576
4069673
4168045
4280056
4229813
4147931
4753358
4172009
4317676
4336776
4213157
4150051
4251290
4130230
4047222
3922518
4142455
4138044
4041879
3884925
4184205
4211058
4475772
4330330
3995849
4248387
4127893
4211699
4121467
4250008
4043232
3989132
4083917
4069741
4269875
4265092
4123752
3922518
4049830
4128781
3886747
4257328
4109590
4354037
4002906
4047057
4416412
4314246
3990355
4240834
4041879
4299042
4285897
3963559
3940798
4244435
4200813
4357998
4020888
3993565
4126868
3886747
4359803
3990355
4032630
4043232
4149827
4226400
3822200
4001107
4055015
3922492
4143984
4214502
3945750
4069673
4083802
3822635
4130993
4069741
4185156
4253745
4100395
4080989
3933364
4199798
4233665
4176864
4096723
4156596
4288210
4228492
4277873
4123752
4143984
4001107
4141303
3936073
3933364
4163590
4180139
4127689
4213520
3803271
4137353
4272200
3997168
4342788
3995849
4081099
4078655
3922492
4068543
4386027
4057558
4508555
4161178
4183424
4130226
3934003
4492107
4274476
3947528
4468053
3962265
4199798
4161178
4170673
3947528
4202240
3938533
4232032
4092992
3947161
4213903
4081099
4105183
4257852
4122472
4250012
4280421
3934003
4182074
4150510
4199798
4084769
4072576
4115806
4084769
4152489
3971752
4029924
4238147
3927892
4005970
4280331
3729419
4514790
4121467
3971104
4311300
4162420
4040193
4307903
4027802
4176864
4163128
4139699
3803271
4244435
4162229
3884925
4100395
3945750
3968521
4299812
3933353
3968521
4141303
4076826
3982309
4116943
4002906
4054142
4109998
3953597
4130906
3971752
4021626
3940913
4139581
4043232
4228637
4076510
3906355
4047057
4145744
4356378
4212203
4233193
4040005
4055015
4180139
4001107
4040005
4237994
3906355
4105183
4021626
3982286
3954572
4080315
3822635
4241012
4162254
4054142
4194628
4072576
4142455
3996527
4202240
3886747
4135457
4114787
4310891
4213317
4466093
4109590
4353265
4412831
4085660
4116716
4152489
4049830
3997168
4126868
4126868
4083802
4050278
4118919
4064337
4199798
4287101
3884925
4047057
4360318
3922492
3954572
4069673
4221772
4001107
3885579
3947223
3922518
4032995
3982286
4257328
4176468
4189018
4218261
3947161
4047057
4081099
4262830
4297788
4241145
3922518
4064996
4002906
4257547
4326072
4181599
3933364
3994942
3934003
4261509
4068401
4029924
4225768
4041879
4176339
4375080
4080989
4158969
4285170
4096723
4062381
4392077
3954572
4176515
3954572
4344307
4303046
3963724
4032995
4091933
3907340
4350102
3982309
4145744
3936073
4354037
4109590
4251290
4109590
4057277
4163590
4122472
3824836
3989132
4011202
4324344
4114787
4219394
4056382
4130906
4353265
3902137
4056382
4083917
3729419
3922518
4198034
4075286
4288807
4085216
4025032
4076826
4067130
3885579
4131838
4213317
4050278
4130230
4264455
4118919
4126729
4139254
4085660
3992221
4213317
3963559
4104302
4135505
4176817
4058286
3785189
3927892
3990355
4256407
4009698
3922518
4084769
4115800
3997740
4104418
4608033
4060055
4265092
3927892
4302648
4415242
4130431
4272993
4135505
4142455
4203005
4218192
4256526
4138228
3888108
4212203
3992221
4060055
4203005
3907340
3961589
4104418
4055015
4037584
4096723
4244435
3923575
3883110
4285897
3882985
4216856
4091671
4234098
4121467
4111185
3895345
4040193
4323479
3902137
4142947
3938533
4176468
4244435
4001107
3822200
4096723
3954572
4166705
4054957
4141279
4109590
4047222
3923328
4182074
4064337
4251290
3928061
3922492
4176817
3982309
3938533
4244435
4213903
4189087
4249451
3981633
4146104
3947223
4000799
4122472
4288807
4062381
3888108
4032630
3982286
4104418
3940798
4073136
4288968
4188114
4524377
4342788
4255816
4069315
3729419
3928061
3996527
4068401
4176864
3949298
4111185
4085975
4005970
3963559
3882985
4343847
4139581
4428636
4420113
4067130
3922492
4091258
4213157
4015792
4002906
4302648
4128781
4015792
4073136
3993565
4009698
4127893
4265170
4142677
4160963
4047057
3947161
4060055
3934003
4125912
4147931
4104418
4041879
4162420
3933364
4032630
4085216
4078663
3968521
4074822
4137858
4078663
4245306
4133911
4232650
3885579
4244810
3997740
4209798
4067792
4029924
3963372
4197075
4037584
4326413
4046842
4326238
4126868
4150870
4265170
3982286
4484903
3961589
4197075
4032995
4091933
4162254
4172009
4109590
4115745
4262830
3886747
3994942
4143984
4021626
3996527
3911004
4197075
3927892
4141279
4345219
4062381
3927892
4002906
4069673
3928061
4430323
4091671
4162420
4397527
3971104
4186718
4139699
4091933
4238147
4184199
4105183
4057558
4162254
4344307
4060055
4080315
4142490
3884925
3902137
3982309
4263627
4162254
3995849
4313082
4058286
4104418
4054678
4114787
4116943
4485178
4145744
4021626
3940913
4080989
4047222
3803271
3940913
3822200
3911004
4211322
4032995
4300711
4176339
3971104
4141303
3982286
3990355
4384776
4000799
4055121
4069673
3907340
4067130
4049830
4238147
4196073
4297788
4130431
3949298
3989132
4069673
4142677
4146104
4200813
4391154
4188114
4139254
3963724
4176864
3968521
4058286
4221815
3785189
4184199
4205257
3933353
3947528
4138228
4163590
4133911
4206164
4230023
4199798
4119885
4081099
4125912
4021626
4364352
4108847
3822635
4180139
4054142
3994942
4218192
4228159
4160963
4084769
4493487
4245306
3895345
4196073
4068543
4130993
3886747
4228830
4069741
4188114
4375080
4138228
4212203
4072576
4285170
4067130
4139581
4060071
4011202
4142490
4142947
3962265
4184205
3997168
4392847
4215863
4000799
4203132
4221815
4228830
4292970
4128781
4314219
4276878
4125912
3882985
4162229
4064337
4078663
4386027
4176864
3963372
4160963
4203005
3938533
4237994
4119885
4127689
3803271
4046842
4049830
4006093
3947161
4150051
4237994
4025032
3824836
4318852
3949298
4154751
3785189
4115745
4408701
4187514
4184805
4005970
4040005
4032995
3882985
3886747
4130993
4050278
4073136
4104024
4228337
3990355
3884925
4020888
4330330
4074822
4055121
4250012
4233665
4188114
4192472
4197075
4116610
4128781
4421193
4318852
3927892
4360853
4116716
4126294
4028590
4352008
4131838
3996527
3883110
4326413
4127689
4121467
4058286
4190900
4130906
4005970
4051872
3990355
4485178
3906355
3933364
3933364
4356378
4073136
4116716
4228637
4215863
4028590
4041879
3886747
4213903
4049830
4029924
4127893
4354037
4070606
4201512
4323490
4125912
4219682
3945750
4025032
4265170
4105183
4139699
4073136
3963372
3938533
4216856
4075286
4025032
4008554
4049830
4269444
4064337
4092992
3885579
3895345
4054678
4135457
4137353
3803271
4043232
3971104
4150051
4047222
4211322
4127689
4078663
4005970
4211699
4115950
4058286
4040193
4040193
4280056
3954148
3996527
4127479
4317868
4047222
4200813
4105183
4064337
3997740
4146104
4058286
4091671
4010885
4274391
3907340
4299042
4319378
4200813
4054957
4176468
3947161
4184805
3992221
4062381
3933353
4311086
4085216
4323490
4190900
4435159
4119885
4197075
3996527
4057277
4084769
4280813
4135505
4202240
4150870
3888108
4109590
4341763
3824836
4228492
4040005
4176515
3785189
3906355
4174809
4128026
4025032
4302083
3963724
4226400
4096723
4237994
4123752
4189018
4277897
4274391
4341554
3922518
4065583
4441007
4184805
4481537
4001107
4008554
4384037
4483656
4069741
4198034
3884925
4107393
4302373
3933353
4040005
4269875
4069741
4261509
4047057
3902137
3911004
3997168
3995435
4428317
4234557
4578687
4384776
3947223
3927892
4078663
4212203
4200239
4046842
4161564
4064996
4000799
3947223
4156596
4184199
4054142
4141303
4055121
3803271
4128026
4241012
4249451
4203275
4126729
4142490
4492715
4127689
4147931
4150475
4126729
4109590
4150051
4306152
4146104
4201810
3885579
4190228
4111185
3902137
4130906
4009698
3995435
4219742
4326238
4119885
4142677
3895345
3982309
4380422
4011202
4080989
4263771
3994942
3995013
4388772
4174809
4197691
4069741
4050278
3989132
4130906
4176339
4143990
4138228
4067130
4069741
4156596
4070606
4214184
4080989
4300711
4047057
4490308
4205257
3923328
4217368
4104024
4020888
3995849
3936073
4200813
4040005
4552193
4143990
4387272
4025032
3803271
4051872
3911004
3940798
4100395
4115745
3923328
4172009
4008554
3968976
4116716
3947161
4083917
4141279
4237930
4008554
4092992
3928061
4250847
4115950
4274476
3940913
4085975
4138044
3962265
3992221
3934003
3940798
3940798
4126868
4130906
3963559
4180218
3961589
3936073
4137353
4143990
3911004
3963724
4074822
4084769
4076510
4225768
3947223
3993565
4104302
3940913
4263627
4141303
4027802
3907340
3993565
4147931
3971752
3954148
3954572
4503656
4243451
4238147
4158969
3923328
3945750
4232983
4197075
4532733
4055121
4116610
3982286
4132132
4002906
4054142
3947223
4064337
3947223
4244810
4198034
4478576
4142455
3922518
3968976
4130226
4141279
4070606
4006093
3947528
4043232
4408701
4353265
4104024
4219682
4049830
4256407
4203132
4147931
4324766
4176468
4259593
4027802
4005970
3928061
4506633
3971752
4132132
4433173
3922518
4067130
4348236
4280421
4163841
4084769
4150510
4142677
4372269
3902137
4096387
4130230
4263771
3961589
4160963
4009698
4277897
4134673
3922492
4365992
3923328
3940798
4253745
4221275
4227088
3927892
4123752
4107393
3961589
4145744
4100395
4216856
4329639
4056382
4242453
4055121
4069315
3949298
3982309
4142455
4143984
4028590
4184199
4068401
4134673
4085975
4448005
3803271
3933364
4313394
4027802
4433148
4133911
3938533
4241796
4051872
3902137
3888108
3940913
4047222
3963559
4021626
3989132
3947223
3930174
4194628
3911004
3995849
4303046
4142677
4147931
4344325
4308530
4015792
4247862
4119885
4147931
3947528
4062381
4385771
4448005
3884925
4198034
4116610
4122472
3954572
4324597
4047057
3886747
4067130
4211322
3996527
4220245
4055015
4288807
4205257
3963559
3936073
3982309
4228830
4158953
3997740
3968521
4047057
4184205
3996527
4057558
4219394
4137858
4111185
4182074
4357998
4064996
4238262
4127182
3995013
4347367
4081099
4125912
4197691
3953597
4104024
4160909
4116610
4118919
4083802
3963559
4069315
4554524
4133781
4162862
4163590
4285897
4166705
3729419
4170673
4057558
4109590
4040193
4135457
4234098
3928061
4257328
4054142
4233735
4143984
4068543
4137858
4158953
3940798
4057558
4343214
3982286
3911004
3963372
4054957
4127893
4224292
4161178
3997168
4235602
4299042
4009698
3930174
4154751
4256526
4135457
3949298
4186718
4200813
3940913
4021626
4300859
4054678
4115469
3922492
4005970
4234510
4072576
4127689
4240834
4298398
4011202
4144240
4127689
4263771
3729419
4278560
4115469
4152489
4256493
4060071
4109998
4330330
4060071
4386504
4137353
3923575
4384037
3911004
3989132
4133911
4091258
4232473
4126294
4518032
4183424
4188114
4096387
3886747
4078663
3785189
4085216
4023068
4322942
3883110
4043232
3953597
3968521
4176817
4161564
3928061
4324344
4158969
4216856
4387272
4338908
3996527
4187514
4142455
3953597
4287485
4147931
4047057
4116716
4123752
4054957
4343972
4255087
4108847
3963724
4121467
4224292
4271409
4411780
4143990
4062381
3982309
4009698
3940798
4160909
4285897
4213317
3927892
4302648
4137858
4137353
4258542
4068401
4043232
4342788
4201810
3982309
4354037
4230023
4162862
4363275
4085660
4212203
4115950
4186949
4047222
4185156
4135505
3803271
4041879
3989132
4125912
4126294
4150051
4054142
4047057
4486584
4221772
4130230
4313378
3824836
3822200
4011202
4311086
4407896
4300859
4135457
3945750
4056382
4284698
4204440
4087728
4226693
4122472
4005970
4390189
4232983
4238858
3989132
4151121
4206164
4054142
4274216
3803271
3968521
4078663
4488462
4250012
4138044
4067792
3997168
4271654
4085975
4245306
4176817
4062381
3884925
3968976
4143984
4130906
4115745
4055015
3922518
4057558
3923328
4127182
4127893
4130431
4126868
4344325
4125912
3963724
4237930
3940913
3982286
4057277
4421193
3933353
4163841
4005970
4319378
4123752
4083802
4216856
4104024
4075286
4174809
4233193
3923575
4241129
4011202
4115800
4060071
4204440
4219394
4083917
4141279
4032995
4150475
4317676
4116610
4027802
4300711
4126884
3822635
4141279
4047057
4108847
3989132
4126884
4184199
3995435
3934003
4487175
4274956
4227088
4068401
3927892
4180139
3830776
4287101
3971104
4069315
4174809
4238196
4202240
3923328
4253745
4255087
4122472
4091933
4085216
4274216
4062381
4058286
4278560
4144240
3923328
4302083
3995435
4200813
4021626
3830776
4145744
3822200
4484066
4069673
4240834
4300711
4318852
4213903
4160963
4068543
4130226
4188114
4006093
3927892
4209798
3990355
4008554
3729419
3947161
3997740
4233564
4176515
4404394
4313082
4084769
3992221
3729419
4084769
4317868
3989132
4069315
4063678
4233665
4111185
4226693
3995013
4189087
4379672
4186718
3947161
3907340
4241012
4123752
3822200
4091933
4064996
3923328
4096387
4345418
4141303
3995435
4049830
4141630
4143990
3922518
4128781
4343008
3923575
4397527
4071555
3947161
4492765
4069741
4162862
4217368
3947161
4073136
4105183
4130226
3883110
3994942
3822635
3997740
3940913
3830776
4302648
4328442
4142947
4133911
3968976
3947161
4114787
3963559
4365992
4006093
3947161
4128781
3971104
4357049
3995435
3992221
4064337
4152489
3954572
3961589
4200077
4243451
4040005
3886747
4021626
4170673
4444438
4183085
3995435
4201512
4114787
4139699
4008554
3994942
3982309
4076510
4237930
4104302
3882985
4213317
4109998
3954148
4417928
4381617
4151121
3947161
3961589
4227088
4479276
4116943
4213216
4087728
3902137
3822635
4486584
4081099
4168045
4105183
4070606
4043232
4323490
4265092
3947223
4187514
4211699
4055211
4125912
4010885
4343540
4150475
4141279
4188114
3995849
4158953
4182074
4130230
3990355
3947161
4133781
4027802
4381699
4047057
4049830
3971104
4069315
3989132
4041879
4172009
4292970
3922492
4197691
3906355
4116610
4001107
4658256
4196073
4357987
4063678
3953597
4204440
3971752
4300859
4139581
4144240
3993565
3994942
4142490
3968521
4152692
4141630
4130230
4073136
4318852
3968521
3822200
4083802
4096723
4180139
4232032
4211699
4141303
4060071
4353814
4317336
4006093
3996527
4250012
3963559
3995013
4133781
3982309
4190228
4043232
3933353
3971104
4143990
4067130
4162254
4239100
4080315
4244435
4054678
4123300
3981633
4311086
4298398
4244435
4290150
4244810
4238196
4517916
3934003
3930174
3906355
4069315
4300859
4126884
3923575
3933364
3883110
4076510
4423388
3902137
4015792
4237930
4125912
3930174
4524377
4201512
3927892
3906355
4162862
3902137
4115800
4386504
4198034
4119885
4324597
4200239
4130431
4069673
4214502
4064337
3997168
3906355
4261040
3822635
4160963
4151121
3961589
4085660
4357049
4087728
4324597
3994942
4380296
4245306
4128781
4143984
3945750
3934003
4164596
4214184
4146104
4111185
4123300
4353638
4047057
4054142
4323479
4080315
4233665
4032630
4047057
3993565
3895345
3947223
4186949
4040193
4010885
4233564
3993565
4189087
4241796
4067792
4037584
3949298
3830776
4183424
4032630
4176864
4146104
4040005
4134633
4028590
3963372
4213216
3885579
4209798
4029924
4138228
4115469
3981633
4211699
3990355
4001107
3997168
3923575
3907340
4343972
4359954
3945750
4189018
3995849
4138228
4142947
4104418
3963372
4009698
4226400
4213520
3824836
4160909
4240834
3981633
4671106
4228159
3885579
3992221
3994942
3995435
4057558
4104302
4123752
4213216
3963559
3940913
4319467
4237930
3940798
3934003
4168045
4123300
4232983
3729419
4064996
3971104
3995013
4135457
4163590
4160909
4032630
4130226
4050278
4002906
4143984
3886747
4115806
4126884
3971752
3963372
4027802
4057558
4040005
3945750
4032995
4373385
4214345
4001107
4343008
4302373
4288210
3888108
3994942
4158969
3922518
4297788
4062381
3995849
4385771
4085660
4164596
4274216
4118919
4256526
4650275
3911004
3888108
3995013
4021626
4055121
4064996
4197075
4244435
4311086
4116716
4071555
3902137
4300711
4225768
4538406
4214502
4309117
4127689
4280056
4068401
3922492
4114787
4401360
4341554
3971752
3947223
4162420
4144240
3729419
4184199
4189087
4180218
4060071
4359682
4083802
4006093
4316538
4058286
4071555
3830776
4317336
3830776
4043232
4096723
3954148
4002906
4137858
4104024
4182074
4234098
3962265
3933353
4109590
4220245
4067792
4190228
4228159
4203275
4187514
4127689
3963559
4560465
4121467
3902137
4331996
4065583
4385771
3882985
3997168
4131838
4054678
4158969
3996527
3961589
4250012
4040005
4055211
4047222
4126294
3989132
3884925
4118919
4234098
3995849
4104418
3882985
3933364
4218261
4132132
4121467
3936073
3936073
3906355
4146104
4360318
4028590
4176817
4150475
4277873
3883110
4390189
4232983
4104418
4127479
4160963
3995435
3963559
4114787
3963559
4158953
4075286
4213317
4382966
3992221
3947223
4020888
4225768
4186949
4138044
3923328
4264455
4696572
3982286
4037584
3729419
4143990
4309117
4001107
4216856
3968976
3803271
4083802
4043232
3996527
3996527
4241145
3824836
4568959
4166705
4176864
4123300
4096387
4054957
4010885
4475772
4307968
3803271
4128781
4130226
4085216
3822635
3971752
4021626
4176515
4025032
4057558
3968521
4037584
4343540
4069315
4122472
4047222
4284698
4206164
4217368
4069315
3953597
4134673
4233623
4080315
3947161
4104024
4127479
3989132
4078655
4163841
4203275
4625921
4183424
4028590
4160963
4176339
4125912
4050278
4067792
3953597
4200239
4015792
4047057
4244435
4029924
4055015
4176339
4180218
4658704
4062381
3992221
3994942
4023068
4055015
4085216
4215863
4460460
3997168
4232253
3968521
3911004
4194628
4228492
4204015
4217321
4475772
4164596
4324766
4083802
3824836
3907340
4205257
4126729
3962265
4313082
4081099
4078655
3822635
4214502
4164596
4180139
4239100
4049830
3934003
3981633
4064996
3933364
3822200
4229813
4232983
4162229
4284698
4128781
4285170
4130431
3949298
4070606
3945750
4134673
4069315
4219682
3933364
3933364
4133781
4205257
3954572
4047222
4313394
3997168
3822635
4130906
4257547
4091671
4343214
4143990
3996527
3907340
3923328
4287101
4002906
4162229
3990355
4040005
4047222
3888108
3940798
4228830
4312445
3922518
4189018
4040005
4065583
4006093
4269875
4001107
3830776
4028590
4064996
3907340
4151121
4392512
4161564
3923328
3947161
3934003
4373385
4292970
4164596
4009698
4025032
3949298
4300859
3982309
4130993
3885579
3995849
4237146
4029924
4107393
4122472
4142947
3954572
4163590
3947161
4060055
4115950
4128781
3785189
3729419
3995013
4182074
4698204
4032995
4319378
4142947
3968521
4227088
4054678
4330330
4142490
4201512
3994942
4051872
4132132
4133781
3968521
4241012
4040193
4134633
4224790
4184199
3922518
3933353
4069315
3954572
4324597
4054678
4116716
3947223
4255087
3995435
4203275
4041879
4149827
3884925
3995849
4029924
3940798
4121467
4232253
4214345
3997168
3886747
3824836
4074822
4163128
4285170
4143990
4269444
4364854
4269444
4085216
4184199
4564248
4029924
3982309
4201810
4085975
4168045
4115806
4068401
4154751
3933353
4135457
3945750
4062381
4032995
3883110
4192472
4172009
3990355
4138228
4180218
4198034
4163590
4232032
3945750
4029924
4057558
4118919
4085975
3990355
4091933
4119885
4067792
4265170
4050278
3982286
4057277
3922492
3885579
4084769
3954572
4237930
4277399
4130431
4080315
4078663
4040193
4128781
4055121
4055211
3888108
4219742
4230023
4029924
4322942
4040193
4228159
4130993
4116943
4037584
3954572
4072576
4232650
4015792
3922492
3803271
4057558
3996527
4063678
4140573
3936073
4092992
4202240
4063678
4232650
4228637
4032995
4002906
4164596
4292970
3997168
4134633
3947223
4491660
3945750
4217305
4263627
4133781
4189087
4011202
4416412
4326072
4158969
3997740
3923575
4062381
3911004
4107393
4037584
4268883
3923575
3982286
4233665
4002906
3949298
4176468
4037584
4419734
4250847
4412441
3981633
4069315
4040193
4071555
4021626
4065583
3822635
3927892
3995435
4056382
4202240
4126729
4115469
4192472
3954148
4114787
4133781
4115469
4361448
3954572
3954148
4107393
3933364
4209798
3830776
4206164
3963559
3954148
4051872
3882985
4261040
4111185
4243451
4133911
4143984
3882985
4235602
4176864
3940913
4237994
4341763
4343847
4011202
4074822
4028590
4162254
4162862
4328442
3907340
4055211
4218261
3785189
4310891
3883110
4128026
4176864
4203132
4204015
4515166
4353265
4056382
3989132
4032995
3940798
3822200
4123300
4213317
4041879
4010885
4119885
4062381
4078663
4041879
3906355
3907340
4083802
3990355
4203132
4029924
3907340
4130431
4160909
3949298
4055121
4200813
4123752
4386729
4211058
4075286
3803271
3940798
4000799
4105183
4041879
4072576
4213157
3803271
4248387
4040193
4213317
4203005
4143990
4133781
4068543
3907340
4154751
3963724
4141279
4284698
3947528
4461671
4083917
4134633
4109998
4141630
3884925
4160909
4187514
4336776
4189087
4233193
3923575
4316439
4161178
3981633
4063678
3923575
4116943
3923328
4142677
4197691
4183424
4071555
4069673
4263627
4213903
4085216
4115800
4115800
4343008
4023068
3902137
4233665
3954148
3886747
4198034
4189087
4062381
4228637
3940798
4047222
4049830
3993565
4161564
4092992
4213216
4142677
4194628
3933353
4324597
3990355
4139254
4200813
4142455
4441535
4326413
4057558
3962265
4176339
4076510
4078663
4001107
4100395
3992221
4163590
3982309
3938533
4184199
4471498
3902137
4064337
4063678
4127893
3995849
4180218
4243451
4448495
4046842
4104418
3971104
3923328
4135505
4181599
4151121
4032995
4141630
4092992
3963559
4141630
4382966
4271654
4091258
3885579
3947528
4307903
4116716
3822200
4130431
4189018
4128781
4326413
3968976
3949298
4385572
4005970
3997168
4216856
3992221
3997168
3954572
4028590
3992221
4080989
4138044
4028590
3993565
4057277
4268883
3995435
4256407
4176339
3982286
4096723
4300711
3945750
3922518
4085975
4055211
3963372
3911004
4215863
4010885
4091933
4076510
4287101
4005970
4269875
3923575
4161178
3963724
4256407
4156596
4041879
3968976
4116610
3995013
4127479
4261040
3936073
4054142
3906355
4009698
3895345
4043232
4151121
4056382
4460460
3993565
3824836
4134673
3902137
4028590
3962265
4217305
3995013
4058286
4085975
4057558
4080315
4068401
4176515
4256526
4115950
4219682
4051872
4055015
4142947
3961589
4342788
4130431
3803271
4241129
3885579
4168045
4211322
4047057
4229813
4233564
4023068
3902137
3961589
4336781
3927892
4057277
4023068
4028590
4075286
4078663
4423388
4342788
4064337
4055121
3933353
3895345
3885579
4233665
4092992
4096387
4535601
3930174
4213216
4365992
4416412
4142677
4343214
4084769
3729419
3938533
3938533
4126868
4261040
4206164
4123752
4142490
3933353
4009698
3928061
4232983
4455245
4213317
4461925
3947223
4067792
3962265
4078663
4058286
4483656
3785189
4115745
3953597
4197691
4115806
4139254
4081099
4142947
4071555
3886747
4423388
4005970
4041879
4168045
4091933
3883110
4519796
4054142
4181599
3938533
3961589
4126729
3923328
4142455
3993565
3993565
4009698
4009698
3729419
4215863
4127182
4000799
4237930
3961589
4272200
4050278
4010885
4104302
4058286
3947528
3994942
3922518
3934003
3830776
4257547
4085216
4228830
4394735
3940913
3947528
4002906
3883110
4075286
3989132
4055121
3927892
4182074
3884925
4228159
4608898
3981633
4055121
4073136
4137353
4096387
4015792
3995849
4104024
4343847
4126729
4047057
3995849
4265170
3994942
4080989
3947223
4064337
4264455
4032995
4162862
4100395
4130226
4002906
4132132
4180139
4517457
4071555
4078663
4143984
4203005
4407372
3995013
4142947
4006093
4115806
4149827
4119885
4150475
4144240
3961589
4343008
4122472
3933353
4057558
4054957
4111185
4069673
3971104
4025032
4115469
3968521
3911004
3933364
4001107
4015792
4064337
3906355
3990355
4238262
4085216
3995849
4145744
4116943
4032995
4263771
4200813
4125912
3911004
3995435
4217305
4133781
4226400
4126868
3923328
4054142
4065583
4083802
4391803
4224292
3994942
3885579
4150475
4257328
3982309
3953597
4244810
4161564
4115806
3963559
4000799
4085216
4021626
4386504
4189018
4156596
4163590
4011202
4134633
4130993
4156596
4204015
3995013
4142455
4203275
4025032
4199798
4531049
3884925
4116610
4535601
3922492
4203005
4262830
3995013
4219394
4122472
3936073
3928061
4237994
3884925
4001107
4322942
3953597
3954148
4183085
4123300
3803271
3963724
3996527
4122472
4041879
4091671
4069741
3938533
4116716
4068543
4141303
4065583
3971104
4137858
4407896
4189018
4069673
4313378
3968521
3882985
3923575
4072576
3997168
4274391
4233623
4008554
4070606
4176864
4091671
3947223
3907340
3940913
4076826
4055211
4201810
4384810
4314246
3822200
4056382
4130230
3995849
3992221
4184805
4206164
3997168
3886747
4070606
4135457
4190228
3729419
4115806
4027802
4130431
3885579
4127182
4139581
3990355
4062381
4127893
4209798
4010885
4130226
4398260
3830776
4068543
3961589
3884925
4083802
4032995
3947528
3963724
4115745
4395839
4133911
3949298
4277276
4313082
4163590
4161564
3995013
3961589
4050278
4271654
4135457
3940913
3729419
3907340
4151121
4206164
4116610
4229813
3907340
4229813
3822200
4029924
4133911
4056382
4040193
4200813
4023068
4067792
4046842
4072576
3982286
4256407
4345900
4141279
4060071
4213216
4092992
4054957
4040005
4205194
4135505
3996527
4084769
4239100
4259858
4234098
4269875
4408701
4057558
3981633
4358396
3947528
3830776
4057277
4200813
4010885
4055211
4176817
3884925
4316439
3940913
4341242
4238196
4041879
4139581
4203132
4070606
4143990
4133911
4055211
4096387
4006093
4020888
3968976
4215863
4143990
4087728
4183424
4085975
4076826
3997740
4109998
4271654
4199798
3990355
3961589
3923575
4132132
4114787
3883110
4130230
4137353
4123752
4040005
4104024
4133911
4104024
4324597
4342788
4084769
4142455
4054957
3954148
3982309
3940798
3954148
4091258
4204015
4200813
4080989
3895345
4302373
4064996
4180139
4111185
3962265
3963724
4140573
4080315
4109590
4139581
4002906
4238262
4020888
4127893
3968521
3907340
4244810
3968976
4212203
3989132
4126884
3822200
4571349
4130906
3911004
4139254
4357049
4027802
3961589
4317868
3895345
3971104
4118919
4085660
4008554
4258542
4025032
4163128
3989132
4135457
4047057
4233564
4388725
4025032
4183085
4138228
4395839
4122472
4108847
4425481
4132132
3963372
3922492
3785189
3982286
4150510
4200813
3971104
4049830
4109590
4064996
3885579
4043232
3928061
3963724
3963372
4156596
3888108
3995849
4122472
4074822
4130230
4070606
4025032
4116610
3989132
4163128
4303046
4277276
4323479
4069673
4105183
4294903
3902137
4183085
3888108
4076510
4272200
4049830
3882985
3895345
4278924
4164596
3961589
3994942
4096387
4141630
3928061
4189087
4264455
4130226
4109590
4190228
4000799
4128026
4127893
4211699
4001107
3729419
4141630
4180139
4080989
4225768
4056382
3936073
4056382
3922492
4203275
4135505
3940798
4085975
4184805
3996527
4010885
4344325
4431245
4154751
4189018
4091933
3968521
3963559
4128781
4145744
3990355
3938533
3822635
4091671
3922492
3895345
3992221
3785189
4205257
4162254
4072576
4001107
3884925
4091671
3997740
4211058
4057277
4239100
4126294
3971104
4217321
4228159
4051872
4040193
4233564
4170673
4071555
4015792
4057558
4072576
3883110
4064337
3933364
4200239
4096723
3953597
3907340
4372269
3938533
4232650
4127689
4011202
3992221
4325332
3906355
4047222
4060071
4220245
3949298
4081099
4422789
4058286
4154751
4073136
4062381
4069673
4010885
3888108
4032995
4029924
4182074
4285897
4256526
4056382
4162229
4344307
4160963
4314219
4076826
4070606
3990355
4214184
4116610
4100395
4145744
4196073
4143984
3989132
4214345
4140573
3968521
4005970
4055121
4466093
3968521
4083917
3963559
3927892
4245306
4141303
4127479
4083802
4150475
4067792
4020888
4107393
4054678
3953597
4116610
4213317
4104302
4116610
4041879
4087728
4228492
3947528
4217368
4247869
4198034
3940798
4008554
4115800
3992221
4037584
4256526
4105183
4228830
4301427
4070606
4237994
3927892
3830776
4041879
3962265
4448005
4500195
4228337
4057558
4074822
4255087
3940913
4027802
4433173
4217368
4000799
4277873
4184805
4127689
4127893
4055015
4051872
3949298
4060055
4233193
3997740
4181599
4100395
4141630
3981633
4239100
4279712
3982309
4353265
4274216
4134673
4049830
4011202
3954148
4126729
4338908
4029924
3936073
4125912
4054142
4174809
4130230
3923328
4109590
4067792
4054142
4091933
3992221
4283076
4080989
3803271
4029924
4138044
3997168
4068543
4119885
3968976
4049830
3923328
4068543
4205194
4518517
3992221
3961589
4130226
4049830
4023068
4130431
3996527
3971752
4032995
4386504
4118919
4314246
4054678
4162254
3971104
3923575
4219394
3994942
4233564
3954148
4072576
4142455
4233665
4134633
4184199
4423653
3963372
4160963
4091671
3923328
3968976
4361448
3997168
3971104
3949298
4409818
4214345
3906355
4040193
4357049
4115469
4134673
4069673
4085975
4180218
4235602
4087728
4028590
4324766
4064996
4005970
3930174
3923575
4162420
4219742
4081099
3971752
4268883
4006093
4160963
4137858
4078655
4054142
3982309
4116716
4115800
4183085
4248387
4144240
3822200
4160963
4096387
4069741
4241129
4131838
4244810
3884925
4056382
4213157
4204440
4415242
4258542
4010885
3995013
4219742
4067792
4228637
4415735
4070606
4002906
4433173
3822200
4299042
4256493
4203005
4142455
3885579
3961589
3923328
3883110
3803271
4123300
4203275
3968976
4047057
3996527
3990355
4233193
3922492
4023068
3922492
4054957
4139699
4176468
3968521
4083802
4023068
4248387
4047057
4243451
3822200
4404230
4115800
4116943
4156596
4005970
3907340
3922518
4547405
4244810
3954148
4083917
4065583
3895345
3923328
4139699
4204015
4233665
3945750
4356378
4055015
4152692
3911004
4244435
3982286
4234098
4125912
3947223
4204440
4263771
4067792
3947223
3981633
4359071
4203275
3982286
3971752
3888108
4492107
4161178
4184199
4170673
4083802
4054957
3911004
4277873
4274476
4104024
4069741
3982286
3968521
4055211
3729419
4310891
4064337
4163841
4314246
4141630
4422789
3968976
3992221
3936073
4096387
4105183
4361615
4156596
4128781
4156596
3947223
4226400
4134633
4115950
4122472
4025032
4277873
4314796
3997168
4104302
4186949
3997168
4255087
4140573
3963372
3996527
3945750
4441007
4217321
4064996
4214678
4186949
4115950
3994942
4353265
4081099
4262830
4116943
4078663
4161564
4055211
4085660
4194628
4232032
4116943
4037584
4131838
3954148
4057277
4115469
3953597
4138044
3947161
4015792
3947223
3954148
4128026
3922518
3997740
4132132
4078655
4156596
4257328
3982286
4265170
3883110
4107393
4080989
4080315
4164596
3993565
3886747
4415735
4299812
4043232
4219682
4116610
4216856
4451339
3886747
4109998
4049830
4055121
3981633
3962265
3930174
4069315
3824836
4375080
4203005
4205194
4133781
4023068
3963372
3997168
3940913
4182074
4023068
3785189
4204440
4081099
4527143
4027802
4142677
4123300
4076510
3882985
3990355
4056382
3906355
4218192
4115806
4002906
4049830
3992221
3949298
4162420
4617292
4232032
4139254
4140573
4163590
4064337
4184199
4244435
4055121
4040193
4160909
4001107
4115745
4068401
4232650
4143990
3824836
4116610
4363069
4513868
4118919
4069741
4271409
4067792
3961589
3922518
4228159
4250012
4201512
4162420
4488462
4276878
4381699
4399477
3907340
4151121
3938533
4047057
3928061
3992221
4105183
3928061
4342788
4269875
3940798
3989132
4302648
3982286
3996527
4080989
3997740
4054678
4054678
4050278
3922492
3902137
4226693
4081099
3934003
4176864
3997168
4109590
4277897
4314246
4000799
3992221
4138044
3822200
3883110
4137353
4288210
4143984
4262566
4073136
4127689
4204440
3982309
3961589
3886747
3907340
4104302
4633319
3997168
4002906
3971104
4127479
3907340
4123752
4000799
4152692
3933353
4241145
3933353
3933353
3994942
3938533
4284698
4134633
4069315
4150475
4141630
4202240
4326238
4184205
4130906
3994942
4214678
4074822
4217368
4085975
4272200
4213216
4213157
4204015
4214502
4220245
4067130
4436673
3954148
4069673
4140573
3928061
4116943
3997740
4075286
4232983
4246670
4126884
3947223
3947161
3963372
3922492
4277873
4134673
3934003
4359071
3981633
4084769
4133911
4280056
4189018
4062381
4109998
3982286
3922492
4228337
4139581
4020888
4737438
3990355
4041879
3940913
4183085
4096723
3922492
4404394
4267906
3922492
3990355
4419941
4032630
4074822
4015792
4083917
4020888
4188114
4401360
4076826
4423388
4147931
3940913
3885579
4069673
4115469
4118919
4174809
4115469
4091671
4158953
3886747
4257852
4272993
4158953
4162229
4060071
4162254
4054678
3953597
4213903
4199798
4237930
4302083
3963724
4109998
4047222
4081099
3992221
4130993
4072576
3947223
3824836
4295854
4243451
4040005
4069741
4320681
4051872
4232032
4257852
4232032
4158969
4201512
4326238
4130993
4352008
4144240
4116943
4054678
4128781
4440642
4197691
4116943
4224790
4130230
4409408
4271654
4021626
4166705
4080989
4373385
4126868
3885579
4258542
4288968
4180139
3996527
4248387
4130226
3997168
4241145
4206164
4142455
4118919
4047057
3962265
4115745
4150051
4230023
4190900
4232253
4005970
4284698
4288968
4272993
4104024
4484558
4115950
4037584
4345900
4122472
4233665
3947528
4202240
4025032
4359071
4116943
4068543
4076510
4015792
4213903
4001107
4237994
3822200
3963372
4067130
4214678
4064996
4122472
4406260
4232253
4214345
4108847
4267906
4144240
4237994
4182074
4043232
4122472
4270249
4104024
4217368
3961589
4256526
4269444
4186718
4214345
4176817
4550174
4047222
3886747
3981633
4151121
3949298
4256407
3995849
3971752
4143990
4078663
4126294
3947161
4214345
4050278
4176339
4182074
4032995
4152692
4161564
4214502
4054678
4065583
4453933
4163590
3963372
4214502
4001107
4336163
3989132
4108847
3884925
4228637
4047222
4176817
4213216
4360318
4122472
4224790
4142677
3729419
3992221
4300711
4055015
3933364
4245306
4043232
3968521
3995013
4043232
4147931
4270249
4274391
4215863
3785189
4107393
4116716
3882985
3933364
3992221
4047222
3971752
3947528
3824836
4006093
4131838
4385572
4133911
4025032
4380422
3888108
4379344
3949298
3803271
4162862
3996527
3963372
4259858
4244435
3997740
4135505
4072576
4214502
4202240
3945750
4551860
3996527
4298398
4174809
4183085
4081099
4126294
4235602
3923328
3923575
4332972
3906355
4083802
4297788
4040005
4183424
3940913
4122472
4139699
4205194
3945750
4237146
3930174
4125912
4008554
4123752
4009698
4069741
4055211
4123300
4021626
4184205
4190228
4280331
3888108
3982286
4096387
4189087
3971752
4108847
3997168
4130431
4203275
4140573
4176817
4162254
3906355
4111185
4280056
3911004
3907340
3997168
3982309
4176468
4083802
3963724
4201810
4218192
4183424
4238147
4272993
4154751
4326072
3902137
4152692
4057277
4395839
3882985
4250008
3954148
4262830
4146104
4237930
4259858
4158953
3971104
3928061
4028590
3963559
4027802
4009698
4359071
4239100
3822635
4058286
4116943
4072576
4133781
4160909
3933364
4196073
4256493
4158953
3927892
4150870
4020888
4162420
4081099
3949298
4115745
4119885
4506633
3982309
4021626
4232032
4104418
4188114
4280331
4245306
4428636
3996527
4176468
4069315
4104418
4115745
4041879
4047222
3803271
4176468
3963724
4253745
4316439
4060055
4137353
3940913
3906355
4151121
3947223
4158969
4162420
4040005
4085660
3923575
3824836
3997168
4524377
3933364
4083917
3981633
4234557
3882985
4116943
4130431
4262566
4256493
3930174
4078663
4430971
3971752
4149827
4127182
3922518
4073136
4127182
3822635
3997168
4294903
4398260
4133911
4156596
4297788
4055121
3963372
4067792
4073136
4001107
3902137
4119885
4239100
4040193
4322942
4163128
3902137
4313082
4131838
4096387
4135505
4198034
4139699
4274216
4257328
4285897
3888108
4118919
3785189
3882985
4192472
4162420
4076510
4049830
4068543
3922518
3996527
3995849
4009698
4071555
3949298
4115806
4037584
3822200
3882985
4271654
4319467
3963724
4200077
4198034
4160909
4015792
4403268
4220245
4150870
4067792
3993565
3992221
4270249
3947223
4274226
4021626
3824836
4593712
4091671
4185156
3923328
4069741
3954148
4265092
4150051
4150051
4215863
4058286
4105183
4184805
3947223
4288781
4218192
4140573
4049830
4083917
4398260
4150870
4023068
4111185
4010885
4152489
4115469
3963724
3803271
4058286
4029924
4119885
3954148
4096723
3803271
4054957
4054957
4085975
4224790
4142455
4203132
4069315
4104418
4047222
4032630
4244810
4041879
3907340
4186949
4203275
4047057
4064337
4011202
4138044
4154751
4123300
3729419
3923575
4203005
4274391
4104418
4067792
4116716
4057277
4232032
4263627
4006093
4382966
3982286
4211322
4160909
4076826
4234510
4139699
4257547
4067792
4096723
4450679
4265092
4342788
4047222
3961589
4002906
3961589
4232650
3922492
4307968
4130226
3785189
3888108
4062381
4259395
3947161
3888108
4345900
3822200
3963372
3830776
3982286
4062381
4050278
4373385
4280421
4005970
4521943
4122472
4054142
4139699
4067792
4142947
3785189
4145744
4168045
4009698
4116610
4076826
4127182
3995013
4115950
3971104
4065583
3947223
3883110
3911004
4043232
4076510
4247862
3923328
3934003
3971104
4069673
4196073
4381699
4131838
4274226
4032630
4430323
4085975
3947161
4055015
4176468
4062381
4360853
4205194
4067130
4232983
3895345
4058286
3996527
4056382
4087728
4127893
4143984
4130993
4158969
4054957
4162862
4141279
4176339
4182074
4164596
4029924
4046842
4415242
4037584
3997740
4143984
4238858
4261509
4055015
4361448
4217368
4133911
4213157
4091671
4221815
4055015
4078655
3824836
4121467
3906355
4057558
4125912
4050278
4298398
4364360
4078655
4213520
4100395
4054678
3947528
3995849
4121467
4054142
4244435
4290150
4250847
4123300
4062381
4255087
3882985
4415885
4005970
4311300
4182074
4091258
4115469
4228637
4027802
4020888
4047057
3947161
4158969
4156596
4060071
3963559
3961589
4211322
4359071
4301427
4271409
4118919
3830776
4128026
4073136
4069741
3882985
3963372
4160963
4160909
4199798
4130906
4176864
4147931
3884925
4162229
4069315
3923575
4067792
3933364
3971752
4075286
4251290
3785189
4186949
4006093
4111185
3885579
3995849
3953597
4228830
4166705
4357987
4070606
4126729
4128026
4055121
4109590
3995849
4057277
4343214
3945750
3947528
4075286
4202240
4319467
3923575
4047222
4011202
4270249
4288968
4139254
4115469
4135457
4142455
4047222
3895345
4118919
3928061
4108847
4186718
3953597
4143990
4116943
4111185
4144240
4115745
4055211
4060055
3822200
4224790
4162254
4128026
3930174
3933364
4213520
4032630
4221275
4047057
3922492
4029924
4115800
4232650
4228159
4288807
4186949
4111185
3830776
4028590
3882985
4298398
4161178
3882985
4127689
4123752
4141630
4049830
4010885
4259858
4078663
4162862
4069315
4180139
3995013
4374360
4218192
4415735
3822200
4186949
4008554
4105183
3906355
4116716
4314219
4608898
4055121
3907340
4255816
4067792
3928061
3994942
4162420
4085660
3995013
3922518
4279712
4176515
3981633
4064337
3923328
4162254
4238147
4142677
3961589
4302648
4128781
4137858
4285897
4084769
3940798
4105183
4524490
4091258
4121467
3936073
3922518
4554524
4302373
4538353
4233665
4247869
3729419
3947528
4075286
4137858
3940798
4054678
4221772
3907340
4025032
4050278
4234510
4259593
4274956
4068543
4126868
4078663
4057277
4702904
4137858
3785189
3882985
3927892
3922518
4299812
4138228
3907340
4122472
4083802
4218261
4203275
4270665
4279712
4288807
4176515
4180218
4345900
3953597
4047222
3883110
3963724
4555612
4154751
4028590
4324766
4263627
4055211
4109590
4270249
4076510
4060055
4313082
4461816
3996527
3981633
4126868
4068543
4214184
3995013
4251290
4232473
4232650
4158969
3906355
4105183
4060071
4078663
4126294
4139581
4608898
4141303
4123752
3949298
4311300
3995849
4194628
3961589
4023068
4433173
3803271
4217368
4083802
4115800
4311086
4228492
4214678
3971104
4071555
4057277
3940798
4379390
4080315
4076510
3938533
4163841
3830776
4183424
4182074
4160909
4185156
3822200
3997740
4313394
3785189
4127893
4123752
4040193
4075286
4008554
4032630
3883110
4257547
3949298
4329639
4081099
4043232
4152489
4172009
4161564
4111185
4002906
4592745
4154751
4111185
4237146
4320681
4126294
4080989
4319467
4258542
3803271
4137353
4198034
3945750
4057558
4010885
3947528
4269444
3822200
3963372
3961589
3934003
3947161
4196073
4071555
3911004
4126729
3888108
4197075
4203005
4109998
3940798
3993565
4278560
4047057
4127479
4054957
4259858
4111185
3927892
3906355
4114787
3968976
4367550
3996527
4202240
4001107
4040005
4041879
4047057
3923328
3785189
4006093
4232032
4162229
4126294
4263771
4078663
4057277
4011202
4216856
4232650
4232983
4091258
4256407
4133781
4115950
3906355
4433173
4011202
4228830
3963372
4015792
4105183
4055015
3886747
4217305
4029924
4134673
4076826
4049830
3906355
3995849
3930174
4343972
4230023
4032995
4162420
4023068
4150870
3993565
4010885
4078663
4564320
4364360
4114787
4128781
4041879
3822635
3824836
4043232
3940913
4091258
4040005
4466093
4068543
4051872
4375401
4217321
4316439
3982286
4150510
4211322
4161564
3938533
4238147
4080989
4050278
4214184
3981633
4202240
4205194
3936073
4085216
4228830
4115800
4096723
3822635
4320681
4055015
4257328
4054142
4054957
3968976
3997740
4123300
4058286
4412831
4140573
4076826
4189087
3928061
4078655
3906355
4046842
3911004
3982309
4190900
4040193
4412831
4218192
4080315
4176864
4487395
3938533
4163841
4126884
4100395
4296927
4172009
3947161
4228830
4317868
3895345
4221772
4091671
4130431
4091933
4435159
4166705
3961589
3803271
4015792
4348236
3994942
4128781
4172009
3995013
4121467
4211699
4256407
4054678
3888108
4228492
3945750
4008554
4055211
4096387
4054142
4205194
4213216
4219682
3923328
4023068
4166705
4091258
4139699
4201810
4054957
4150051
3982309
4130906
3995013
4126729
4211322
3902137
4126729
4132132
3996527
3982286
3995435
3963372
4388725
4078663
4062381
4397359
3934003
4080315
4080989
4264455
3822635
4126729
4074822
4143984
4259395
4233735
4055211
4096723
4020888
4037584
3981633
4118919
3928061
4347367
3785189
4064337
4185156
4130906
3962265
4127182
3982309
4091933
3895345
4069315
4348046
4192472
3992221
4506633
4083802
4037584
4308530
3971104
4054957
4228830
4040005
4211322
4256407
4182074
4055121
3923575
4092992
4076510
4156596
4126729
4001107
4076826
4245306
3971752
4227088
4015792
4180139
4421193
3803271
3884925
4009698
4595811
4065583
4232253
4055015
4091258
4043232
4091258
3936073
3981633
4233564
4127893
3928061
4203132
3992221
4277276
4091258
4055121
4160963
4069315
4162420
4137353
4484903
4221275
4011202
4133781
4111185
4259395
3822200
4190900
4058286
4054142
4127182
3949298
3992221
3994942
3895345
4115745
4005970
4006093
4002906
4313082
4205194
4356378
3729419
3989132
3922518
4142677
4091671
4180139
4105183
4214502
3895345
4263627
4372269
4123752
4062381
4238858
4314796
4415735
4055121
3883110
4230023
4364854
4130906
3997740
3940913
4279828
3992221
4194628
4151121
4217321
4028590
3830776
4262830
4096387
4200077
4054142
4225768
4050278
4057277
4200077
3882985
4078655
4126868
3995435
4199798
4379344
3997740
4658704
4096723
3883110
4225768
3902137
4206164
3995013
4073136
4021626
4213520
4401360
3906355
4694336
3885579
4214502
4158953
4104418
4342788
4311086
4108847
4084769
3981633
4015792
4076510
4380296
4226400
4076510
4068543
3996527
4127893
4049830
4091258
3963724
4182074
4139581
3954148
4299042
4040005
4176817
4386504
4130230
4127479
4062381
3907340
4143984
4009698
4118919
3922492
4137353
4232650
4158969
4234557
4123752
3803271
4037584
4069315
4000799
4127893
3927892
4160963
4257547
4078655
4326413
4134673
3927892
4118919
3923328
4050278
4154751
4008554
4067792
4328442
4115745
4109590
4069315
4213157
4158969
4288807
3982309
4087728
4133781
4040193
4232650
4218261
4288210
4108847
4111185
4259395
4068543
4203005
4176339
4213157
4324597
4091933
4625157
4049830
3968521
4132132
4057558
4056382
4264455
3911004
3994942
4054678
4043232
4214502
4287485
3922492
4071555
4163841
4364360
4096387
4000799
3884925
3997740
3785189
4448005
3997740
3729419
4184205
4128026
4011202
4201512
4071555
4185156
4380296
4040005
4204440
4068401
4051872
4200239
3963559
4054142
4115950
4023068
3830776
4264455
4043232
4174809
4002906
4104418
4170673
4307903
3922492
4441007
4122472
3996527
4080315
4150510
3922492
3963559
3911004
4381617
3927892
4109590
4436673
4625921
4540595
4021626
4058286
3996527
3934003
4133781
4233193
4133781
4028590
3940798
4166705
3971752
4138228
4114787
4150870
4069315
4126294
4047057
4051872
4135505
4028590
4127479
4147931
4074822
4091671
4032995
3989132
4144240
4213903
4139699
4229813
4250008
3940798
4115745
4058286
4127893
4075286
4006093
4118919
3922518
4438003
3936073
3947161
3933364
4186949
4087728
3822200
4060055
3997740
4069315
4130431
3824836
4083917
3902137
4091671
4050278
4068543
4051872
4145744
4204440
3906355
4009698
4127182
4127893
4220245
4369431
4197075
4037584
4433148
4228159
3963724
4115950
3997740
4141630
4074822
4168045
4342788
4087728
4280056
4025032
3945750
4497571
4057277
4091258
3923328
3982309
4062381
4142947
4232032
4062381
3785189
3938533
4010885
4232650
4040193
4040193
4241012
4001107
4416412
4108847
4084769
3911004
4357987
4040193
4391154
4040193
4130906
4115806
4150510
3954572
3895345
4105183
4062381
4214502
4317676
4083917
4008554
4115950
4006093
4215863
4043232
4224790
4055015
3822200
4237994
4348046
3911004
4233564
4021626
4152489
3884925
3963724
3729419
4228337
4202240
3963724
4218192
3922492
4064996
4244435
4283076
4250847
4359954
4317676
4134633
3963372
3995435
4104418
4041879
3822200
3923328
4235602
3997168
4130993
4055015
4388772
3995013
3962265
4211699
3971752
4460460
3949298
4219742
4071555
4028590
4062381
3954148
4069741
4161564
4054957
4232473
3928061
4187514
3940913
4043232
4027802
3981633
4200077
4213216
4074822
4010885
4176864
4160963
4065583
4128026
4234510
4057558
3995435
4133911
4069741
4241012
4238147
3923328
4417928
4118919
4073136
4238262
4083917
4170673
4142947
4341763
4075286
4076510
4091933
4285897
4064337
4219742
4194628
3995435
4060071
3989132
4156596
4128781
4055121
3968521
4139254
4458188
4150051
4386729
4256493
4147931
4115806
4412441
4032995
4330330
4116610
4041879
4092992
4317336
4197691
4051872
4046842
4100395
4158953
3822200
3803271
4250847
4115806
4027802
4380296
4143990
4074822
3907340
4163128
4054957
4163590
4176515
4226400
4032630
4109998
4134633
4123300
4058286
4040005
4440642
4265170
4115800
4008554
4267906
4054142
4062381
4186718
3968521
4046842
4069741
4375401
4141279
4181599
4134633
4081099
4213157
4107393
4139254
3995435
4186718
4150051
4064337
3936073
3822200
3922492
4139699
3906355
3933364
4028590
4214345
4002906
4115950
4269875
4054957
4290150
3927892
4006093
4229813
3803271
4280421
4054142
3729419
4092992
4069315
4091258
3995435
4069673
4130906
4067130
4174809
4049830
3882985
4009698
4109998
3963724
4023068
4067792
4068543
4054142
4067130
4057558
4091933
4172009
4296174
4107393
4085660
4250012
4394735
3883110
3990355
4025032
4005970
4116943
4185156
4009698
3954572
3923575
4436676
4142455
3982309
4204015
4006093
4363069
3934003
3785189
4070606
3993565
4237146
4050278
3933353
4221815
3933353
4180139
3822200
3947161
4085216
3883110
4226400
3993565
4436673
3954148
4065583
3907340
4043232
4010885
4069673
4123752
4121467
3954148
4319378
4160963
4060055
4163128
4122472
4069673
4343972
4028590
4085660
4139699
4076510
4087728
4127689
4126868
4221772
4311300
4220245
4451339
4347367
3729419
4206164
4072576
4116716
3882985
3993565
4194628
4069741
4244435
4238262
4057277
4126294
3907340
3962265
4008554
4142490
4142455
4201512
4237930
4105183
4060055
4011202
4288968
4057277
4161564
4232032
4062381
4227088
3923575
4172009
3963724
4285170
4040005
4233735
3930174
4186718
4020888
4487162
3954572
3883110
4001107
4221772
4345900
4150475
4128026
4100395
4055015
4116610
3982286
4277276
4127689
4280331
4316439
3933353
4040193
4063678
3923575
4064337
4083802
4186949
3883110
4324597
4186718
4021626
4241129
4160909
4206164
3963559
4219742
3971752
4002906
3982309
4080315
3927892
3947161
4202240
3911004
3785189
4126729
4200239
4184199
4116716
4241145
3971752
4139699
4043232
3822200
3883110
4386027
3907340
3947223
4130906
4107393
4085216
3995013
3945750
4121467
3945750
3923328
4158969
4162229
4240834
3933353
4257852
4078655
4040005
4338411
4085975
3993565
4109590
4126729
4075286
4151121
4114787
3830776
3883110
4008554
3968976
4263627
3963724
4270249
3995013
3933364
3981633
3981633
4130230
4060055
4143990
4100395
4287485
3824836
4008554
4162254
4032630
3883110
4186949
4137858
4183085
3962265
4268883
4373385
4255816
3961589
4023068
3884925
3995849
4054957
4068543
4111185
4109998
4121467
3997740
4200239
4240834
3997168
3947223
4226693
3922492
4161178
4064337
4055015
4160963
4126868
4058286
3994942
3953597
4233564
4040193
4126729
4021626
3990355
4069315
3953597
4069741
4228830
4080315
4011202
4364360
4168045
4425481
4213157
3954148
4091671
4078663
3785189
3963372
3830776
4532309
3947161
4201810
4296473
4184805
3953597
4132132
4070606
3996527
4300859
4121467
4497571
3884925
4006093
4244810
4119885
4141303
4140573
4032995
4084769
4317676
4015792
4130993
4108847
3995435
3981633
4201512
3928061
4121467
4020888
4049830
3982286
3982309
4068543
4228492
3968521
4080989
3902137
3954148
3968521
4201512
4234557
4142677
3882985
4241129
4161564
4057277
4206164
4237146
4162862
4144240
4392823
4091933
4176864
4130906
4150510
3922492
4253745
3895345
4076826
4599075
4150475
4127182
4011202
3936073
3906355
4138044
4158953
4069741
4135505
4050278
4213216
4162229
3990355
3949298
4338411
4091933
4069673
4152692
4590307
3989132
4310891
4021626
3993565
4149827
4049830
4497571
3886747
3884925
3940913
4083802
4176864
4284698
4064996
3963559
4203132
3785189
4199798
4128026
4190228
4067792
4119885
3785189
3993565
4387272
4154751
3947528
4285170
3803271
3962265
4040193
4386027
4055015
3907340
4060055
3962265
4154751
3923328
4314246
4162229
4408701
4212203
4115745
4050278
4232473
4049830
4083917
4083917
3822635
4074822
4218261
4261040
4137858
4096723
4270665
3927892
3803271
3947161
4133781
4008554
3895345
4009698
3995435
4299042
3885579
4374360
4107393
4200077
3830776
3981633
3962265
3884925
3824836
3954572
4329639
4130431
4076826
4202240
4057277
3885579
4259858
3933353
4192472
4229813
3949298
4055015
4192472
3982286
4395839
4313394
4197691
4287485
4232473
4023068
4060055
4211058
4476256
3968521
3927892
4209798
4172009
3911004
4080315
3996527
4200077
4057558
4180218
4054957
4072576
4108847
4170673
4323479
3824836
4234510
4119885
4119885
4324344
4172009
4224790
4060071
4188114
3895345
4085975
4070606
4392077
4176339
4001107
3803271
4163841
4262566
3963724
4319378
4109998
4060055
4234510
4146104
4092992
3995013
4065583
4109590
4130993
4142677
4074822
3993565
4025032
4064337
3947223
4085975
4419941
4256493
3993565
4128781
3882985
4076510
4162254
4345418
4163841
4134633
4141279
4060071
4054957
4190228
4264455
4065583
4263627
3830776
4011202
4064337
3911004
3940798
4010885
4152489
4189018
4215863
3981633
4123752
4469469
4283076
4320681
4265170
4218261
4002906
4188114
4150870
4046842
4466322
4070606
3995013
4230023
4083802
4168045
3885579
3996527
4211058
3822635
4158953
4040005
3995013
4160963
3922518
3963559
3940913
4330330
4196073
3990355
3947223
4174809
4091258
4116610
4415885
4161178
4021626
4325332
4002906
3954572
4238196
4391803
4123300
4126729
4283076
3822635
3923328
3911004
4078655
4123752
4020888
4015792
4232473
4119885
4160963
3990355
3940913
4105183
4443546
4224292
3996527
3907340
3933353
4032630
4197075
4226400
4641663
4126729
4227088
4067792
3997740
4054957
3785189
4197691
4096723
4011202
4116716
3962265
4263627
4154751
3982286
4135505
4062381
4373385
4115800
4380296
4160963
4307968
4300711
4166705
4100395
3885579
4068543
4233193
4146104
4200077
4319378
4313378
4063678
4074822
3997168
3971752
3883110
4096723
4064337
4269875
4011202
4104418
4297788
3936073
4144240
4313394
4468781
4072576
4104418
4188114
4078663
4296927
4069673
3968521
3822200
3990355
4104418
3930174
3922492
4087728
4218192
4063678
3990355
4043232
3994942
4130906
3907340
4230023
4065583
3928061
3989132
4104024
4087728
4295854
4109998
4127893
4176515
3822635
4050278
3968521
3822635
3963372
4051872
4126729
4233193
4032995
4296174
4127182
3729419
4213903
3989132
3968976
3907340
4121467
4130431
4104302
4241129
3945750
4162420
3940913
4091671
4338411
4163841
4064996
4162254
4224292
4025032
3884925
4635086
4091258
4262566
3885579
4041879
4132132
4134673
4060071
4068543
3729419
4264455
4203132
4115806
3963372
4163841
4040005
4104024
4359954
4020888
3940913
4116610
4149827
4329639
3968976
3962265
4028590
4060055
3922492
4259395
4241129
4127479
3822200
3906355
4262830
4064337
4213903
4135505
4221772
4054957
3954572
4008554
4107393
4232032
3936073
4091933
3949298
4274216
3945750
4072576
4131838
4137858
4015792
4203275
4118919
4232473
4306152
4213157
4051872
3961589
4037584
4226400
4213157
3953597
4230023
3911004
4130230
4010885
