26807202
16398007
12532324
10640448
9714325
8608050
8101516
7653972
7243652
6872134
6700946
6729042
6363813
6298900
6131699
6026061
6197425
5988840
5769855
5605258
5521834
5421922
5132906
5489268
5533151
5145238
4779715
5285530
5119271
5099114
5389821
5044065
5154261
4856721
4856484
5106119
4894159
5239104
5046373
4628999
4737925
4996365
4969025
4916218
4833944
4826410
4737478
4699305
4845777
4661796
4786021
4811692
4856707
4667018
4861453
4715829
4713580
5003825
4739071
4764814
4749256
4525950
4540518
4484311
4665694
4689853
4890690
4419335
4680160
4781908
4773769
4493271
4536993
4763480
4639689
4506656
4754782
4353360
4577639
4412996
4572719
4615590
4514381
4357861
4680806
4579841
4571917
4340164
4485077
4537071
4462605
4646958
4475208
4478606
4262664
4522400
4461747
4367424
4415067
4475693
4479956
4461631
4219777
4739551
4419941
4643719
4287158
4576927
4426177
4517026
4406517
4495328
4392575
4353567
4407225
4273033
4250012
4605493
4385819
4384757
4507741
4438015
4274047
4532723
4219576
4572018
4379711
4262987
4149955
4296309
4364586
4729634
4437873
4213424
4675238
4482399
4786717
4409830
4479212
4319295
4185326
4404247
4629167
4487043
3962370
4564291
4447949
4559966
4364554
4517145
4430236
4365926
4341710
4425418
4218168
4366862
4397326
4347956
4331734
4388514
4343799
4360236
4301743
4312463
4214502
4585892
4127901
4314891
4300794
4549287
4364487
4162257
4444566
4384768
4455292
4311526
4205330
4348218
4263657
4428669
4176550
4268195
4320684
4366725
4200026
4319465
4114794
4324617
4233861
4341872
4244878
4617446
4074766
4148150
4594672
4441242
4359681
4323491
4269767
4361808
4323491
4386530
4325391
4139792
4191015
4186403
4309154
4170807
4258466
4132219
4216969
4346876
4455292
4238180
4238180
4005789
4166728
4485152
4131034
4141541
4233404
4253549
4054803
4104337
4277952
4466183
4481692
4180229
4278534
3968854
4279075
4431051
4247756
4553444
4306129
4258466
4380716
4380737
4076788
4356941
4322977
4212102
4317408
4176495
4226539
4162085
4143992
4241141
4226539
4527077
4360318
4238208
4229697
4358936
4187064
4433349
4695693
4000839
4230244
4253549
4162789
4415486
4323536
4277952
4233201
4309154
4199888
4081155
4329696
4144563
4128713
4270499
4212102
4307867
4280309
3947806
4159027
4274510
4240926
4585825
3997074
4000839
4336731
4087657
3954044
4188315
4154977
4068340
4259339
4104337
4164576
4204562
4127493
3971126
4241815
4134145
4317663
4345378
4202786
4364586
4246787
4250785
4150806
4324889
4296206
4444180
4254960
4228103
4131034
4188755
4242630
3981601
4191015
4183097
4134706
4257542
4086058
4294777
4213979
4137629
4133545
4413755
4295807
4083815
4233995
4091403
4184480
4451395
4187558
4206209
4174714
4436312
4107477
4126924
4152591
4200593
4181758
4111162
4429914
4317408
4192500
4040165
4497410
4190041
4142911
4142796
4347536
4244518
4235452
4238180
4163127
4232124
4566178
4050245
4163812
4162087
4108886
4349847
4194534
4360844
4555087
4367819
4138019
4316550
4233201
4091924
4176965
4396165
4363108
4367819
4074766
4270499
4085238
4160917
4176917
4512129
4359717
4063739
4448508
4168146
4333123
4474575
4369521
4205193
3994904
4071814
4213979
4228496
4161887
4083869
4057286
4270232
4110221
4130404
4072763
4353342
4141798
4238408
4387247
4217567
4181758
4330485
4249551
4047004
4559474
4287976
4277424
4065607
4123612
4423030
3993238
4500251
4298221
4357984
4235452
4047231
4170807
4292837
4280057
4201573
4224400
4198049
4280034
4032816
4161326
4092867
4008774
4213051
4381503
4127169
4117854
3895377
3882960
4429914
4067624
4139599
4247756
4250785
4343655
4125898
4205330
4096619
4059940
4259920
4234684
4011325
4015804
4228729
4115478
4232119
4054846
4058238
3947283
4248506
4065607
4347956
4162087
4363458
4182119
4176420
4138019
4459818
4517957
4274510
4065607
4115876
4069410
4214778
4054803
4244755
4186403
4066944
4108886
4345949
4240926
4160831
4183024
4006192
4161887
4366862
4341710
4054029
4288677
4274308
4202786
4409830
4091740
4232124
4344262
4184480
4196902
4150040
4244755
3933928
4381030
4065022
4613088
4188960
4054029
4184818
4115876
4059940
3928180
3822530
4062171
3971126
4261265
3927953
4027909
4137629
4118801
4118801
4041848
4297703
4120016
4419720
4244755
4180069
3882727
4135333
4547767
4420087
4532563
4127169
4296309
4002978
4127048
4123612
4110221
4248025
3830463
4255990
4150617
4280309
4109411
4312463
4268195
4205193
4024969
4145853
4055338
4015804
4156535
4228729
4233047
4233861
3902295
4172085
4152688
4054803
4143797
4433349
4162789
4075605
4316550
4046636
4081042
3968472
4135538
4250012
3922309
4138083
4115478
3933486
4221182
4015804
3989137
4360236
4069410
4225809
3954543
4341872
4214427
4139182
4224400
4459818
4206209
4115478
3928180
3923734
4344730
4437783
4135538
4118801
4054803
4250109
4069256
4021061
4126924
4204562
4347956
4421000
4228109
4439799
3922492
4221819
3910943
4214502
4054847
4115700
3982137
3971532
4443618
3923734
4096718
4213153
4241141
4139599
4152688
4072763
4248025
3963389
4417829
3938441
4152688
4176420
4277424
3990360
4359681
4150617
4367424
4134706
4198049
4250012
4356662
4306129
4029631
4060245
4055338
4314260
4256292
4343098
4479956
4140492
4072763
4204031
4096718
4068340
4085238
4056424
3971532
4397522
4118801
4170807
4221875
3928180
3993238
3953473
4210993
4139182
4200026
4184818
4250109
4228103
4227186
4255990
4043358
4056424
3923734
4072645
4301432
4115700
4407802
4278534
4317663
4326100
4214074
4300794
3923563
4043358
3995257
4257542
4057286
4342839
4409830
4060245
4204570
4202386
4456199
4023068
3945737
4513017
4465484
4274712
4277071
4213153
3923563
4234574
4015804
4100284
4376065
4069268
4419931
4199888
4188755
4264409
4298221
4311526
4180069
4235452
4037693
4127901
3968472
4257427
3961808
4115513
3882960
4041848
4032816
4172085
4133545
4427448
4071814
4241237
4184124
4046636
4363722
4237881
4131745
4372411
4183024
4295807
4302608
4161887
4080527
4021620
4391246
3888148
4115770
3949205
4029631
4115513
4213427
4357964
4063739
4317789
4232119
4127901
4269364
4104221
3993238
3962370
4164182
4008774
4060245
4104117
4280926
3886542
4227186
4108886
4021620
4217567
3989137
4217567
4164576
4202991
4375082
4174714
4065022
4116649
4137544
4219770
4141541
4135333
4029631
4226626
4127167
4071814
4140492
4078735
4141280
4127167
4125898
3933237
3994904
4234056
4141280
4127584
4096718
3995257
4001227
4096619
4078869
3922309
4124313
4125898
3995642
4324617
3930188
4150382
3940910
4270116
4117854
3910943
4427448
4272113
3947267
4076788
4050245
4213427
3992147
4163127
4211225
4001227
4285265
4217211
4115513
4083815
4226626
4131034
4176420
3947283
4233404
4264409
4072763
4041848
4270116
4762954
4135333
4183024
4201573
4055248
4184818
4205330
4091924
4116483
4397326
3949205
4166728
4386574
4049649
4021620
4160831
4115876
4407225
3995642
4072645
4055248
4128242
4170807
4310841
4076208
4139599
4148150
4164576
4192500
4356941
4532312
4120016
4009643
4312954
4359681
3953473
4322977
3927953
4183024
4314348
3885599
4200593
4021620
4280484
3930188
4360236
4319295
4127048
4058238
4238748
4060245
4127584
4150617
4287158
4205330
4150617
4032566
4234684
4141798
4241815
4135333
4127169
4150040
4250109
4243684
4150806
4128713
4188315
4066944
4269364
4006192
4166728
4127493
4091740
4232124
3895377
4271760
3933486
4172085
4174714
4361399
4161326
4085732
3940937
4241237
4238208
4127169
3885599
4141280
4290239
4274712
4041848
3885599
3936233
4326507
4345378
4055338
4137629
4232431
4156535
4066944
4351966
4032566
4080527
4066944
3923734
4109411
4115770
4139792
3963501
3907275
4021061
4163127
4283071
4163812
4257542
4069410
4326507
4072763
4067624
4086058
4131745
4131745
4185326
4199888
4256319
3785198
4134706
3982137
4011540
4130342
4183024
4238408
4126103
4011325
4047004
4361808
4043358
4141280
4143992
4311526
4242630
4277952
4083815
4465484
4372411
3963763
4271760
4127493
3954543
4100284
4121558
4234574
4065022
4233047
4308003
4545179
4078869
3947267
4280034
4070734
4071814
4205193
4336649
4063739
3922492
4200593
3822530
4314891
4279646
4127169
4234684
4063739
4701408
4011540
4517957
4104773
4343655
4046636
4360236
4039941
4176550
4021620
3906630
4104117
3982389
4121558
4271760
4228898
4343549
4431090
4346876
3940910
4046636
4115770
4149955
4092867
4217327
4466183
4444566
4309154
4029631
4049649
4028559
4200026
4122434
4137544
4232119
3803264
4240926
3963389
4382836
3930188
4211225
4115700
4057385
3953473
3953473
3947283
4184124
4139182
4072645
4214778
4162257
4228898
4037693
4001227
4218168
4116649
4232358
4021061
4234574
4205193
4341872
4108886
4139792
4087657
4510909
4182119
4187558
3997074
4023068
4317408
4081155
4116649
4092867
4287976
4237114
4459818
4068340
4100284
4115770
4152591
4555397
4011540
4160917
4239113
4127048
4065022
3945737
4091740
4104221
4338766
4436943
4190041
4127584
4001227
4066944
4192500
4142911
4127584
4184480
4187558
4232358
4134914
4133545
4185326
4250109
4006192
4150382
4288849
4228109
4161326
4135333
4274510
4050245
3882727
4221182
4134914
4280926
4220279
4140492
4213979
4087657
4183097
4269767
4326044
3961808
4274008
4159027
4272113
4302787
4078735
4205193
4087657
3982389
4054846
4646958
4192500
4263657
4126924
3982137
4108886
3886542
3971532
3954543
3910943
4196225
4225099
3825060
4205330
4247756
4358936
4172085
4277071
4128242
4302608
4164182
3825060
4076208
4290239
4330485
4150617
4006192
4142911
4326507
4115700
3933928
4234684
4083869
4115700
3910943
4023068
4367424
4091740
4256292
3830463
4100284
4248506
4270499
4272113
4274047
4317789
4150382
4122434
4091740
4383767
4347426
4225099
4086058
4456199
4121558
3785198
3989137
4277835
3940937
4009643
4238748
4046636
4054029
4474575
3940937
3940910
4091403
4238274
4296309
4228109
3996107
4009643
4100284
4063739
4130117
4364487
4141798
4065607
4005789
4054847
3882960
4058238
4233861
3922492
4249551
4064291
4336105
4021620
4201573
4032566
4176420
4176495
4241079
4152591
4083869
4200026
3930188
4140492
4144563
4228729
3961808
4156535
4213427
4037693
4011325
4290196
4069268
4163127
4002978
4385850
4164576
3947806
3803264
3888148
4280926
4323491
4357964
4314260
4068340
4226626
3936233
4127584
4364883
4130658
4134914
4143797
4280034
3997626
3990360
3971532
4176495
4085046
4127493
3963501
4213424
3882960
3995642
4162087
4436982
4085238
4280309
4590359
4054846
3982389
3885030
3963763
3882727
4202386
4074766
4127167
4049649
4182119
4217211
4658205
4085238
4277424
4024969
4594672
4397564
4076788
4107477
4137629
4184124
4063739
3990360
4104221
4085046
4256672
3947283
4202991
4201787
4202991
4279646
3940910
4056424
4140492
4127048
4341224
3982137
4150382
3933486
4405063
3906630
4357861
4037693
4353360
4039941
4462605
4256292
4187064
3989137
4104117
3995257
4127167
4259339
3940910
4122434
3982389
4142573
4046636
4185326
4296309
3997074
4107477
4009643
4142573
4138019
3785198
4096619
4021620
4134914
4347536
4217211
3927953
4059940
4353949
3982389
4285761
4465484
4187064
4068690
4187558
3907275
4159027
4201573
4336649
3933928
4237881
4241815
4028559
4399635
4149955
3886542
4068690
4108886
4081042
3902295
4009643
3910943
4141798
4062171
3885030
4075605
3936233
4392575
4076208
3803264
3888148
4122434
4032566
4047004
4285761
4201787
3907275
4653722
4123612
4100284
4361399
4087657
4096619
3822286
4127901
4070734
4130342
4264409
3930188
4188755
4290239
4047231
4287320
4060245
4116483
4166728
4477990
4050245
4226539
3992147
4228103
4196225
4127584
4204562
4288849
4092867
4028559
3982389
4047004
4215892
4143989
3933486
4130658
3830463
4176917
4204562
4111162
4047231
3936233
4244878
3933928
4005789
4069256
4023068
4300794
4116483
4054847
4127493
4108886
4087657
3885599
3922309
4131745
4237114
4143797
4091403
4228103
4023068
4069410
3949205
4234574
4068340
4232124
4217327
4011325
3982389
3997626
4221819
4238208
4023068
4201787
4134914
4117854
3963763
4128242
4257427
4279646
3996107
4115770
3971126
3910943
3992147
4217327
4199937
4152688
4055338
4078735
4287320
4130658
3971126
4096619
4300569
4215892
4213427
3729437
4070734
4131745
4141280
4130658
4126103
4096619
4054847
4083869
3907275
4216969
4343655
4258466
3830463
4243684
4069410
4295807
4150806
4027909
4224400
4202786
4037693
4440453
4268195
4210993
4283071
4032566
4143989
4143989
4002978
4040165
4081155
4314891
3933237
4285265
3982137
4164182
4336649
4139599
4050245
4054846
4538572
4336097
4163812
4417829
3994904
4091924
3990360
4142911
4488807
4065022
4176965
4065607
4063739
4055248
4091403
4115770
4194534
4343549
4120016
3886542
4271760
4427448
4204562
4150806
3996107
3928180
3822286
4156535
4043358
3907275
4263657
4343655
4261265
4100284
3822286
4057286
4141541
4148150
3996530
4083815
4064291
4200593
4124313
4054029
4123612
4032566
4040165
4206209
4191015
4202991
4130342
4229697
4351966
3982137
3927953
3936233
4199888
3971532
4354015
4213979
4324889
4269364
4274047
4383767
4176495
3922492
4005789
3961808
3885599
4228109
4163127
4277424
4140492
4021620
3963501
4571131
3922492
4220279
4209814
4343549
3949205
4317408
4187558
4233047
4244878
4156535
4232358
4283071
3906630
4386574
4023068
4041848
3954044
4054847
4008774
4091924
4096619
4069268
4064291
4240926
4127493
3963389
4130404
4110221
4122434
4363458
4375450
4168146
4074766
4280926
4724916
4163812
4227186
4143989
4124313
4260970
4408733
4317663
4227186
4075605
4050245
4204031
4317663
4213979
4111162
4221875
4058238
4109411
4296309
4131745
4396832
4104117
4111162
4389963
4172085
4015804
4072763
4072645
3947806
4322977
4064291
4323536
3968472
4011540
4115513
4363458
4121558
3981601
4232431
4150617
3930188
4180229
4066944
4041848
4317663
3968472
4199937
4091924
4070734
4274308
3785198
4135333
4127584
4228898
3888148
4361399
4426177
4104221
4128242
4233550
4241237
4215892
4138019
4069256
4076788
4008774
4238180
4233047
4141798
4163812
4027909
4316549
4192500
4309154
4387247
4188755
4213051
4060245
4085732
4162789
3996107
4134145
4065022
4128713
4234056
4092867
4246787
3949205
4277424
4130404
4054029
4290239
3997074
4277424
4028559
4143989
4138019
4233995
3923734
4150040
3933928
4126924
4230244
4024969
4080527
3933237
4137629
4118801
3954044
3963501
4161326
3825060
4138083
4415067
4248506
4323491
4120016
4074766
4064291
4024969
4072645
4161326
4212102
4086058
4423038
4041848
3963501
4375082
4381863
4163127
3995642
3927953
4356662
4126924
4300569
4137544
4374321
4342839
4068690
4244878
4213979
4417829
4217567
4174714
4131034
4059940
4085046
4066944
3938441
4148150
4011540
4127167
4277071
4270499
4047004
4085046
4479212
4002978
3947806
3906630
4142796
4145853
4140492
4123612
4100284
3945737
4311130
3945737
3963763
4455704
4104221
4009643
4238408
4068340
4104773
4176495
4326044
3947283
4085046
4135538
4032816
4360318
3996107
3954543
4425418
4040165
4201573
4083869
4080527
3830463
4139792
4076788
4210993
4146174
4076208
4240926
4209814
4091740
3923734
4137544
3992147
4228103
4054803
4244518
4214074
4059940
4176965
4087657
3968854
4199937
4163127
4345378
3945737
4336097
4244878
4127493
3885030
4228496
4015804
4540480
4021061
4232124
4078735
3933486
4264568
4120016
4092867
4078869
3922309
4046636
4096619
4219770
4049649
4401466
4127169
4091924
4122434
4202991
4096718
4107477
4144563
4059940
3933237
4264409
4154977
4047004
4085238
3949205
4188315
3949205
4040165
4100284
3994904
4127901
4081042
4055338
4347426
4126103
4270232
4128713
3940937
4274047
3933237
4091740
4200026
4054846
4392728
4232124
3954543
4000839
4243684
4185326
4006192
4139182
4145853
4138083
4500453
4047004
4159027
4109411
4137544
4137629
4176420
4162087
4142573
4257936
4219770
4221875
4162257
4328400
4143989
4241141
4239113
4301743
4111162
3953473
3968472
4011325
3963389
3945737
4092867
4127901
4198049
4126924
3922309
3785198
3830463
3825060
4131034
4056424
3989137
4259683
4341710
4168146
3981601
4134914
4210993
4238748
4359681
4115876
4128242
4146174
4133545
4347536
4163127
3947806
4260970
3933486
4040165
3961808
4065022
4180229
4051956
3927953
4142911
4274047
4444180
4188755
3947283
4005789
4392728
3822530
4184818
4213424
4047004
4124313
4274047
4226626
4301743
3902295
4218168
4168146
4466348
4503005
4104337
3822530
4176550
3882727
4069256
3803264
4043358
4086058
4185326
4140492
3947283
4176550
4509150
4221819
4347956
3996530
4217327
4096718
4008774
4134706
4237114
4096619
4256319
4067624
4457094
3825060
4126103
4111162
4183024
4226626
4068690
4069268
4413755
4314260
4057385
4192500
4277380
3995257
4460379
4096718
4214427
4120016
4127584
3940910
3940910
4270232
3938441
4148150
4008774
4150806
4150040
3888148
4201787
4055248
4170807
4599215
4107477
4241237
4141798
4076208
4023068
4166728
3830463
4057286
3938441
4000839
4312463
4141280
4143797
4312463
4274712
4111162
3995642
3989137
4164182
4078869
3954543
4009643
4135333
4024969
3981601
4461747
4080527
4070734
4353342
4070734
4209814
4247756
4083815
4218168
4181758
4054846
4150382
4356662
4104773
4104337
4122434
4187558
4397326
3997626
4032816
4085732
4386530
3945737
3963389
4269364
4172085
4068690
4055248
4202386
3930188
4139792
4069256
4092867
4104117
4191015
4423038
4425418
4430874
4006192
4359717
4055248
4187064
4152591
4423030
4134706
4229697
4051956
4209814
4128713
3981601
4183097
3992147
4353342
3933928
4116483
4023068
3822530
4194534
3963389
4164182
3945737
4143992
4054847
4127167
3882727
4219770
4166728
3729437
4166728
4096619
4237881
3945737
4274008
4108886
4150850
4104221
4024969
3954044
4427342
4257936
4217567
4069268
4219777
4142573
4217327
4336731
4132219
4058238
4279075
4058238
4023068
4401900
4081042
4092867
3927953
4277380
4137629
4047004
4463337
4201573
4162087
4081155
3996530
4143992
4144563
3930188
4109411
4055248
3933237
4021061
4091740
3830463
4199937
4485324
4071814
3933486
4285761
4068340
4324889
4261265
4134914
4386232
4115478
4059940
4091924
4204031
4188315
4148150
4070734
4152688
4280034
4356662
4057286
4085732
4232431
4070734
4040165
4070734
4176965
4353949
4062171
4363722
4028559
4419941
4008774
4005789
4091403
4050245
4249551
4051956
4096619
4118801
4360318
3933237
4382836
4202386
4357984
4283071
4142573
4039941
4021061
4120016
4085046
4096718
4060245
3968854
4000839
4544084
4011325
4139182
4572562
3882727
4115478
4202386
4162789
3968854
4264568
4192500
3947806
4050245
4104337
4000839
4060245
4051956
4054846
4065607
3785198
4023068
3885030
4001227
4043358
4066944
4051956
4121558
4121558
4117854
4141280
4144563
4006192
4130342
4085732
4080527
4221819
4201573
4069268
3963763
3888148
3933486
4330485
4419931
4248025
4122434
3981601
4055248
4228109
4144563
4290196
3971126
3963389
4238748
4436943
4078869
4072763
3936233
4075605
4051956
4009643
4011540
4161887
4085238
4344730
3922309
3830463
4191015
4150617
4137544
4021061
4134145
4214778
4144563
4185326
4298221
4011540
4040165
4126924
4230244
4183097
4040165
3825060
4269364
4182119
4336097
3954044
4204562
3961808
4221819
3895377
4376065
4069268
4070734
4247756
4131745
4062171
4086058
4056424
4140492
4081155
4009643
4055248
4047231
4363108
4054846
4141541
4104221
3982137
4076788
3822286
4057385
4032566
4182119
4468547
4298983
4121558
4217567
4217567
4058238
4205330
4328760
4051956
4274308
4308003
4060245
4130342
4572018
4160831
4071814
3825060
4319027
4162087
4054846
4308596
3906630
4072645
4057286
3997074
4263830
4117854
4360236
3882960
3907275
4233995
4115770
4050245
4446615
4200593
4075605
4333123
4310841
3968854
4011540
3947283
4234684
4324617
4081042
4156535
4244878
4234684
4241079
3940937
4054029
4039941
4158973
4338766
4037693
4163127
3995642
4100284
4051956
3947267
3990360
4142796
3996530
4139182
4188960
4055338
3938441
4127048
4213979
4456199
4238274
3940937
4067624
4059940
4080527
4163127
4272113
4134145
4192500
4081042
4107477
4190041
4060245
3993238
4028559
4104337
4263830
4259683
4181758
3971532
4135333
4076208
3936233
3940937
4123612
4571131
4277380
4114794
4364554
4135538
4109411
3906630
4196225
4085732
3997074
3885599
4127048
3981601
4067624
4272113
3910943
4024969
4146174
4117854
4064291
4183024
3945737
4233047
4242630
4069410
4069268
4190041
4126924
3996530
4081155
3995257
4162257
4115478
3940910
4168146
4070734
4076208
3981601
3825060
4226626
4130342
4194534
4356662
4111162
4415085
4127584
4375450
4271347
4199888
3825060
4000839
4085732
3882960
4115876
4143797
4115876
4158973
4085046
4006192
4535779
3994904
4166728
4120016
4072645
4109411
4037693
4008774
4221182
4411927
4006192
4182119
4146174
3997626
3982389
3930188
3923734
4146174
4127169
3997074
4270499
4127048
4375450
4142796
4183097
4176965
4277952
4127493
4058238
4138083
4126103
4049649
4058238
3933237
3990360
4027909
4100284
4115770
4081155
4115700
4227186
3963389
4058238
4162087
4168146
4154977
4134706
4376065
4085238
4211225
4320684
4199937
4142573
4241079
4201787
4214074
4330485
4130404
4232431
4039941
4248506
4217327
4436669
3885599
3996530
4214074
4130342
4181758
4123612
4047231
4277380
3947806
4347426
4152688
4141541
4172085
4160917
4145853
3949205
4206209
4027909
4051956
4054847
4168146
4234684
4104117
4210993
4412996
3947267
3895377
4150617
4072763
4585892
4150382
4357964
4405063
4021061
4081042
4211225
4028559
4131745
4115478
4292837
3885030
4059940
4421000
4050245
3923563
3927953
4120016
4487043
3902295
4060245
4258466
4083869
4199937
4083815
4152688
3968854
4279075
3940910
4024969
4115513
4081155
3822286
3953473
4127169
4039941
3902295
4141541
4063739
4164182
4160917
4284598
4237114
4162085
4075605
4200026
3961808
3907275
4200026
4309154
4115513
4141541
4028559
3885599
4138019
3996107
4116649
4065022
4032566
4345949
4115478
4150040
4152688
4296771
3940937
4274510
4078735
3981601
4104337
4311526
4118801
4006192
4130117
4233550
3995642
4056424
4141541
4104221
3922492
3933928
4060245
4497378
4083815
4126103
3997626
4104117
3906630
3902295
4140492
4250785
4329696
4120016
4316550
4152688
4104337
4225099
4064291
4248025
4029631
4060245
4140492
4404279
3923734
4202786
4431051
3923734
4114794
4200593
4029631
4126924
4115700
4188315
4111162
4127901
4068690
4131745
4078869
4091924
3997626
4184818
4152591
4091740
4131034
4121558
4256672
4391740
4009643
4532563
4369521
4149955
3888148
3954543
4244755
4115700
4156535
3885030
4194534
3729437
4115876
4002978
4116649
3993238
3907275
4032816
4002978
3994904
4110221
4054803
4080527
4085732
4325391
3971532
4128713
4634929
4247756
4277952
4161887
3992147
4176550
4367424
4056424
3902295
4391740
4199937
3992147
3888148
4346876
3971532
4141280
4214502
4243684
3993238
3922492
4221875
4043358
4163812
4204570
4186403
4055248
4143992
4244755
4341710
4068690
3947283
4072645
4354015
4047004
4009643
4074766
3995257
4221875
4183097
4244518
3961808
3995257
4141798
4115478
3906630
3886542
4360844
3910943
4150850
4288677
4264568
4027909
4055338
4141798
4002978
4047231
4135333
4257427
4140492
4248506
4143797
4161326
4028559
4241237
4154977
3997626
4269364
4047004
4080527
3996107
4086058
4060245
4085238
3968472
3971532
4197652
3928180
4158973
4164182
4011540
4348218
4054847
4076788
4115700
4161887
3997626
3886542
4159027
4150382
3822530
4242630
4122434
4246787
4164576
3997626
4221875
4233201
4162087
3996107
4176965
4176495
4162789
4181758
4051956
4273033
4054847
4183024
4032566
4130404
4067624
4059940
4295807
4096619
4274008
3906630
4176965
3968472
4032816
3993238
4142796
4134706
3785198
3895377
4051956
4285265
3954543
4279075
4041848
3963763
4047231
4039941
4050245
3961808
4159027
4436982
4184818
3825060
3963763
4006192
3996530
4228103
4241079
4040165
4032816
3968854
3995257
4008774
4347426
3938441
4142911
4021620
4104117
4256292
4047231
4248025
4108886
3785198
4314348
4150382
3902295
4270499
4257427
4246787
4002978
4176550
4150806
4152688
3922309
3995257
4180229
3907275
4183024
4228729
4066944
4037693
3990360
3936233
3996107
4115513
3930188
4069268
3785198
4057385
4404279
4078869
4139182
4057385
4163812
4008774
4127584
4228729
4144563
4158973
3963389
4063739
4296771
4233404
3947267
4437873
4250785
4085046
4712834
3947267
4107477
4051956
4139182
4054029
4041848
4161326
3933486
4361399
4115770
4072645
4065607
4124313
4069410
4058238
3968854
4289058
4240926
4184124
4186403
4037693
4028559
4072645
4062171
4233047
3940937
3962370
4152688
4233047
4141798
4317408
4059940
4054029
4117854
4051956
3933928
4204562
4066944
4416473
3992147
3982137
4399635
4232119
4204562
4441451
4125898
4054803
4096718
4190041
4176495
4068340
4482399
4068340
4080527
4460379
4128713
4198049
4104337
4228898
4072763
4051956
4024969
4049649
4187064
4121558
3953473
4096718
4086058
4069256
4091924
4215892
4270232
4447949
4064291
4065022
4148150
3997626
4028559
4300794
3947806
4069268
3882960
4032566
3968472
4128713
4047004
3963501
4049649
3949205
4064291
4051956
4139599
4152591
4104117
4194534
4062171
4150850
3928180
4176495
4078735
4182119
4280484
4028559
4140492
4141280
4083869
4078735
4202991
4143992
4110221
3785198
4115513
4110221
3981601
3963501
4336649
3997626
3825060
4080527
3961808
3830463
4015804
4110221
4271760
3886542
4037693
4457094
3954044
4068690
3910943
4054847
4148150
4009643
4008774
4333123
4161326
4214778
4139182
4180229
4050245
4006192
3954543
3888148
4247756
4271760
4071814
4015804
4201787
4161326
4096718
4081042
4287320
4279075
4279075
4190041
3922492
3963763
4130117
4039941
4039941
4078735
3993238
4578728
4211225
4116649
4070734
4387247
4280926
4109411
4124313
3971126
4130117
4423038
4021620
3996107
4117854
4194534
3902295
4233861
4115513
4059940
3902295
4126924
3963389
4127169
4078735
4383767
4233550
4219576
4238748
3971126
4085732
4071814
4140492
4140492
3922492
4024969
4123612
4023068
4163127
4237881
4187558
3997626
4144563
4041848
4182119
4078735
4227186
4160917
3990360
4277071
4205193
4213051
3922309
4382836
4127169
4224400
4210993
3968854
4259339
4312954
4054847
4212102
4214074
4347426
4344135
4183024
4277071
3822286
3936233
4160831
3995257
4091403
4104221
4250785
4344315
4228496
4071814
4221819
4039941
4107477
4051956
3940937
4271760
3886542
4491849
4067624
4336097
4140492
4213153
4532312
4325391
3825060
3945737
4264568
3940937
4032566
4343799
4133545
4201787
4146174
4366862
3885030
3982389
3971126
4080527
3997074
4078869
4343655
4072645
4109411
4163812
4081042
4050245
4130658
4065607
4241237
4219777
3971126
4273033
4115770
4059940
3940937
4199888
4172085
4300794
4150806
4134914
4116649
4124313
3930188
4011540
4115700
4138083
3822530
4132219
4078735
4132219
3997626
4021620
4232431
4262664
4162257
4989929
3933486
4144563
4024969
4115478
4232358
3963501
4344262
4158973
4221875
3963763
4244878
4425418
4108886
4149955
4374321
4162789
4040165
3895377
4107477
4078735
4269364
4096619
4234056
4001227
4211783
4206209
4051956
4091924
3954543
4056424
4141280
4184818
4069268
4176495
4032816
4028559
4201573
4351966
4139599
3825060
4116649
4120016
4159027
4460379
3885599
4054846
4188315
4204570
4141541
4058238
4404247
4228103
4431090
4489122
4154977
4122434
3822286
4024969
4253549
3962370
4306129
4176420
4159027
4176495
3996530
4336105
3785198
4302787
4161887
4416073
3997626
4067624
4110221
4068690
4062171
4138083
4277424
4021061
4058238
4123612
4228729
3994904
4056424
4138083
4264568
4176550
4256319
4274510
4248025
4069256
4066944
4028559
4021061
4214427
3895377
4217211
3895377
3990360
3936233
4324617
4159027
3981601
4041848
4149955
3997626
4118801
4269767
4116649
3902295
4385819
3895377
4256672
4096718
4263830
4080527
4104117
4065022
4218168
4234574
4201573
3729437
4243684
4259683
4202386
4015804
3995642
4216969
4250109
4131034
4184480
4300569
4028559
3954543
4507868
4233995
4196225
4244518
4309154
4347536
4176917
4233550
3933486
4075605
4324588
3933928
3922309
4206209
4085238
4069410
4074766
4054846
3947806
4037693
3936233
4032566
4186403
3825060
3885599
4346876
3947267
4126103
4065607
4076208
4115770
4115700
3947267
4063739
3933928
4415067
4233404
4104117
4024969
4029631
4345378
4130658
4141798
3995642
4436982
4202786
4359717
4128242
4118801
3992147
3945737
3933237
3928180
4076208
3895377
4353949
4218121
4194534
4069410
3888148
4115770
4242630
4115700
4069410
3803264
4170807
4144563
3996530
4021061
4072763
3933486
4069410
4468781
3729437
4219777
4047004
3910943
4131034
4047231
4127167
4006192
4228729
4447949
4142796
4150806
4135333
4011540
4385850
3933486
4127169
4076788
4343701
4211225
4221875
4308596
4359717
3938441
4297703
4057385
4021061
4057385
3930188
4172085
3886542
4184124
3930188
4024969
4023068
3996530
3822530
4064291
3933237
4162085
4237114
4130342
4137629
4265116
4083869
3895377
3947806
4314260
4228898
4158973
3962370
4143989
4116649
4307867
4516704
3997626
4214427
4466121
3923563
4115513
4188960
4127169
4083815
4324588
3927953
4143989
3936233
4001227
4217327
4104773
4228109
3971126
4257542
3963389
4240926
3968854
4104117
4425418
3885030
4152591
4232431
4277835
4214074
4232358
4127167
4130404
3963763
3830463
4206209
4127493
3923734
4328760
3968472
4085732
4130342
4015804
4188960
4083869
4064291
4202991
4192500
4279646
4204570
4221182
4336649
4069410
4128713
4364487
4037693
4069268
4126103
4135333
3968854
4126103
4027909
3933486
4156535
4055338
4051956
4049649
3907275
4104773
4051956
4009643
4388776
4176495
4235452
4051956
4028559
4043358
4314348
4238180
4277424
3968472
4039941
4091740
4391819
4078735
4349847
4021061
4125898
4006192
4021061
4142573
3729437
3938441
3938441
4040165
4005789
4104773
4130658
4233201
4477990
3989137
4141280
4314260
4301432
4300794
4360844
4123612
4232358
3997074
3938441
4134914
4134706
4134145
4184124
4043358
3885599
4080527
4081155
3830463
4162257
3888148
4043358
4058238
4248025
4224400
3953473
4027909
4008774
4141541
3923734
4072645
4069410
4168146
4280057
4229697
4148150
4753341
4172085
4317663
4336649
4213153
4150040
4251301
4130342
4047231
3922492
4142573
4138083
4041848
3885030
4184480
4210993
4475693
4330485
3996107
4248506
4127901
4211783
4121558
4250012
4043358
3989137
4083815
4069256
4270116
4265116
4124313
3922492
4049649
4128713
3886542
4257427
4109411
4354015
4002978
4046636
4416473
4314348
3990360
4240926
4041848
4298983
4285761
3963501
3940910
4244518
4200593
4357964
4021061
3993238
4126924
3886542
4359717
3990360
4032566
4043358
4149955
4226539
3822286
4001227
4054847
3922309
4143992
4214502
3945737
4069410
4083869
3822530
4131034
4069256
4185326
4253549
4100284
4081155
3933486
4199937
4233550
4176965
4096718
4156535
4287976
4228496
4277835
4124313
4143992
4001227
4141541
3936233
3933486
4163812
4180069
4127584
4213427
3803264
4137544
4272113
3997074
4342839
3996107
4081042
4078869
3922309
4068340
4386232
4057385
4508492
4161326
4183024
4130117
3933928
4491849
4274510
3947806
4468142
3962370
4199937
4161326
4170807
3947806
4202386
3938441
4232119
4092867
3947283
4214074
4081042
4104773
4257936
4122434
4250109
4280484
3933928
4182119
4150382
4199937
4085046
4072645
4115478
4085046
4152688
3971532
4029631
4238408
3927953
4005789
4280309
3729437
4514654
4121558
3971126
4311526
4162087
4040165
4307867
4027909
4176965
4163127
4139599
3803264
4244518
4162257
3885030
4100284
3945737
3968472
4299920
3933237
3968472
4141541
4076788
3982137
4117854
4002978
4054029
4110221
3953473
4130658
3971532
4021620
3940937
4139792
4043358
4228729
4076208
3906630
4046636
4145853
4356662
4212102
4233201
4039941
4054847
4180069
4001227
4039941
4238274
3906630
4104773
4021620
3982389
3954543
4080527
3822530
4241079
4162085
4054029
4194534
4072645
4142573
3996530
4202386
3886542
4135333
4114794
4310841
4213424
4466121
4109411
4353342
4412996
4085732
4116649
4152688
4049649
3997074
4126924
4126924
4083869
4050245
4118801
4064291
4199937
4287158
3885030
4046636
4360318
3922309
3954543
4069410
4221875
4001227
3885599
3947267
3922492
4032816
3982389
4257427
4176550
4188755
4218168
3947283
4046636
4081042
4262987
4297703
4241237
3922492
4065022
4002978
4257542
4326044
4181758
3933486
3994904
3933928
4261265
4068690
4029631
4225809
4041848
4176420
4375082
4081155
4158973
4285265
4096718
4062171
4391819
3954543
4176495
3954543
4344730
4302900
3963763
4032816
4091924
3907275
4349847
3982137
4145853
3936233
4354015
4109411
4251301
4109411
4057286
4163812
4122434
3825060
3989137
4011540
4324617
4114794
4219576
4056424
4130658
4353342
3902295
4056424
4083815
3729437
3922492
4198049
4075605
4288677
4085238
4024969
4076788
4066944
3885599
4131745
4213424
4050245
4130342
4264409
4118801
4127048
4139182
4085732
3992147
4213424
3963501
4104337
4135538
4176917
4058238
3785198
3927953
3990360
4256319
4009643
3922492
4085046
4115700
3997626
4104221
4607884
4060245
4265116
3927953
4302787
4415085
4130404
4273033
4135538
4142573
4202786
4218121
4256292
4138019
3888148
4212102
3992147
4060245
4202786
3907275
3961808
4104221
4054847
4037693
4096718
4244518
3923734
3882960
4285761
3882727
4216969
4091740
4234056
4121558
4111162
3895377
4040165
4323536
3902295
4142911
3938441
4176550
4244518
4001227
3822286
4096718
3954543
4166728
4054846
4141280
4109411
4047231
3923563
4182119
4064291
4251301
3928180
3922309
4176917
3982137
3938441
4244518
4214074
4188960
4249551
3981601
4146174
3947267
4000839
4122434
4288677
4062171
3888148
4032566
3982389
4104221
3940910
4072763
4289058
4188315
4524397
4342839
4255990
4069268
3729437
3928180
3996530
4068690
4176965
3949205
4111162
4086058
4005789
3963501
3882727
4343701
4139792
4428669
4419941
4066944
3922309
4091403
4213153
4015804
4002978
4302787
4128713
4015804
4072763
3993238
4009643
4127901
4264568
4142796
4160831
4046636
3947283
4060245
3933928
4125898
4148150
4104221
4041848
4162087
3933486
4032566
4085238
4078735
3968472
4074766
4137629
4078735
4244878
4133545
4232431
3885599
4244755
3997626
4209814
4067624
4029631
3963389
4196902
4037693
4326507
4047004
4326100
4126924
4150850
4264568
3982389
4484983
3961808
4196902
4032816
4091924
4162085
4172085
4109411
4115876
4262987
3886542
3994904
4143992
4021620
3996530
3910943
4196902
3927953
4141280
4345523
4062171
3927953
4002978
4069410
3928180
4429914
4091740
4162087
4397564
3971126
4186403
4139599
4091924
4238408
4184124
4104773
4057385
4162085
4344730
4060245
4080527
4143797
3885030
3902295
3982137
4263657
4162085
3996107
4312954
4058238
4104221
4054803
4114794
4117854
4485324
4145853
4021620
3940937
4081155
4047231
3803264
3940937
3822286
3910943
4211225
4032816
4300569
4176420
3971126
4141541
3982389
3990360
4384757
4000839
4055338
4069410
3907275
4066944
4049649
4238408
4196225
4297703
4130404
3949205
3989137
4069410
4142796
4146174
4200593
4391246
4188315
4139182
3963763
4176965
3968472
4058238
4221819
3785198
4184124
4205330
3933237
3947806
4138019
4163812
4133545
4206209
4230244
4199937
4120016
4081042
4125898
4021620
4364487
4108886
3822530
4180069
4054029
3994904
4218121
4228109
4160831
4085046
4493740
4244878
3895377
4196225
4068340
4131034
3886542
4228898
4069256
4188315
4375082
4138019
4212102
4072645
4285265
4066944
4139599
4059940
4011540
4143797
4142911
3962370
4184480
3997074
4392575
4215892
4000839
4202991
4221819
4228898
4292837
4128713
4314260
4277071
4125898
3882727
4162087
4064291
4078735
4386232
4176965
3963389
4160831
4202786
3938441
4238274
4120016
4127584
3803264
4047004
4049649
4006192
3947283
4150040
4238274
4024969
3825060
4319027
3949205
4154977
3785198
4115876
4408733
4187558
4184818
4005789
4039941
4032816
3882727
3886542
4131034
4050245
4072763
4104117
4228103
3990360
3885030
4021061
4330485
4074766
4055338
4250109
4233550
4188315
4192500
4196902
4116483
4128713
4421000
4319027
3927953
4360844
4116649
4126103
4028559
4351966
4131745
3996530
3882960
4326507
4127584
4121558
4058238
4191015
4130658
4005789
4051956
3990360
4485324
3906630
3933486
3933486
4356662
4072763
4116649
4228729
4215892
4028559
4041848
3886542
4214074
4049649
4029631
4127901
4354015
4070734
4201573
4323491
4125898
4219777
3945737
4024969
4264568
4104773
4139599
4072763
3963389
3938441
4216969
4075605
4024969
4008774
4049649
4269364
4064291
4092867
3885599
3895377
4054803
4135333
4137544
3803264
4043358
3971126
4150040
4047231
4211225
4127584
4078735
4005789
4211783
4115770
4058238
4040165
4040165
4280057
3954044
3996530
4127493
4317789
4047231
4200593
4104773
4064291
3997626
4146174
4058238
4091740
4011325
4274308
3907275
4298983
4319295
4200593
4054846
4176550
3947283
4184818
3992147
4062171
3933237
4311130
4085238
4323491
4191015
4435042
4120016
4196902
3996530
4057286
4085046
4280926
4135538
4202386
4150850
3888148
4109411
4341872
3825060
4228496
4039941
4176495
3785198
3906630
4174714
4128242
4024969
4301743
3963763
4226539
4096718
4238274
4124313
4188755
4277952
4274308
4341710
3922492
4065607
4441242
4184818
4481692
4001227
4008774
4383767
4483616
4069256
4198049
3885030
4107477
4302608
3933237
4039941
4270116
4069256
4261265
4046636
3902295
3910943
3997074
3995642
4428323
4234574
4578728
4384757
3947267
3927953
4078735
4212102
4200026
4047004
4161887
4065022
4000839
3947267
4156535
4184124
4054029
4141541
4055338
3803264
4128242
4241079
4249551
4204562
4127048
4143797
4492549
4127584
4148150
4150617
4127048
4109411
4150040
4306129
4146174
4201787
3885599
4190041
4111162
3902295
4130658
4009643
3995642
4219770
4326100
4120016
4142796
3895377
3982137
4380737
4011540
4081155
4263830
3994904
3995257
4388514
4174714
4197652
4069256
4050245
3989137
4130658
4176420
4143989
4138019
4066944
4069256
4156535
4070734
4213979
4081155
4300569
4046636
4490289
4205330
3923563
4217567
4104117
4021061
3996107
3936233
4200593
4039941
4552251
4143989
4387247
4024969
3803264
4051956
3910943
3940910
4100284
4115876
3923563
4172085
4008774
3968854
4116649
3947283
4083815
4141280
4237881
4008774
4092867
3928180
4250785
4115770
4274510
3940937
4086058
4138083
3962370
3992147
3933928
3940910
3940910
4126924
4130658
3963501
4180229
3961808
3936233
4137544
4143989
3910943
3963763
4074766
4085046
4076208
4225809
3947267
3993238
4104337
3940937
4263657
4141541
4027909
3907275
3993238
4148150
3971532
3954044
3954543
4503418
4243684
4238408
4158973
3923563
3945737
4233047
4196902
4532563
4055338
4116483
3982389
4132219
4002978
4054029
3947267
4064291
3947267
4244755
4198049
4478492
4142573
3922492
3968854
4130117
4141280
4070734
4006192
3947806
4043358
4408733
4353342
4104117
4219777
4049649
4256319
4202991
4148150
4324889
4176550
4259683
4027909
4005789
3928180
4506656
3971532
4132219
4433308
3922492
4066944
4348218
4280484
4164182
4085046
4150382
4142796
4372411
3902295
4096619
4130342
4263830
3961808
4160831
4009643
4277952
4134706
3922309
4365926
3923563
3940910
4253549
4221182
4227186
3927953
4124313
4107477
3961808
4145853
4100284
4216969
4329696
4056424
4242630
4055338
4069268
3949205
3982137
4142573
4143992
4028559
4184124
4068690
4134706
4086058
4447974
3803264
3933486
4313498
4027909
4433349
4133545
3938441
4241815
4051956
3902295
3888148
3940937
4047231
3963501
4021620
3989137
3947267
3930188
4194534
3910943
3996107
4302900
4142796
4148150
4344262
4308596
4015804
4248025
4120016
4148150
3947806
4062171
4385819
4447974
3885030
4198049
4116483
4122434
3954543
4324588
4046636
3886542
4066944
4211225
3996530
4220279
4054847
4288677
4205330
3963501
3936233
3982137
4228898
4159027
3997626
3968472
4046636
4184480
3996530
4057385
4219576
4137629
4111162
4182119
4357964
4065022
4238208
4127167
3995257
4347426
4081042
4125898
4197652
3953473
4104117
4160917
4116483
4118801
4083869
3963501
4069268
4554228
4134145
4162789
4163812
4285761
4166728
3729437
4170807
4057385
4109411
4040165
4135333
4234056
3928180
4257427
4054029
4233995
4143992
4068340
4137629
4159027
3940910
4057385
4343549
3982389
3910943
3963389
4054846
4127901
4224400
4161326
3997074
4235452
4298983
4009643
3930188
4154977
4256292
4135333
3949205
4186403
4200593
3940937
4021620
4300794
4054803
4115513
3922309
4005789
4234684
4072645
4127584
4240926
4298221
4011540
4144563
4127584
4263830
3729437
4278534
4115513
4152688
4256672
4059940
4110221
4330485
4059940
4386530
4137544
3923734
4383767
3910943
3989137
4133545
4091403
4232358
4126103
4518179
4183024
4188315
4096619
3886542
4078735
3785198
4085238
4023068
4322977
3882960
4043358
3953473
3968472
4176917
4161887
3928180
4324617
4158973
4216969
4387247
4338729
3996530
4187558
4142573
3953473
4287320
4148150
4046636
4116649
4124313
4054846
4343799
4254960
4108886
3963763
4121558
4224400
4271347
4411927
4143989
4062171
3982137
4009643
3940910
4160917
4285761
4213424
3927953
4302787
4137629
4137544
4258466
4068690
4043358
4342839
4201787
3982137
4354015
4230244
4162789
4363458
4085732
4212102
4115770
4187064
4047231
4185326
4135538
3803264
4041848
3989137
4125898
4126103
4150040
4054029
4046636
4486567
4221875
4130342
4313629
3825060
3822286
4011540
4311130
4407802
4300794
4135333
3945737
4056424
4284598
4204570
4087657
4226626
4122434
4005789
4389963
4233047
4238748
3989137
4150806
4206209
4054029
4274008
3803264
3968472
4078735
4488660
4250109
4138083
4067624
3997074
4271760
4086058
4244878
4176917
4062171
3885030
3968854
4143992
4130658
4115876
4054847
3922492
4057385
3923563
4127167
4127901
4130404
4126924
4344262
4125898
3963763
4237881
3940937
3982389
4057286
4421000
3933237
4164182
4005789
4319295
4124313
4083869
4216969
4104117
4075605
4174714
4233201
3923734
4241141
4011540
4115700
4059940
4204570
4219576
4083815
4141280
4032816
4150617
4317663
4116483
4027909
4300569
4127169
3822530
4141280
4046636
4108886
3989137
4127169
4184124
3995642
3933928
4487131
4274712
4227186
4068690
3927953
4180069
3830463
4287158
3971126
4069268
4174714
4238180
4202386
3923563
4253549
4254960
4122434
4091924
4085238
4274008
4062171
4058238
4278534
4144563
3923563
4301743
3995642
4200593
4021620
3830463
4145853
3822286
4483964
4069410
4240926
4300569
4319027
4214074
4160831
4068340
4130117
4188315
4006192
3927953
4209814
3990360
4008774
3729437
3947283
3997626
4233404
4176495
4404279
4312954
4085046
3992147
3729437
4085046
4317789
3989137
4069268
4063739
4233550
4111162
4226626
3995257
4188960
4379711
4186403
3947283
3907275
4241079
4124313
3822286
4091924
4065022
3923563
4096619
4345378
4141541
3995642
4049649
4141798
4143989
3922492
4128713
4343098
3923734
4397564
4071814
3947283
4492937
4069256
4162789
4217567
3947283
4072763
4104773
4130117
3882960
3994904
3822530
3997626
3940937
3830463
4302787
4328400
4142911
4133545
3968854
3947283
4114794
3963501
4365926
4006192
3947283
4128713
3971126
4356941
3995642
3992147
4064291
4152688
3954543
3961808
4199888
4243684
4039941
3886542
4021620
4170807
4444566
4183097
3995642
4201573
4114794
4139599
4008774
3994904
3982137
4076208
4237881
4104337
3882727
4213424
4110221
3954044
4417829
4381503
4150806
3947283
3961808
4227186
4479212
4117854
4213051
4087657
3902295
3822530
4486567
4081042
4168146
4104773
4070734
4043358
4323491
4265116
3947267
4187558
4211783
4055248
4125898
4011325
4343655
4150617
4141280
4188315
3996107
4159027
4182119
4130342
3990360
3947283
4134145
4027909
4381863
4046636
4049649
3971126
4069268
3989137
4041848
4172085
4292837
3922309
4197652
3906630
4116483
4001227
4658205
4196225
4357984
4063739
3953473
4204570
3971532
4300794
4139792
4144563
3993238
3994904
4143797
3968472
4152591
4141798
4130342
4072763
4319027
3968472
3822286
4083869
4096718
4180069
4232119
4211783
4141541
4059940
4353949
4317408
4006192
3996530
4250109
3963501
3995257
4134145
3982137
4190041
4043358
3933237
3971126
4143989
4066944
4162085
4239113
4080527
4244518
4054803
4123612
3981601
4311130
4298221
4244518
4290239
4244755
4238180
4517957
3933928
3930188
3906630
4069268
4300794
4127169
3923734
3933486
3882960
4076208
4423038
3902295
4015804
4237881
4125898
3930188
4524397
4201573
3927953
3906630
4162789
3902295
4115700
4386530
4198049
4120016
4324588
4200026
4130404
4069410
4214502
4064291
3997074
3906630
4260970
3822530
4160831
4150806
3961808
4085732
4356941
4087657
4324588
3994904
4380716
4244878
4128713
4143992
3945737
3933928
4164576
4213979
4146174
4111162
4123612
4353567
4046636
4054029
4323536
4080527
4233550
4032566
4046636
3993238
3895377
3947267
4187064
4040165
4011325
4233404
3993238
4188960
4241815
4067624
4037693
3949205
3830463
4183024
4032566
4176965
4146174
4039941
4134914
4028559
3963389
4213051
3885599
4209814
4029631
4138019
4115513
3981601
4211783
3990360
4001227
3997074
3923734
3907275
4343799
4360236
3945737
4188755
3996107
4138019
4142911
4104221
3963389
4009643
4226539
4213427
3825060
4160917
4240926
3981601
4671393
4228109
3885599
3992147
3994904
3995642
4057385
4104337
4124313
4213051
3963501
3940937
4319465
4237881
3940910
3933928
4168146
4123612
4233047
3729437
4065022
3971126
3995257
4135333
4163812
4160917
4032566
4130117
4050245
4002978
4143992
3886542
4115478
4127169
3971532
3963389
4027909
4057385
4039941
3945737
4032816
4373304
4214427
4001227
4343098
4302608
4287976
3888148
3994904
4158973
3922492
4297703
4062171
3996107
4385819
4085732
4164576
4274008
4118801
4256292
4650068
3910943
3888148
3995257
4021620
4055338
4065022
4196902
4244518
4311130
4116649
4071814
3902295
4300569
4225809
4538572
4214502
4309154
4127584
4280057
4068690
3922309
4114794
4401466
4341710
3971532
3947267
4162087
4144563
3729437
4184124
4188960
4180229
4059940
4359681
4083869
4006192
4316550
4058238
4071814
3830463
4317408
3830463
4043358
4096718
3954044
4002978
4137629
4104117
4182119
4234056
3962370
3933237
4109411
4220279
4067624
4190041
4228109
4204562
4187558
4127584
3963501
4560400
4121558
3902295
4331734
4065607
4385819
3882727
3997074
4131745
4054803
4158973
3996530
3961808
4250109
4039941
4055248
4047231
4126103
3989137
3885030
4118801
4234056
3996107
4104221
3882727
3933486
4218168
4132219
4121558
3936233
3936233
3906630
4146174
4360318
4028559
4176917
4150617
4277835
3882960
4389963
4233047
4104221
4127493
4160831
3995642
3963501
4114794
3963501
4159027
4075605
4213424
4382836
3992147
3947267
4021061
4225809
4187064
4138083
3923563
4264409
4696643
3982389
4037693
3729437
4143989
4309154
4001227
4216969
3968854
3803264
4083869
4043358
3996530
3996530
4241237
3825060
4569491
4166728
4176965
4123612
4096619
4054846
4011325
4475693
4308003
3803264
4128713
4130117
4085238
3822530
3971532
4021620
4176495
4024969
4057385
3968472
4037693
4343655
4069268
4122434
4047231
4284598
4206209
4217567
4069268
3953473
4134706
4233861
4080527
3947283
4104117
4127493
3989137
4078869
4164182
4204562
4626100
4183024
4028559
4160831
4176420
4125898
4050245
4067624
3953473
4200026
4015804
4046636
4244518
4029631
4054847
4176420
4180229
4658677
4062171
3992147
3994904
4023068
4054847
4085238
4215892
4460379
3997074
4232124
3968472
3910943
4194534
4228496
4204031
4217211
4475693
4164576
4324889
4083869
3825060
3907275
4205330
4127048
3962370
4312954
4081042
4078869
3822530
4214502
4164576
4180069
4239113
4049649
3933928
3981601
4065022
3933486
3822286
4229697
4233047
4162257
4284598
4128713
4285265
4130404
3949205
4070734
3945737
4134706
4069268
4219777
3933486
3933486
4134145
4205330
3954543
4047231
4313498
3997074
3822530
4130658
4257542
4091740
4343549
4143989
3996530
3907275
3923563
4287158
4002978
4162257
3990360
4039941
4047231
3888148
3940910
4228898
4312463
3922492
4188755
4039941
4065607
4006192
4270116
4001227
3830463
4028559
4065022
3907275
4150806
4392610
4161887
3923563
3947283
3933928
4373304
4292837
4164576
4009643
4024969
3949205
4300794
3982137
4131034
3885599
3996107
4237114
4029631
4107477
4122434
4142911
3954543
4163812
3947283
4060245
4115770
4128713
3785198
3729437
3995257
4182119
4698434
4032816
4319295
4142911
3968472
4227186
4054803
4330485
4143797
4201573
3994904
4051956
4132219
4134145
3968472
4241079
4040165
4134914
4225099
4184124
3922492
3933237
4069268
3954543
4324588
4054803
4116649
3947267
4254960
3995642
4204562
4041848
4149955
3885030
3996107
4029631
3940910
4121558
4232124
4214427
3997074
3886542
3825060
4074766
4163127
4285265
4143989
4269364
4364883
4269364
4085238
4184124
4564112
4029631
3982137
4201787
4086058
4168146
4115478
4068690
4154977
3933237
4135333
3945737
4062171
4032816
3882960
4192500
4172085
3990360
4138019
4180229
4198049
4163812
4232119
3945737
4029631
4057385
4118801
4086058
3990360
4091924
4120016
4067624
4264568
4050245
3982389
4057286
3922309
3885599
4085046
3954543
4237881
4277424
4130404
4080527
4078735
4040165
4128713
4055338
4055248
3888148
4219770
4230244
4029631
4322977
4040165
4228109
4131034
4117854
4037693
3954543
4072645
4232431
4015804
3922309
3803264
4057385
3996530
4063739
4140492
3936233
4092867
4202386
4063739
4232431
4228729
4032816
4002978
4164576
4292837
3997074
4134914
3947267
4491776
3945737
4217327
4263657
4134145
4188960
4011540
4416473
4326044
4158973
3997626
3923734
4062171
3910943
4107477
4037693
4269767
3923734
3982389
4233550
4002978
3949205
4176550
4037693
4419931
4250785
4412309
3981601
4069268
4040165
4071814
4021620
4065607
3822530
3927953
3995642
4056424
4202386
4127048
4115513
4192500
3954044
4114794
4134145
4115513
4361399
3954543
3954044
4107477
3933486
4209814
3830463
4206209
3963501
3954044
4051956
3882727
4260970
4111162
4243684
4133545
4143992
3882727
4235452
4176965
3940937
4238274
4341872
4343701
4011540
4074766
4028559
4162085
4162789
4328400
3907275
4055248
4218168
3785198
4310841
3882960
4128242
4176965
4202991
4204031
4514974
4353342
4056424
3989137
4032816
3940910
3822286
4123612
4213424
4041848
4011325
4120016
4062171
4078735
4041848
3906630
3907275
4083869
3990360
4202991
4029631
3907275
4130404
4160917
3949205
4055338
4200593
4124313
4386574
4210993
4075605
3803264
3940910
4000839
4104773
4041848
4072645
4213153
3803264
4248506
4040165
4213424
4202786
4143989
4134145
4068340
3907275
4154977
3963763
4141280
4284598
3947806
4461631
4083815
4134914
4110221
4141798
3885030
4160917
4187558
4336649
4188960
4233201
3923734
4316549
4161326
3981601
4063739
3923734
4117854
3923563
4142796
4197652
4183024
4071814
4069410
4263657
4214074
4085238
4115700
4115700
4343098
4023068
3902295
4233550
3954044
3886542
4198049
4188960
4062171
4228729
3940910
4047231
4049649
3993238
4161887
4092867
4213051
4142796
4194534
3933237
4324588
3990360
4139182
4200593
4142573
4441451
4326507
4057385
3962370
4176420
4076208
4078735
4001227
4100284
3992147
4163812
3982137
3938441
4184124
4471526
3902295
4064291
4063739
4127901
3996107
4180229
4243684
4448508
4047004
4104221
3971126
3923563
4135538
4181758
4150806
4032816
4141798
4092867
3963501
4141798
4382836
4271760
4091403
3885599
3947806
4307867
4116649
3822286
4130404
4188755
4128713
4326507
3968854
3949205
4385850
4005789
3997074
4216969
3992147
3997074
3954543
4028559
3992147
4081155
4138083
4028559
3993238
4057286
4269767
3995642
4256319
4176420
3982389
4096718
4300569
3945737
3922492
4086058
4055248
3963389
3910943
4215892
4011325
4091924
4076208
4287158
4005789
4270116
3923734
4161326
3963763
4256319
4156535
4041848
3968854
4116483
3995257
4127493
4260970
3936233
4054029
3906630
4009643
3895377
4043358
4150806
4056424
4460379
3993238
3825060
4134706
3902295
4028559
3962370
4217327
3995257
4058238
4086058
4057385
4080527
4068690
4176495
4256292
4115770
4219777
4051956
4054847
4142911
3961808
4342839
4130404
3803264
4241141
3885599
4168146
4211225
4046636
4229697
4233404
4023068
3902295
3961808
4336731
3927953
4057286
4023068
4028559
4075605
4078735
4423038
4342839
4064291
4055338
3933237
3895377
3885599
4233550
4092867
4096619
4535779
3930188
4213051
4365926
4416473
4142796
4343549
4085046
3729437
3938441
3938441
4126924
4260970
4206209
4124313
4143797
3933237
4009643
3928180
4233047
4455292
4213424
4461747
3947267
4067624
3962370
4078735
4058238
4483616
3785198
4115876
3953473
4197652
4115478
4139182
4081042
4142911
4071814
3886542
4423038
4005789
4041848
4168146
4091924
3882960
4519938
4054029
4181758
3938441
3961808
4127048
3923563
4142573
3993238
3993238
4009643
4009643
3729437
4215892
4127167
4000839
4237881
3961808
4272113
4050245
4011325
4104337
4058238
3947806
3994904
3922492
3933928
3830463
4257542
4085238
4228898
4395236
3940937
3947806
4002978
3882960
4075605
3989137
4055338
3927953
4182119
3885030
4228109
4608990
3981601
4055338
4072763
4137544
4096619
4015804
3996107
4104117
4343701
4127048
4046636
3996107
4264568
3994904
4081155
3947267
4064291
4264409
4032816
4162789
4100284
4130117
4002978
4132219
4180069
4517506
4071814
4078735
4143992
4202786
4407225
3995257
4142911
4006192
4115478
4149955
4120016
4150617
4144563
3961808
4343098
4122434
3933237
4057385
4054846
4111162
4069410
3971126
4024969
4115513
3968472
3910943
3933486
4001227
4015804
4064291
3906630
3990360
4238208
4085238
3996107
4145853
4117854
4032816
4263830
4200593
4125898
3910943
3995642
4217327
4134145
4226539
4126924
3923563
4054029
4065607
4083869
4391740
4224400
3994904
3885599
4150617
4257427
3982137
3953473
4244755
4161887
4115478
3963501
4000839
4085238
4021620
4386530
4188755
4156535
4163812
4011540
4134914
4131034
4156535
4204031
3995257
4142573
4204562
4024969
4199937
4531158
3885030
4116483
4535779
3922309
4202786
4262987
3995257
4219576
4122434
3936233
3928180
4238274
3885030
4001227
4322977
3953473
3954044
4183097
4123612
3803264
3963763
3996530
4122434
4041848
4091740
4069256
3938441
4116649
4068340
4141541
4065607
3971126
4137629
4407802
4188755
4069410
4313629
3968472
3882727
3923734
4072645
3997074
4274308
4233861
4008774
4070734
4176965
4091740
3947267
3907275
3940937
4076788
4055248
4201787
4384768
4314348
3822286
4056424
4130342
3996107
3992147
4184818
4206209
3997074
3886542
4070734
4135333
4190041
3729437
4115478
4027909
4130404
3885599
4127167
4139792
3990360
4062171
4127901
4209814
4011325
4130117
4398296
3830463
4068340
3961808
3885030
4083869
4032816
3947806
3963763
4115876
4396165
4133545
3949205
4277380
4312954
4163812
4161887
3995257
3961808
4050245
4271760
4135333
3940937
3729437
3907275
4150806
4206209
4116483
4229697
3907275
4229697
3822286
4029631
4133545
4056424
4040165
4200593
4023068
4067624
4047004
4072645
3982389
4256319
4345949
4141280
4059940
4213051
4092867
4054846
4039941
4205193
4135538
3996530
4085046
4239113
4259920
4234056
4270116
4408733
4057385
3981601
4357861
3947806
3830463
4057286
4200593
4011325
4055248
4176917
3885030
4316549
3940937
4341224
4238180
4041848
4139792
4202991
4070734
4143989
4133545
4055248
4096619
4006192
4021061
3968854
4215892
4143989
4087657
4183024
4086058
4076788
3997626
4110221
4271760
4199937
3990360
3961808
3923734
4132219
4114794
3882960
4130342
4137544
4124313
4039941
4104117
4133545
4104117
4324588
4342839
4085046
4142573
4054846
3954044
3982137
3940910
3954044
4091403
4204031
4200593
4081155
3895377
4302608
4065022
4180069
4111162
3962370
3963763
4140492
4080527
4109411
4139792
4002978
4238208
4021061
4127901
3968472
3907275
4244755
3968854
4212102
3989137
4127169
3822286
4571131
4130658
3910943
4139182
4356941
4027909
3961808
4317789
3895377
3971126
4118801
4085732
4008774
4258466
4024969
4163127
3989137
4135333
4046636
4233404
4388776
4024969
4183097
4138019
4396165
4122434
4108886
4425418
4132219
3963389
3922309
3785198
3982389
4150382
4200593
3971126
4049649
4109411
4065022
3885599
4043358
3928180
3963763
3963389
4156535
3888148
3996107
4122434
4074766
4130342
4070734
4024969
4116483
3989137
4163127
4302900
4277380
4323536
4069410
4104773
4294777
3902295
4183097
3888148
4076208
4272113
4049649
3882727
3895377
4279075
4164576
3961808
3994904
4096619
4141798
3928180
4188960
4264409
4130117
4109411
4190041
4000839
4128242
4127901
4211783
4001227
3729437
4141798
4180069
4081155
4225809
4056424
3936233
4056424
3922309
4204562
4135538
3940910
4086058
4184818
3996530
4011325
4344262
4431051
4154977
4188755
4091924
3968472
3963501
4128713
4145853
3990360
3938441
3822530
4091740
3922309
3895377
3992147
3785198
4205330
4162085
4072645
4001227
3885030
4091740
3997626
4210993
4057286
4239113
4126103
3971126
4217211
4228109
4051956
4040165
4233404
4170807
4071814
4015804
4057385
4072645
3882960
4064291
3933486
4200026
4096718
3953473
3907275
4372411
3938441
4232431
4127584
4011540
3992147
4325391
3906630
4047231
4059940
4220279
3949205
4081042
4423030
4058238
4154977
4072763
4062171
4069410
4011325
3888148
4032816
4029631
4182119
4285761
4256292
4056424
4162257
4344730
4160831
4314260
4076788
4070734
3990360
4213979
4116483
4100284
4145853
4196225
4143992
3989137
4214427
4140492
3968472
4005789
4055338
4466121
3968472
4083815
3963501
3927953
4244878
4141541
4127493
4083869
4150617
4067624
4021061
4107477
4054803
3953473
4116483
4213424
4104337
4116483
4041848
4087657
4228496
3947806
4217567
4247756
4198049
3940910
4008774
4115700
3992147
4037693
4256292
4104773
4228898
4301432
4070734
4238274
3927953
3830463
4041848
3962370
4447974
4500070
4228103
4057385
4074766
4254960
3940937
4027909
4433308
4217567
4000839
4277835
4184818
4127584
4127901
4054847
4051956
3949205
4060245
4233201
3997626
4181758
4100284
4141798
3981601
4239113
4279646
3982137
4353342
4274008
4134706
4049649
4011540
3954044
4127048
4338729
4029631
3936233
4125898
4054029
4174714
4130342
3923563
4109411
4067624
4054029
4091924
3992147
4283071
4081155
3803264
4029631
4138083
3997074
4068340
4120016
3968854
4049649
3923563
4068340
4205193
4518403
3992147
3961808
4130117
4049649
4023068
4130404
3996530
3971532
4032816
4386530
4118801
4314348
4054803
4162085
3971126
3923734
4219576
3994904
4233404
3954044
4072645
4142573
4233550
4134914
4184124
4423945
3963389
4160831
4091740
3923563
3968854
4361399
3997074
3971126
3949205
4409830
4214427
3906630
4040165
4356941
4115513
4134706
4069410
4086058
4180229
4235452
4087657
4028559
4324889
4065022
4005789
3930188
3923734
4162087
4219770
4081042
3971532
4269767
4006192
4160831
4137629
4078869
4054029
3982137
4116649
4115700
4183097
4248506
4144563
3822286
4160831
4096619
4069256
4241141
4131745
4244755
3885030
4056424
4213153
4204570
4415085
4258466
4011325
3995257
4219770
4067624
4228729
4415486
4070734
4002978
4433308
3822286
4298983
4256672
4202786
4142573
3885599
3961808
3923563
3882960
3803264
4123612
4204562
3968854
4046636
3996530
3990360
4233201
3922309
4023068
3922309
4054846
4139599
4176550
3968472
4083869
4023068
4248506
4046636
4243684
3822286
4404247
4115700
4117854
4156535
4005789
3907275
3922492
4547345
4244755
3954044
4083815
4065607
3895377
3923563
4139599
4204031
4233550
3945737
4356662
4054847
4152591
3910943
4244518
3982389
4234056
4125898
3947267
4204570
4263830
4067624
3947267
3981601
4358936
4204562
3982389
3971532
3888148
4491849
4161326
4184124
4170807
4083869
4054846
3910943
4277835
4274510
4104117
4069256
3982389
3968472
4055248
3729437
4310841
4064291
4164182
4314348
4141798
4423030
3968854
3992147
3936233
4096619
4104773
4361808
4156535
4128713
4156535
3947267
4226539
4134914
4115770
4122434
4024969
4277835
4314891
3997074
4104337
4187064
3997074
4254960
4140492
3963389
3996530
3945737
4441242
4217211
4065022
4214778
4187064
4115770
3994904
4353342
4081042
4262987
4117854
4078735
4161887
4055248
4085732
4194534
4232119
4117854
4037693
4131745
3954044
4057286
4115513
3953473
4138083
3947283
4015804
3947267
3954044
4128242
3922492
3997626
4132219
4078869
4156535
4257427
3982389
4264568
3882960
4107477
4081155
4080527
4164576
3993238
3886542
4415486
4299920
4043358
4219777
4116483
4216969
4451395
3886542
4110221
4049649
4055338
3981601
3962370
3930188
4069268
3825060
4375082
4202786
4205193
4134145
4023068
3963389
3997074
3940937
4182119
4023068
3785198
4204570
4081042
4527077
4027909
4142796
4123612
4076208
3882727
3990360
4056424
3906630
4218121
4115478
4002978
4049649
3992147
3949205
4162087
4617446
4232119
4139182
4140492
4163812
4064291
4184124
4244518
4055338
4040165
4160917
4001227
4115876
4068690
4232431
4143989
3825060
4116483
4363108
4513743
4118801
4069256
4271347
4067624
3961808
3922492
4228109
4250109
4201573
4162087
4488660
4277071
4381863
4399635
3907275
4150806
3938441
4046636
3928180
3992147
4104773
3928180
4342839
4270116
3940910
3989137
4302787
3982389
3996530
4081155
3997626
4054803
4054803
4050245
3922309
3902295
4226626
4081042
3933928
4176965
3997074
4109411
4277952
4314348
4000839
3992147
4138083
3822286
3882960
4137544
4287976
4143992
4262664
4072763
4127584
4204570
3982137
3961808
3886542
3907275
4104337
4633612
3997074
4002978
3971126
4127493
3907275
4124313
4000839
4152591
3933237
4241237
3933237
3933237
3994904
3938441
4284598
4134914
4069268
4150617
4141798
4202386
4326100
4184480
4130658
3994904
4214778
4074766
4217567
4086058
4272113
4213051
4213153
4204031
4214502
4220279
4066944
4436943
3954044
4069410
4140492
3928180
4117854
3997626
4075605
4233047
4246787
4127169
3947267
3947283
3963389
3922309
4277835
4134706
3933928
4358936
3981601
4085046
4133545
4280057
4188755
4062171
4110221
3982389
3922309
4228103
4139792
4021061
4737478
3990360
4041848
3940937
4183097
4096718
3922309
4404279
4268195
3922309
3990360
4420087
4032566
4074766
4015804
4083815
4021061
4188315
4401466
4076788
4423038
4148150
3940937
3885599
4069410
4115513
4118801
4174714
4115513
4091740
4159027
3886542
4257936
4273033
4159027
4162257
4059940
4162085
4054803
3953473
4214074
4199937
4237881
4301743
3963763
4110221
4047231
4081042
3992147
4131034
4072645
3947267
3825060
4295807
4243684
4039941
4069256
4320684
4051956
4232119
4257936
4232119
4158973
4201573
4326100
4131034
4351966
4144563
4117854
4054803
4128713
4440453
4197652
4117854
4225099
4130342
4409705
4271760
4021620
4166728
4081155
4373304
4126924
3885599
4258466
4289058
4180069
3996530
4248506
4130117
3997074
4241237
4206209
4142573
4118801
4046636
3962370
4115876
4150040
4230244
4191015
4232124
4005789
4284598
4289058
4273033
4104117
4484311
4115770
4037693
4345949
4122434
4233550
3947806
4202386
4024969
4358936
4117854
4068340
4076208
4015804
4214074
4001227
4238274
3822286
3963389
4066944
4214778
4065022
4122434
4406517
4232124
4214427
4108886
4268195
4144563
4238274
4182119
4043358
4122434
4270232
4104117
4217567
3961808
4256292
4269364
4186403
4214427
4176917
4550244
4047231
3886542
3981601
4150806
3949205
4256319
3996107
3971532
4143989
4078735
4126103
3947283
4214427
4050245
4176420
4182119
4032816
4152591
4161887
4214502
4054803
4065607
4453856
4163812
3963389
4214502
4001227
4336097
3989137
4108886
3885030
4228729
4047231
4176917
4213051
4360318
4122434
4225099
4142796
3729437
3992147
4300569
4054847
3933486
4244878
4043358
3968472
3995257
4043358
4148150
4270232
4274308
4215892
3785198
4107477
4116649
3882727
3933486
3992147
4047231
3971532
3947806
3825060
4006192
4131745
4385850
4133545
4024969
4380737
3888148
4379516
3949205
3803264
4162789
3996530
3963389
4259920
4244518
3997626
4135538
4072645
4214502
4202386
3945737
4552018
3996530
4298221
4174714
4183097
4081042
4126103
4235452
3923563
3923734
4333123
3906630
4083869
4297703
4039941
4183024
3940937
4122434
4139599
4205193
3945737
4237114
3930188
4125898
4008774
4124313
4009643
4069256
4055248
4123612
4021620
4184480
4190041
4280309
3888148
3982389
4096619
4188960
3971532
4108886
3997074
4130404
4204562
4140492
4176917
4162085
3906630
4111162
4280057
3910943
3907275
3997074
3982137
4176550
4083869
3963763
4201787
4218121
4183024
4238408
4273033
4154977
4326044
3902295
4152591
4057286
4396165
3882727
4250012
3954044
4262987
4146174
4237881
4259920
4159027
3971126
3928180
4028559
3963501
4027909
4009643
4358936
4239113
3822530
4058238
4117854
4072645
4134145
4160917
3933486
4196225
4256672
4159027
3927953
4150850
4021061
4162087
4081042
3949205
4115876
4120016
4506656
3982137
4021620
4232119
4104221
4188315
4280309
4244878
4428669
3996530
4176550
4069268
4104221
4115876
4041848
4047231
3803264
4176550
3963763
4253549
4316549
4060245
4137544
3940937
3906630
4150806
3947267
4158973
4162087
4039941
4085732
3923734
3825060
3997074
4524397
3933486
4083815
3981601
4234574
3882727
4117854
4130404
4262664
4256672
3930188
4078735
4431090
3971532
4149955
4127167
3922492
4072763
4127167
3822530
3997074
4294777
4398296
4133545
4156535
4297703
4055338
3963389
4067624
4072763
4001227
3902295
4120016
4239113
4040165
4322977
4163127
3902295
4312954
4131745
4096619
4135538
4198049
4139599
4274008
4257427
4285761
3888148
4118801
3785198
3882727
4192500
4162087
4076208
4049649
4068340
3922492
3996530
3996107
4009643
4071814
3949205
4115478
4037693
3822286
3882727
4271760
4319465
3963763
4199888
4198049
4160917
4015804
4403643
4220279
4150850
4067624
3993238
3992147
4270232
3947267
4274047
4021620
3825060
4594013
4091740
4185326
3923563
4069256
3954044
4265116
4150040
4150040
4215892
4058238
4104773
4184818
3947267
4288849
4218121
4140492
4049649
4083815
4398296
4150850
4023068
4111162
4011325
4152688
4115513
3963763
3803264
4058238
4029631
4120016
3954044
4096718
3803264
4054846
4054846
4086058
4225099
4142573
4202991
4069268
4104221
4047231
4032566
4244755
4041848
3907275
4187064
4204562
4046636
4064291
4011540
4138083
4154977
4123612
3729437
3923734
4202786
4274308
4104221
4067624
4116649
4057286
4232119
4263657
4006192
4382836
3982389
4211225
4160917
4076788
4234684
4139599
4257542
4067624
4096718
4450733
4265116
4342839
4047231
3961808
4002978
3961808
4232431
3922309
4308003
4130117
3785198
3888148
4062171
4259339
3947283
3888148
4345949
3822286
3963389
3830463
3982389
4062171
4050245
4373304
4280484
4005789
4521838
4122434
4054029
4139599
4067624
4142911
3785198
4145853
4168146
4009643
4116483
4076788
4127167
3995257
4115770
3971126
4065607
3947267
3882960
3910943
4043358
4076208
4248025
3923563
3933928
3971126
4069410
4196225
4381863
4131745
4274047
4032566
4429914
4086058
3947283
4054847
4176550
4062171
4360844
4205193
4066944
4233047
3895377
4058238
3996530
4056424
4087657
4127901
4143992
4131034
4158973
4054846
4162789
4141280
4176420
4182119
4164576
4029631
4047004
4415085
4037693
3997626
4143992
4238748
4261265
4054847
4361399
4217567
4133545
4213153
4091740
4221819
4054847
4078869
3825060
4121558
3906630
4057385
4125898
4050245
4298221
4364554
4078869
4213427
4100284
4054803
3947806
3996107
4121558
4054029
4244518
4290239
4250785
4123612
4062171
4254960
3882727
4415901
4005789
4311526
4182119
4091403
4115513
4228729
4027909
4021061
4046636
3947283
4158973
4156535
4059940
3963501
3961808
4211225
4358936
4301432
4271347
4118801
3830463
4128242
4072763
4069256
3882727
3963389
4160831
4160917
4199937
4130658
4176965
4148150
3885030
4162257
4069268
3923734
4067624
3933486
3971532
4075605
4251301
3785198
4187064
4006192
4111162
3885599
3996107
3953473
4228898
4166728
4357984
4070734
4127048
4128242
4055338
4109411
3996107
4057286
4343549
3945737
3947806
4075605
4202386
4319465
3923734
4047231
4011540
4270232
4289058
4139182
4115513
4135333
4142573
4047231
3895377
4118801
3928180
4108886
4186403
3953473
4143989
4117854
4111162
4144563
4115876
4055248
4060245
3822286
4225099
4162085
4128242
3930188
3933486
4213427
4032566
4221182
4046636
3922309
4029631
4115700
4232431
4228109
4288677
4187064
4111162
3830463
4028559
3882727
4298221
4161326
3882727
4127584
4124313
4141798
4049649
4011325
4259920
4078735
4162789
4069268
4180069
3995257
4374321
4218121
4415486
3822286
4187064
4008774
4104773
3906630
4116649
4314260
4608990
4055338
3907275
4255990
4067624
3928180
3994904
4162087
4085732
3995257
3922492
4279646
4176495
3981601
4064291
3923563
4162085
4238408
4142796
3961808
4302787
4128713
4137629
4285761
4085046
3940910
4104773
4524486
4091403
4121558
3936233
3922492
4554228
4302608
4538538
4233550
4247756
3729437
3947806
4075605
4137629
3940910
4054803
4221875
3907275
4024969
4050245
4234684
4259683
4274712
4068340
4126924
4078735
4057286
4702974
4137629
3785198
3882727
3927953
3922492
4299920
4138019
3907275
4122434
4083869
4218168
4204562
4270499
4279646
4288677
4176495
4180229
4345949
3953473
4047231
3882960
3963763
4555547
4154977
4028559
4324889
4263657
4055248
4109411
4270232
4076208
4060245
4312954
4462008
3996530
3981601
4126924
4068340
4213979
3995257
4251301
4232358
4232431
4158973
3906630
4104773
4059940
4078735
4126103
4139792
4608990
4141541
4124313
3949205
4311526
3996107
4194534
3961808
4023068
4433308
3803264
4217567
4083869
4115700
4311130
4228496
4214778
3971126
4071814
4057286
3940910
4379165
4080527
4076208
3938441
4164182
3830463
4183024
4182119
4160917
4185326
3822286
3997626
4313498
3785198
4127901
4124313
4040165
4075605
4008774
4032566
3882960
4257542
3949205
4329696
4081042
4043358
4152688
4172085
4161887
4111162
4002978
4592708
4154977
4111162
4237114
4320684
4126103
4081155
4319465
4258466
3803264
4137544
4198049
3945737
4057385
4011325
3947806
4269364
3822286
3963389
3961808
3933928
3947283
4196225
4071814
3910943
4127048
3888148
4196902
4202786
4110221
3940910
3993238
4278534
4046636
4127493
4054846
4259920
4111162
3927953
3906630
4114794
3968854
4367819
3996530
4202386
4001227
4039941
4041848
4046636
3923563
3785198
4006192
4232119
4162257
4126103
4263830
4078735
4057286
4011540
4216969
4232431
4233047
4091403
4256319
4134145
4115770
3906630
4433308
4011540
4228898
3963389
4015804
4104773
4054847
3886542
4217327
4029631
4134706
4076788
4049649
3906630
3996107
3930188
4343799
4230244
4032816
4162087
4023068
4150850
3993238
4011325
4078735
4564291
4364554
4114794
4128713
4041848
3822530
3825060
4043358
3940937
4091403
4039941
4466121
4068340
4051956
4375450
4217211
4316549
3982389
4150382
4211225
4161887
3938441
4238408
4081155
4050245
4213979
3981601
4202386
4205193
3936233
4085238
4228898
4115700
4096718
3822530
4320684
4054847
4257427
4054029
4054846
3968854
3997626
4123612
4058238
4412996
4140492
4076788
4188960
3928180
4078869
3906630
4047004
3910943
3982137
4191015
4040165
4412996
4218121
4080527
4176965
4487259
3938441
4164182
4127169
4100284
4296771
4172085
3947283
4228898
4317789
3895377
4221875
4091740
4130404
4091924
4435042
4166728
3961808
3803264
4015804
4348218
3994904
4128713
4172085
3995257
4121558
4211783
4256319
4054803
3888148
4228496
3945737
4008774
4055248
4096619
4054029
4205193
4213051
4219777
3923563
4023068
4166728
4091403
4139599
4201787
4054846
4150040
3982137
4130658
3995257
4127048
4211225
3902295
4127048
4132219
3996530
3982389
3995642
3963389
4388776
4078735
4062171
4397326
3933928
4080527
4081155
4264409
3822530
4127048
4074766
4143992
4259339
4233995
4055248
4096718
4021061
4037693
3981601
4118801
3928180
4347426
3785198
4064291
4185326
4130658
3962370
4127167
3982137
4091924
3895377
4069268
4347956
4192500
3992147
4506656
4083869
4037693
4308596
3971126
4054846
4228898
4039941
4211225
4256319
4182119
4055338
3923734
4092867
4076208
4156535
4127048
4001227
4076788
4244878
3971532
4227186
4015804
4180069
4421000
3803264
3885030
4009643
4595977
4065607
4232124
4054847
4091403
4043358
4091403
3936233
3981601
4233404
4127901
3928180
4202991
3992147
4277380
4091403
4055338
4160831
4069268
4162087
4137544
4484983
4221182
4011540
4134145
4111162
4259339
3822286
4191015
4058238
4054029
4127167
3949205
3992147
3994904
3895377
4115876
4005789
4006192
4002978
4312954
4205193
4356662
3729437
3989137
3922492
4142796
4091740
4180069
4104773
4214502
3895377
4263657
4372411
4124313
4062171
4238748
4314891
4415486
4055338
3882960
4230244
4364883
4130658
3997626
3940937
4280034
3992147
4194534
4150806
4217211
4028559
3830463
4262987
4096619
4199888
4054029
4225809
4050245
4057286
4199888
3882727
4078869
4126924
3995642
4199937
4379516
3997626
4658677
4096718
3882960
4225809
3902295
4206209
3995257
4072763
4021620
4213427
4401466
3906630
4694414
3885599
4214502
4159027
4104221
4342839
4311130
4108886
4085046
3981601
4015804
4076208
4380716
4226539
4076208
4068340
3996530
4127901
4049649
4091403
3963763
4182119
4139792
3954044
4298983
4039941
4176917
4386530
4130342
4127493
4062171
3907275
4143992
4009643
4118801
3922309
4137544
4232431
4158973
4234574
4124313
3803264
4037693
4069268
4000839
4127901
3927953
4160831
4257542
4078869
4326507
4134706
3927953
4118801
3923563
4050245
4154977
4008774
4067624
4328400
4115876
4109411
4069268
4213153
4158973
4288677
3982137
4087657
4134145
4040165
4232431
4218168
4287976
4108886
4111162
4259339
4068340
4202786
4176420
4213153
4324588
4091924
4625395
4049649
3968472
4132219
4057385
4056424
4264409
3910943
3994904
4054803
4043358
4214502
4287320
3922309
4071814
4164182
4364554
4096619
4000839
3885030
3997626
3785198
4447974
3997626
3729437
4184480
4128242
4011540
4201573
4071814
4185326
4380716
4039941
4204570
4068690
4051956
4200026
3963501
4054029
4115770
4023068
3830463
4264409
4043358
4174714
4002978
4104221
4170807
4307867
3922309
4441242
4122434
3996530
4080527
4150382
3922309
3963501
3910943
4381503
3927953
4109411
4436943
4626100
4540480
4021620
4058238
3996530
3933928
4134145
4233201
4134145
4028559
3940910
4166728
3971532
4138019
4114794
4150850
4069268
4126103
4046636
4051956
4135538
4028559
4127493
4148150
4074766
4091740
4032816
3989137
4144563
4214074
4139599
4229697
4250012
3940910
4115876
4058238
4127901
4075605
4006192
4118801
3922492
4438199
3936233
3947283
3933486
4187064
4087657
3822286
4060245
3997626
4069268
4130404
3825060
4083815
3902295
4091740
4050245
4068340
4051956
4145853
4204570
3906630
4009643
4127167
4127901
4220279
4369521
4196902
4037693
4433349
4228109
3963763
4115770
3997626
4141798
4074766
4168146
4342839
4087657
4280057
4024969
3945737
4497378
4057286
4091403
3923563
3982137
4062171
4142911
4232119
4062171
3785198
3938441
4011325
4232431
4040165
4040165
4241079
4001227
4416473
4108886
4085046
3910943
4357984
4040165
4391246
4040165
4130658
4115478
4150382
3954543
3895377
4104773
4062171
4214502
4317663
4083815
4008774
4115770
4006192
4215892
4043358
4225099
4054847
3822286
4238274
4347956
3910943
4233404
4021620
4152688
3885030
3963763
3729437
4228103
4202386
3963763
4218121
3922309
4065022
4244518
4283071
4250785
4360236
4317663
4134914
3963389
3995642
4104221
4041848
3822286
3923563
4235452
3997074
4131034
4054847
4388514
3995257
3962370
4211783
3971532
4460379
3949205
4219770
4071814
4028559
4062171
3954044
4069256
4161887
4054846
4232358
3928180
4187558
3940937
4043358
4027909
3981601
4199888
4213051
4074766
4011325
4176965
4160831
4065607
4128242
4234684
4057385
3995642
4133545
4069256
4241079
4238408
3923563
4417829
4118801
4072763
4238208
4083815
4170807
4142911
4341872
4075605
4076208
4091924
4285761
4064291
4219770
4194534
3995642
4059940
3989137
4156535
4128713
4055338
3968472
4139182
4458232
4150040
4386574
4256672
4148150
4115478
4412309
4032816
4330485
4116483
4041848
4092867
4317408
4197652
4051956
4047004
4100284
4159027
3822286
3803264
4250785
4115478
4027909
4380716
4143989
4074766
3907275
4163127
4054846
4163812
4176495
4226539
4032566
4110221
4134914
4123612
4058238
4039941
4440453
4264568
4115700
4008774
4268195
4054029
4062171
4186403
3968472
4047004
4069256
4375450
4141280
4181758
4134914
4081042
4213153
4107477
4139182
3995642
4186403
4150040
4064291
3936233
3822286
3922309
4139599
3906630
3933486
4028559
4214427
4002978
4115770
4270116
4054846
4290239
3927953
4006192
4229697
3803264
4280484
4054029
3729437
4092867
4069268
4091403
3995642
4069410
4130658
4066944
4174714
4049649
3882727
4009643
4110221
3963763
4023068
4067624
4068340
4054029
4066944
4057385
4091924
4172085
4296206
4107477
4085732
4250109
4395236
3882960
3990360
4024969
4005789
4117854
4185326
4009643
3954543
3923734
4436669
4142573
3982137
4204031
4006192
4363108
3933928
3785198
4070734
3993238
4237114
4050245
3933237
4221819
3933237
4180069
3822286
3947283
4085238
3882960
4226539
3993238
4436943
3954044
4065607
3907275
4043358
4011325
4069410
4124313
4121558
3954044
4319295
4160831
4060245
4163127
4122434
4069410
4343799
4028559
4085732
4139599
4076208
4087657
4127584
4126924
4221875
4311526
4220279
4451395
4347426
3729437
4206209
4072645
4116649
3882727
3993238
4194534
4069256
4244518
4238208
4057286
4126103
3907275
3962370
4008774
4143797
4142573
4201573
4237881
4104773
4060245
4011540
4289058
4057286
4161887
4232119
4062171
4227186
3923734
4172085
3963763
4285265
4039941
4233995
3930188
4186403
4021061
4487043
3954543
3882960
4001227
4221875
4345949
4150617
4128242
4100284
4054847
4116483
3982389
4277380
4127584
4280309
4316549
3933237
4040165
4063739
3923734
4064291
4083869
4187064
3882960
4324588
4186403
4021620
4241141
4160917
4206209
3963501
4219770
3971532
4002978
3982137
4080527
3927953
3947283
4202386
3910943
3785198
4127048
4200026
4184124
4116649
4241237
3971532
4139599
4043358
3822286
3882960
4386232
3907275
3947267
4130658
4107477
4085238
3995257
3945737
4121558
3945737
3923563
4158973
4162257
4240926
3933237
4257936
4078869
4039941
4338766
4086058
3993238
4109411
4127048
4075605
4150806
4114794
3830463
3882960
4008774
3968854
4263657
3963763
4270232
3995257
3933486
3981601
3981601
4130342
4060245
4143989
4100284
4287320
3825060
4008774
4162085
4032566
3882960
4187064
4137629
4183097
3962370
4269767
4373304
4255990
3961808
4023068
3885030
3996107
4054846
4068340
4111162
4110221
4121558
3997626
4200026
4240926
3997074
3947267
4226626
3922309
4161326
4064291
4054847
4160831
4126924
4058238
3994904
3953473
4233404
4040165
4127048
4021620
3990360
4069268
3953473
4069256
4228898
4080527
4011540
4364554
4168146
4425418
4213153
3954044
4091740
4078735
3785198
3963389
3830463
4532312
3947283
4201787
4296309
4184818
3953473
4132219
4070734
3996530
4300794
4121558
4497378
3885030
4006192
4244755
4120016
4141541
4140492
4032816
4085046
4317663
4015804
4131034
4108886
3995642
3981601
4201573
3928180
4121558
4021061
4049649
3982389
3982137
4068340
4228496
3968472
4081155
3902295
3954044
3968472
4201573
4234574
4142796
3882727
4241141
4161887
4057286
4206209
4237114
4162789
4144563
4392728
4091924
4176965
4130658
4150382
3922309
4253549
3895377
4076788
4599215
4150617
4127167
4011540
3936233
3906630
4138083
4159027
4069256
4135538
4050245
4213051
4162257
3990360
3949205
4338766
4091924
4069410
4152591
4590359
3989137
4310841
4021620
3993238
4149955
4049649
4497378
3886542
3885030
3940937
4083869
4176965
4284598
4065022
3963501
4202991
3785198
4199937
4128242
4190041
4067624
4120016
3785198
3993238
4387247
4154977
3947806
4285265
3803264
3962370
4040165
4386232
4054847
3907275
4060245
3962370
4154977
3923563
4314348
4162257
4408733
4212102
4115876
4050245
4232358
4049649
4083815
4083815
3822530
4074766
4218168
4260970
4137629
4096718
4270499
3927953
3803264
3947283
4134145
4008774
3895377
4009643
3995642
4298983
3885599
4374321
4107477
4199888
3830463
3981601
3962370
3885030
3825060
3954543
4329696
4130404
4076788
4202386
4057286
3885599
4259920
3933237
4192500
4229697
3949205
4054847
4192500
3982389
4396165
4313498
4197652
4287320
4232358
4023068
4060245
4210993
4476150
3968472
3927953
4209814
4172085
3910943
4080527
3996530
4199888
4057385
4180229
4054846
4072645
4108886
4170807
4323536
3825060
4234684
4120016
4120016
4324617
4172085
4225099
4059940
4188315
3895377
4086058
4070734
4391819
4176420
4001227
3803264
4164182
4262664
3963763
4319295
4110221
4060245
4234684
4146174
4092867
3995257
4065607
4109411
4131034
4142796
4074766
3993238
4024969
4064291
3947267
4086058
4420087
4256672
3993238
4128713
3882727
4076208
4162085
4345378
4164182
4134914
4141280
4059940
4054846
4190041
4264409
4065607
4263657
3830463
4011540
4064291
3910943
3940910
4011325
4152688
4188755
4215892
3981601
4124313
4469361
4283071
4320684
4264568
4218168
4002978
4188315
4150850
4047004
4466183
4070734
3995257
4230244
4083869
4168146
3885599
3996530
4210993
3822530
4159027
4039941
3995257
4160831
3922492
3963501
3940937
4330485
4196225
3990360
3947267
4174714
4091403
4116483
4415901
4161326
4021620
4325391
4002978
3954543
4238180
4391740
4123612
4127048
4283071
3822530
3923563
3910943
4078869
4124313
4021061
4015804
4232358
4120016
4160831
3990360
3940937
4104773
4443618
4224400
3996530
3907275
3933237
4032566
4196902
4226539
4641230
4127048
4227186
4067624
3997626
4054846
3785198
4197652
4096718
4011540
4116649
3962370
4263657
4154977
3982389
4135538
4062171
4373304
4115700
4380716
4160831
4308003
4300569
4166728
4100284
3885599
4068340
4233201
4146174
4199888
4319295
4313629
4063739
4074766
3997074
3971532
3882960
4096718
4064291
4270116
4011540
4104221
4297703
3936233
4144563
4313498
4468831
4072645
4104221
4188315
4078735
4296771
4069410
3968472
3822286
3990360
4104221
3930188
3922309
4087657
4218121
4063739
3990360
4043358
3994904
4130658
3907275
4230244
4065607
3928180
3989137
4104117
4087657
4295807
4110221
4127901
4176495
3822530
4050245
3968472
3822530
3963389
4051956
4127048
4233201
4032816
4296206
4127167
3729437
4214074
3989137
3968854
3907275
4121558
4130404
4104337
4241141
3945737
4162087
3940937
4091740
4338766
4164182
4065022
4162085
4224400
4024969
3885030
4634929
4091403
4262664
3885599
4041848
4132219
4134706
4059940
4068340
3729437
4264409
4202991
4115478
3963389
4164182
4039941
4104117
4360236
4021061
3940937
4116483
4149955
4329696
3968854
3962370
4028559
4060245
3922309
4259339
4241141
4127493
3822286
3906630
4262987
4064291
4214074
4135538
4221875
4054846
3954543
4008774
4107477
4232119
3936233
4091924
3949205
4274008
3945737
4072645
4131745
4137629
4015804
4204562
4118801
4232358
4306129
4213153
4051956
3961808
4037693
4226539
4213153
3953473
4230244
3910943
4130342
4011325
