26805532
16398076
12532500
10640643
9715125
8608167
8101470
7653950
7243825
6872338
6700479
6727989
6363449
6298535
6131533
6025451
6198075
5989043
5769954
5604876
5521671
5421620
5133145
5488762
5533643
5145495
4779611
5285265
5119110
5098822
5389960
5043735
5154083
4856983
4856346
5106403
4894136
5238626
5046127
4628916
4737967
4996663
4968881
4916304
4833843
4826519
4737660
4699137
4846224
4661805
4785981
4811426
4856683
4666962
4862211
4715931
4712922
5003595
4738879
4765121
4748791
4526257
4540127
4484407
4666046
4689607
4890282
4419213
4680432
4781404
4773923
4493664
4537203
4763520
4639968
4506437
4754788
4353547
4577027
4412916
4572147
4615606
4514656
4357860
4680954
4579486
4571881
4340376
4485389
4537367
4462488
4646851
4475307
4478540
4262665
4522705
4462059
4367363
4414885
4475841
4479857
4462012
4219733
4739223
4420085
4643724
4287193
4577139
4427120
4517067
4405935
4495364
4392941
4353968
4407664
4273300
4249936
4606010
4385639
4384878
4507860
4438203
4274213
4532935
4219478
4571750
4379720
4263616
4149671
4296099
4364531
4729609
4437892
4213304
4675190
4483265
4786740
4409979
4479345
4319163
4185045
4404125
4628659
4487789
3962297
4564343
4448509
4560038
4364084
4517322
4430597
4366103
4341685
4425499
4217970
4366608
4397841
4348116
4331832
4388949
4343663
4360015
4302288
4312347
4214546
4586085
4128027
4314550
4301069
4549405
4364727
4162039
4444519
4384735
4455470
4311455
4205309
4348242
4263777
4428714
4176437
4268130
4320751
4367098
4199687
4319521
4114915
4324733
4233858
4341689
4244853
4617224
4074601
4148821
4594860
4440819
4360014
4323524
4268996
4361881
4323524
4386768
4325638
4139471
4191198
4186788
4309132
4170698
4258744
4132189
4216944
4347026
4455470
4238359
4238359
4005866
4166772
4485130
4131030
4141125
4234013
4253432
4054332
4104331
4277858
4466313
4481811
4180225
4278404
3969080
4279081
4431528
4247826
4553979
4306047
4258744
4380583
4380284
4077049
4357371
4323245
4212457
4317220
4176398
4226632
4162340
4143884
4241120
4226632
4527182
4360082
4237591
4230843
4359336
4187356
4433010
4695384
4000744
4229995
4253432
4162889
4415679
4323438
4277858
4232707
4309132
4200001
4081068
4329604
4144176
4128768
4270744
4212457
4307775
4280436
3948033
4159352
4274587
4240638
4585688
3996992
4000744
4336731
4087824
3954129
4188079
4154867
4068956
4259293
4104331
4164722
4203359
4127606
3970605
4241942
4133911
4317331
4345185
4203097
4364531
4246543
4250765
4150868
4324731
4296200
4444258
4254396
4228508
4131030
4189496
4242840
3981947
4191198
4183125
4134729
4257442
4085974
4294074
4213601
4137568
4133909
4413634
4295711
4083780
4233981
4091447
4184211
4451378
4187689
4206103
4174800
4436452
4107570
4126945
4153019
4200914
4181790
4111268
4430094
4317220
4192293
4040211
4497105
4190424
4142767
4142660
4347570
4244610
4235645
4238359
4162853
4232342
4566496
4050389
4163690
4162145
4109286
4350292
4195098
4360827
4555094
4367972
4138226
4316486
4232707
4091396
4176574
4396107
4362581
4367972
4074601
4270744
4085194
4161059
4176855
4511983
4359932
4064018
4448747
4168101
4332981
4473988
4369308
4205402
3995087
4071359
4213601
4228549
4161978
4083958
4057218
4270319
4109913
4130417
4073509
4353285
4141465
4238221
4387073
4217550
4181790
4330328
4249466
4046925
4559024
4288446
4277633
4065728
4122973
4422851
3994528
4500143
4298342
4358237
4235645
4047303
4170698
4292989
4279997
4201298
4224718
4198056
4280076
4033080
4161069
4093178
4008692
4213393
4381938
4127436
4116997
3895644
3883183
4430094
4067653
4139876
4247826
4250765
4343400
4126140
4205309
4096488
4059937
4259544
4235035
4011154
4015990
4228596
4115868
4231973
4054967
4058259
3947264
4248601
4065728
4348116
4162145
4363172
4182083
4176185
4138226
4459966
4517893
4274587
4065728
4116092
4069777
4214473
4054332
4244532
4186788
4067667
4109286
4346101
4240638
4161290
4183297
4006348
4161978
4366608
4341685
4054572
4288851
4274419
4203097
4409979
4091433
4232342
4344259
4184211
4197002
4149986
4244532
3933944
4381151
4065219
4613063
4189156
4054572
4184931
4116092
4059937
3928196
3822791
4062389
3970605
4261611
3927957
4027959
4137568
4118703
4118703
4041852
4297381
4119379
4420097
4244532
4180935
3882857
4135284
4547685
4419885
4532557
4127436
4296099
4003055
4126585
4122973
4109913
4247961
3830607
4255698
4150486
4280436
4109461
4312347
4268130
4205402
4024856
4146003
4055581
4015990
4156205
4228596
4233281
4233858
3902319
4172012
4152551
4054332
4142518
4433010
4162889
4075671
4316486
4047013
4081051
3968096
4135278
4249936
3922419
4138085
4115868
3933462
4221417
4015990
3989161
4360015
4069777
4225591
3954989
4341689
4214277
4138701
4224718
4459966
4206103
4115868
3928196
3923374
4345908
4437892
4135278
4118703
4054332
4250139
4069684
4020981
4126945
4203359
4348116
4420900
4227879
4439930
3922597
4221629
3911180
4214546
4054788
4116183
3982257
3971973
4443665
3923374
4096663
4213260
4241120
4139876
4152551
4073509
4247961
3963280
4417889
3938221
4152551
4176185
4277633
3990152
4360014
4150486
4367363
4134729
4198056
4249936
4356476
4306047
4029502
4060057
4055581
4314543
4256493
4343008
4479857
4140709
4073509
4203996
4096663
4068956
4085194
4056157
3971973
4397332
4118703
4170698
4221795
3928196
3994528
3953640
4211200
4138701
4199687
4184931
4250139
4228508
4227047
4255698
4043049
4056157
3923374
4072451
4301766
4116183
4407963
4278404
4317331
4326499
4214138
4301069
3923544
4043049
3995232
4257442
4057218
4343010
4409979
4060057
4204698
4202286
4455916
4023387
3945420
4513192
4465688
4274744
4276954
4213260
3923544
4234718
4015990
4100603
4376100
4069495
4419937
4200001
4189496
4264401
4298342
4311455
4180935
4235645
4037386
4128027
3968096
4257367
3961422
4115760
3883183
4041852
4033080
4172012
4133909
4427606
4071359
4241637
4183988
4047013
4364143
4237834
4131585
4372110
4183297
4295711
4302185
4161978
4080391
4021187
4391354
3888177
4116133
3949157
4029502
4115760
4213810
4357994
4064018
4317967
4231973
4128027
4269745
4104679
3994528
3962297
4163888
4008692
4060057
4104083
4280570
3886904
4227047
4109286
4021187
4217550
3989161
4217550
4164722
4203207
4374921
4174800
4065219
4116764
4137536
4219576
4141125
4135284
4029502
4226576
4126930
4071359
4140709
4078908
4141181
4126930
4126140
3933203
3995087
4234345
4141181
4127810
4096663
3995232
4001204
4096488
4078602
3922419
4124657
4126140
3995403
4324733
3930529
4150553
3941039
4270139
4116997
3911180
4427606
4272145
3946905
4077049
4050389
4213810
3991839
4162853
4211640
4001204
4285070
4217214
4115760
4083780
4226576
4131030
4176185
3947264
4234013
4264401
4073509
4041852
4270139
4763168
4135284
4183297
4201298
4055526
4184931
4205309
4091396
4116235
4397841
3949157
4166772
4386528
4049564
4021187
4161290
4116092
4407664
3995403
4072451
4055526
4129279
4170698
4310903
4076377
4139876
4148821
4164722
4192293
4357371
4532224
4119379
4009544
4313132
4360014
3953640
4323245
3927957
4183297
4314543
3885248
4200914
4021187
4280586
3930529
4360015
4319163
4126585
4058259
4239417
4060057
4127810
4150486
4287193
4205309
4150486
4032312
4235035
4141465
4241942
4135284
4127436
4149986
4250139
4243342
4150868
4128768
4188079
4067667
4269745
4006348
4166772
4127606
4091433
4232342
3895644
4271951
3933462
4172012
4174800
4361363
4161069
4085578
3940871
4241637
4238160
4127436
3885248
4141181
4290119
4274744
4041852
3885248
3936107
4326855
4345185
4055581
4137568
4232505
4156205
4067667
4351295
4032312
4080391
4067667
3923374
4109461
4116133
4139471
3963368
3907567
4020981
4162853
4283133
4163690
4257442
4069777
4326855
4073509
4067653
4085974
4131585
4131585
4185045
4200001
4256519
3785379
4134729
3982257
4010872
4130051
4183297
4238221
4126357
4011154
4046925
4361881
4043049
4141181
4143884
4311455
4242840
4277858
4083780
4465688
4372110
3963740
4271951
4127606
3954989
4100603
4121586
4234718
4065219
4233281
4308188
4545011
4078602
3946905
4280076
4070777
4071359
4205402
4336991
4064018
3922597
4200914
3822791
4314550
4279864
4127436
4235035
4064018
4701011
4010872
4517893
4104224
4343400
4047013
4360015
4040295
4176437
4021187
3906430
4104083
3982366
4121586
4271951
4229439
4343303
4430989
4347026
3941039
4047013
4116133
4149671
4093178
4217042
4466313
4444519
4309132
4029502
4049564
4028707
4199687
4122519
4137536
4231973
3803173
4240638
3963280
4383215
3930529
4211640
4116183
4057580
3953640
3953640
3947264
4183988
4138701
4072451
4214473
4162039
4229439
4037386
4001204
4217970
4116764
4232644
4020981
4234718
4205402
4341689
4109286
4139471
4087824
4510802
4182083
4187689
3996992
4023387
4317220
4081068
4116764
4093178
4288446
4237045
4459966
4068956
4100603
4116133
4153019
4554369
4010872
4161059
4239029
4126585
4065219
3945420
4091433
4104679
4338885
4436828
4190424
4127810
4001204
4067667
4192293
4142767
4127810
4184211
4187689
4232644
4134741
4133909
4185045
4250139
4006348
4150553
4288767
4227879
4161069
4135284
4274587
4050389
3882857
4221417
4134741
4280570
4220087
4140709
4213601
4087824
4183125
4268996
4326205
3961422
4274102
4159352
4272145
4302870
4078908
4205402
4087824
3982366
4054967
4646851
4192293
4263777
4126945
3982257
4109286
3886904
3971973
3954989
3911180
4195916
4224443
3825205
4205309
4247826
4359336
4172012
4276954
4129279
4302185
4163888
3825205
4076377
4290119
4330328
4150486
4006348
4142767
4326855
4116183
3933944
4235035
4083958
4116183
3911180
4023387
4367363
4091433
4256493
3830607
4100603
4248601
4270744
4272145
4274213
4317967
4150553
4122519
4091433
4384235
4347297
4224443
4085974
4455916
4121586
3785379
3989161
4277547
3940871
4009544
4239417
4047013
4054572
4473988
3940871
3941039
4091447
4237591
4296099
4227879
3995825
4009544
4100603
4064018
4130232
4364727
4141465
4065728
4005866
4054788
3883183
4058259
4233858
3922597
4249466
4064363
4336058
4021187
4201298
4032312
4176185
4176398
4240636
4153019
4083958
4199687
3930529
4140709
4144176
4228596
3961422
4156205
4213810
4037386
4011154
4290179
4069495
4162853
4003055
4385812
4164722
3948033
3803173
3888177
4280570
4323524
4357994
4314543
4068956
4226576
3936107
4127810
4364565
4131022
4134741
4142518
4280076
3997686
3990152
3971973
4176398
4084654
4127606
3963368
4213304
3883183
3995403
4162145
4436861
4085194
4280436
4590408
4054967
3982366
3885129
3963740
3882857
4202286
4074601
4126930
4049564
4182083
4217214
4658851
4085194
4277633
4024856
4594860
4397639
4077049
4107570
4137568
4183988
4064018
3990152
4104679
4084654
4256509
3947264
4203207
4201485
4203207
4279864
3941039
4056157
4140709
4126585
4341032
3982257
4150553
3933462
4404261
3906430
4357860
4037386
4353547
4040295
4462488
4256493
4187356
3989161
4104083
3995232
4126930
4259293
3941039
4122519
3982366
4142815
4047013
4185045
4296099
3996992
4107570
4009544
4142815
4138226
3785379
4096488
4021187
4134741
4347570
4217214
3927957
4059937
4353428
3982366
4285977
4465688
4187356
4069093
4187689
3907567
4159352
4201298
4336991
3933944
4237834
4241942
4028707
4399358
4149671
3886904
4069093
4109286
4081051
3902319
4009544
3911180
4141465
4062389
3885129
4075671
3936107
4392941
4076377
3803173
3888177
4122519
4032312
4046925
4285977
4201485
3907567
4653589
4122973
4100603
4361363
4087824
4096488
3822208
4128027
4070777
4130051
4264401
3930529
4189496
4290119
4047303
4287569
4060057
4116235
4166772
4477892
4050389
4226632
3991839
4228508
4195916
4127810
4203359
4288767
4093178
4028707
3982366
4046925
4215701
4143521
3933462
4131022
3830607
4176855
4203359
4111268
4047303
3936107
4244853
3933944
4005866
4069684
4023387
4301069
4116235
4054788
4127606
4109286
4087824
3885248
3922419
4131585
4237045
4142518
4091447
4228508
4023387
4069777
3949157
4234718
4068956
4232342
4217042
4011154
3982366
3997686
4221629
4238160
4023387
4201485
4134741
4116997
3963740
4129279
4257367
4279864
3995825
4116133
3970605
3911180
3991839
4217042
4199980
4152551
4055581
4078908
4287569
4131022
3970605
4096488
4300554
4215701
4213810
3729677
4070777
4131585
4141181
4131022
4126357
4096488
4054788
4083958
3907567
4216944
4343400
4258744
3830607
4243342
4069777
4295711
4150868
4027959
4224718
4203097
4037386
4441022
4268130
4211200
4283133
4032312
4143521
4143521
4003055
4040211
4081068
4314550
3933203
4285070
3982257
4163888
4336991
4139876
4050389
4054967
4538346
4336327
4163690
4417889
3995087
4091396
3990152
4142767
4489060
4065219
4176574
4065728
4064018
4055526
4091447
4116133
4195098
4343303
4119379
3886904
4271951
4427606
4203359
4150868
3995825
3928196
3822208
4156205
4043049
3907567
4263777
4343400
4261611
4100603
3822208
4057218
4141125
4148821
3996630
4083780
4064363
4200914
4124657
4054572
4122973
4032312
4040211
4206103
4191198
4203207
4130051
4230843
4351295
3982257
3927957
3936107
4200001
3971973
4353832
4213601
4324731
4269745
4274213
4384235
4176398
3922597
4005866
3961422
3885248
4227879
4162853
4277633
4140709
4021187
3963368
4571442
3922597
4220087
4209963
4343303
3949157
4317220
4187689
4233281
4244853
4156205
4232644
4283133
3906430
4386528
4023387
4041852
3954129
4054788
4008692
4091396
4096488
4069495
4064363
4240638
4127606
3963280
4130417
4109913
4122519
4363172
4375652
4168101
4074601
4280570
4724768
4163690
4227047
4143521
4124657
4261143
4408790
4317331
4227047
4075671
4050389
4203996
4317331
4213601
4111268
4221795
4058259
4109461
4296099
4131585
4396862
4104083
4111268
4390121
4172012
4015990
4073509
4072451
3948033
4323245
4064363
4323438
3968096
4010872
4115760
4363172
4121586
3981947
4232505
4150486
3930529
4180225
4067667
4041852
4317331
3968096
4199980
4091396
4070777
4274419
3785379
4135284
4127810
4229439
3888177
4361363
4427120
4104679
4129279
4233577
4241637
4215701
4138226
4069684
4077049
4008692
4238359
4233281
4141465
4163690
4027959
4316187
4192293
4309132
4387073
4189496
4213393
4060057
4085578
4162889
3995825
4133911
4065219
4128768
4234345
4093178
4246543
3949157
4277633
4130417
4054572
4290119
3996992
4277633
4028707
4143521
4138226
4233981
3923374
4149986
3933944
4126945
4229995
4024856
4080391
3933203
4137568
4118703
3954129
3963368
4161069
3825205
4138085
4414885
4248601
4323524
4119379
4074601
4064363
4024856
4072451
4161069
4212457
4085974
4423666
4041852
3963368
4374921
4382236
4162853
3995403
3927957
4356476
4126945
4300554
4137536
4374169
4343010
4069093
4244853
4213601
4417889
4217550
4174800
4131030
4059937
4084654
4067667
3938221
4148821
4010872
4126930
4276954
4270744
4046925
4084654
4479345
4003055
3948033
3906430
4142660
4146003
4140709
4122973
4100603
3945420
4311195
3945420
3963740
4455766
4104679
4009544
4238221
4068956
4104224
4176398
4326205
3947264
4084654
4135278
4033080
4360082
3995825
3954989
4425499
4040211
4201298
4083958
4080391
3830607
4139471
4077049
4211200
4146001
4076377
4240638
4209963
4091433
3923374
4137536
3991839
4228508
4054332
4244610
4214138
4059937
4176574
4087824
3969080
4199980
4162853
4345185
3945420
4336327
4244853
4127606
3885129
4228549
4015990
4540691
4020981
4232342
4078908
3933462
4264822
4119379
4093178
4078602
3922419
4047013
4096488
4219576
4049564
4401697
4127436
4091396
4122519
4203207
4096663
4107570
4144176
4059937
3933203
4264401
4154867
4046925
4085194
3949157
4188079
3949157
4040211
4100603
3995087
4128027
4081051
4055581
4347297
4126357
4270319
4128768
3940871
4274213
3933203
4091433
4199687
4054967
4393134
4232342
3954989
4000744
4243342
4185045
4006348
4138701
4146003
4138085
4500134
4046925
4159352
4109461
4137536
4137568
4176185
4162145
4142815
4257640
4219576
4221795
4162039
4328449
4143521
4241120
4239029
4302288
4111268
3953640
3968096
4011154
3963280
3945420
4093178
4128027
4198056
4126945
3922419
3785379
3830607
3825205
4131030
4056157
3989161
4259342
4341685
4168101
3981947
4134741
4211200
4239417
4360014
4116092
4129279
4146001
4133909
4347570
4162853
3948033
4261143
3933462
4040211
3961422
4065219
4180225
4051916
3927957
4142767
4274213
4444258
4189496
3947264
4005866
4393134
3822791
4184931
4213304
4046925
4124657
4274213
4226576
4302288
3902319
4217970
4168101
4466619
4502267
4104331
3822791
4176437
3882857
4069684
3803173
4043049
4085974
4185045
4140709
3947264
4176437
4509542
4221629
4348116
3996630
4217042
4096663
4008692
4134729
4237045
4096488
4256519
4067653
4457373
3825205
4126357
4111268
4183297
4226576
4069093
4069495
4413634
4314543
4057580
4192293
4277377
3995232
4460409
4096663
4214277
4119379
4127810
3941039
3941039
4270319
3938221
4148821
4008692
4150868
4149986
3888177
4201485
4055526
4170698
4599243
4107570
4241637
4141465
4076377
4023387
4166772
3830607
4057218
3938221
4000744
4312347
4141181
4142518
4312347
4274744
4111268
3995403
3989161
4163888
4078602
3954989
4009544
4135284
4024856
3981947
4462059
4080391
4070777
4353285
4070777
4209963
4247826
4083780
4217970
4181790
4054967
4150553
4356476
4104224
4104331
4122519
4187689
4397841
3997686
4033080
4085578
4386768
3945420
3963280
4269745
4172012
4069093
4055526
4202286
3930529
4139471
4069684
4093178
4104083
4191198
4423666
4425499
4430896
4006348
4359932
4055526
4187356
4153019
4422851
4134729
4230843
4051916
4209963
4128768
3981947
4183125
3991839
4353285
3933944
4116235
4023387
3822791
4195098
3963280
4163888
3945420
4143884
4054788
4126930
3882857
4219576
4166772
3729677
4166772
4096488
4237834
3945420
4274102
4109286
4151201
4104679
4024856
3954129
4427432
4257640
4217550
4069495
4219733
4142815
4217042
4336731
4132189
4058259
4279081
4058259
4023387
4402085
4081051
4093178
3927957
4277377
4137568
4046925
4463496
4201298
4162145
4081068
3996630
4143884
4144176
3930529
4109461
4055526
3933203
4020981
4091433
3830607
4199980
4485678
4071359
3933462
4285977
4068956
4324731
4261611
4134741
4386135
4115868
4059937
4091396
4203996
4188079
4148821
4070777
4152551
4280076
4356476
4057218
4085578
4232505
4070777
4040211
4070777
4176574
4353428
4062389
4364143
4028707
4420085
4008692
4005866
4091447
4050389
4249466
4051916
4096488
4118703
4360082
3933203
4383215
4202286
4358237
4283133
4142815
4040295
4020981
4119379
4084654
4096663
4060057
3969080
4000744
4543979
4011154
4138701
4572537
3882857
4115868
4202286
4162889
3969080
4264822
4192293
3948033
4050389
4104331
4000744
4060057
4051916
4054967
4065728
3785379
4023387
3885129
4001204
4043049
4067667
4051916
4121586
4121586
4116997
4141181
4144176
4006348
4130051
4085578
4080391
4221629
4201298
4069495
3963740
3888177
3933462
4330328
4419937
4247961
4122519
3981947
4055526
4227879
4144176
4290179
3970605
3963280
4239417
4436828
4078602
4073509
3936107
4075671
4051916
4009544
4010872
4161978
4085194
4345908
3922419
3830607
4191198
4150486
4137536
4020981
4133911
4214473
4144176
4185045
4298342
4010872
4040211
4126945
4229995
4183125
4040211
3825205
4269745
4182083
4336327
3954129
4203359
3961422
4221629
3895644
4376100
4069495
4070777
4247826
4131585
4062389
4085974
4056157
4140709
4081068
4009544
4055526
4047303
4362581
4054967
4141125
4104679
3982257
4077049
3822208
4057580
4032312
4182083
4468264
4298898
4121586
4217550
4217550
4058259
4205309
4329023
4051916
4274419
4308188
4060057
4130051
4571750
4161290
4071359
3825205
4319061
4162145
4054967
4308677
3906430
4072451
4057218
3996992
4264027
4116997
4360015
3883183
3907567
4233981
4116133
4050389
4446582
4200914
4075671
4332981
4310903
3969080
4010872
3947264
4235035
4324733
4081051
4156205
4244853
4235035
4240636
3940871
4054572
4040295
4159265
4338885
4037386
4162853
3995403
4100603
4051916
3946905
3990152
4142660
3996630
4138701
4189156
4055581
3938221
4126585
4213601
4455916
4237591
3940871
4067653
4059937
4080391
4162853
4272145
4133911
4192293
4081051
4107570
4190424
4060057
3994528
4028707
4104331
4264027
4259342
4181790
3971973
4135284
4076377
3936107
3940871
4122973
4571442
4277377
4114915
4364084
4135278
4109461
3906430
4195916
4085578
3996992
3885248
4126585
3981947
4067653
4272145
3911180
4024856
4146001
4116997
4064363
4183297
3945420
4233281
4242840
4069777
4069495
4190424
4126945
3996630
4081068
3995232
4162039
4115868
3941039
4168101
4070777
4076377
3981947
3825205
4226576
4130051
4195098
4356476
4111268
4415383
4127810
4375652
4271685
4200001
3825205
4000744
4085578
3883183
4116092
4142518
4116092
4159265
4084654
4006348
4535448
3995087
4166772
4119379
4072451
4109461
4037386
4008692
4221417
4411816
4006348
4182083
4146001
3997686
3982366
3930529
3923374
4146001
4127436
3996992
4270744
4126585
4375652
4142660
4183125
4176574
4277858
4127606
4058259
4138085
4126357
4049564
4058259
3933203
3990152
4027959
4100603
4116133
4081068
4116183
4227047
3963280
4058259
4162145
4168101
4154867
4134729
4376100
4085194
4211640
4320751
4199980
4142815
4240636
4201485
4214138
4330328
4130417
4232505
4040295
4248601
4217042
4437043
3885248
3996630
4214138
4130051
4181790
4122973
4047303
4277377
3948033
4347297
4152551
4141125
4172012
4161059
4146003
3949157
4206103
4027959
4051916
4054788
4168101
4235035
4104083
4211200
4412916
3946905
3895644
4150486
4073509
4586085
4150553
4357994
4404261
4020981
4081051
4211640
4028707
4131585
4115868
4292989
3885129
4059937
4420900
4050389
3923544
3927957
4119379
4487789
3902319
4060057
4258744
4083958
4199980
4083780
4152551
3969080
4279081
3941039
4024856
4115760
4081068
3822208
3953640
4127436
4040295
3902319
4141125
4064018
4163888
4161059
4284975
4237045
4162340
4075671
4199687
3961422
3907567
4199687
4309132
4115760
4141125
4028707
3885248
4138226
3995825
4116764
4065219
4032312
4346101
4115868
4149986
4152551
4296777
3940871
4274587
4078908
3981947
4104331
4311455
4118703
4006348
4130232
4233577
3995403
4056157
4141125
4104679
3922597
3933944
4060057
4497464
4083780
4126357
3997686
4104083
3906430
3902319
4140709
4250765
4329604
4119379
4316486
4152551
4104331
4224443
4064363
4247961
4029502
4060057
4140709
4404360
3923374
4203097
4431528
3923374
4114915
4200914
4029502
4126945
4116183
4188079
4111268
4128027
4069093
4131585
4078602
4091396
3997686
4184931
4153019
4091433
4131030
4121586
4256509
4391777
4009544
4532557
4369308
4149671
3888177
3954989
4244532
4116183
4156205
3885129
4195098
3729677
4116092
4003055
4116764
3994528
3907567
4033080
4003055
3995087
4109913
4054332
4080391
4085578
4325638
3971973
4128768
4635270
4247826
4277858
4161978
3991839
4176437
4367363
4056157
3902319
4391777
4199980
3991839
3888177
4347026
3971973
4141181
4214546
4243342
3994528
3922597
4221795
4043049
4163690
4204698
4186788
4055526
4143884
4244532
4341685
4069093
3947264
4072451
4353832
4046925
4009544
4074601
3995232
4221795
4183125
4244610
3961422
3995232
4141465
4115868
3906430
3886904
4360827
3911180
4151201
4288851
4264822
4027959
4055581
4141465
4003055
4047303
4135284
4257367
4140709
4248601
4142518
4161069
4028707
4241637
4154867
3997686
4269745
4046925
4080391
3995825
4085974
4060057
4085194
3968096
3971973
4197795
3928196
4159265
4163888
4010872
4348242
4054788
4077049
4116183
4161978
3997686
3886904
4159352
4150553
3822791
4242840
4122519
4246543
4164722
3997686
4221795
4232707
4162145
3995825
4176574
4176398
4162889
4181790
4051916
4273300
4054788
4183297
4032312
4130417
4067653
4059937
4295711
4096488
4274102
3906430
4176574
3968096
4033080
3994528
4142660
4134729
3785379
3895644
4051916
4285070
3954989
4279081
4041852
3963740
4047303
4040295
4050389
3961422
4159352
4436861
4184931
3825205
3963740
4006348
3996630
4228508
4240636
4040211
4033080
3969080
3995232
4008692
4347297
3938221
4142767
4021187
4104083
4256493
4047303
4247961
4109286
3785379
4314543
4150553
3902319
4270744
4257367
4246543
4003055
4176437
4150868
4152551
3922419
3995232
4180225
3907567
4183297
4228596
4067667
4037386
3990152
3936107
3995825
4115760
3930529
4069495
3785379
4057580
4404360
4078602
4138701
4057580
4163690
4008692
4127810
4228596
4144176
4159265
3963280
4064018
4296777
4234013
3946905
4437892
4250765
4084654
4712780
3946905
4107570
4051916
4138701
4054572
4041852
4161069
3933462
4361363
4116133
4072451
4065728
4124657
4069777
4058259
3969080
4289269
4240638
4183988
4186788
4037386
4028707
4072451
4062389
4233281
3940871
3962297
4152551
4233281
4141465
4317220
4059937
4054572
4116997
4051916
3933944
4203359
4067667
4416703
3991839
3982257
4399358
4231973
4203359
4441523
4126140
4054332
4096663
4190424
4176398
4068956
4483265
4068956
4080391
4460409
4128768
4198056
4104331
4229439
4073509
4051916
4024856
4049564
4187356
4121586
3953640
4096663
4085974
4069684
4091396
4215701
4270319
4448509
4064363
4065219
4148821
3997686
4028707
4301069
3948033
4069495
3883183
4032312
3968096
4128768
4046925
3963368
4049564
3949157
4064363
4051916
4139876
4153019
4104083
4195098
4062389
4151201
3928196
4176398
4078908
4182083
4280586
4028707
4140709
4141181
4083958
4078908
4203207
4143884
4109913
3785379
4115760
4109913
3981947
3963368
4336991
3997686
3825205
4080391
3961422
3830607
4015990
4109913
4271951
3886904
4037386
4457373
3954129
4069093
3911180
4054788
4148821
4009544
4008692
4332981
4161069
4214473
4138701
4180225
4050389
4006348
3954989
3888177
4247826
4271951
4071359
4015990
4201485
4161069
4096663
4081051
4287569
4279081
4279081
4190424
3922597
3963740
4130232
4040295
4040295
4078908
3994528
4578506
4211640
4116764
4070777
4387073
4280570
4109461
4124657
3970605
4130232
4423666
4021187
3995825
4116997
4195098
3902319
4233858
4115760
4059937
3902319
4126945
3963280
4127436
4078908
4384235
4233577
4219478
4239417
3970605
4085578
4071359
4140709
4140709
3922597
4024856
4122973
4023387
4162853
4237834
4187689
3997686
4144176
4041852
4182083
4078908
4227047
4161059
3990152
4276954
4205402
4213393
3922419
4383215
4127436
4224718
4211200
3969080
4259293
4313132
4054788
4212457
4214138
4347297
4344473
4183297
4276954
3822208
3936107
4161290
3995232
4091447
4104679
4250765
4344283
4228549
4071359
4221629
4040295
4107570
4051916
3940871
4271951
3886904
4491856
4067653
4336327
4140709
4213260
4532224
4325638
3825205
3945420
4264822
3940871
4032312
4343663
4133909
4201485
4146001
4366608
3885129
3982366
3970605
4080391
3996992
4078602
4343400
4072451
4109461
4163690
4081051
4050389
4131022
4065728
4241637
4219733
3970605
4273300
4116133
4059937
3940871
4200001
4172012
4301069
4150868
4134741
4116764
4124657
3930529
4010872
4116183
4138085
3822791
4132189
4078908
4132189
3997686
4021187
4232505
4262665
4162039
4989866
3933462
4144176
4024856
4115868
4232644
3963368
4344259
4159265
4221795
3963740
4244853
4425499
4109286
4149671
4374169
4162889
4040211
3895644
4107570
4078908
4269745
4096488
4234345
4001204
4212102
4206103
4051916
4091396
3954989
4056157
4141181
4184931
4069495
4176398
4033080
4028707
4201298
4351295
4139876
3825205
4116764
4119379
4159352
4460409
3885248
4054967
4188079
4204698
4141125
4058259
4404125
4228508
4430989
4489284
4154867
4122519
3822208
4024856
4253432
3962297
4306047
4176185
4159352
4176398
3996630
4336058
3785379
4302870
4161978
4416650
3997686
4067653
4109913
4069093
4062389
4138085
4277633
4020981
4058259
4122973
4228596
3995087
4056157
4138085
4264822
4176437
4256519
4274587
4247961
4069684
4067667
4028707
4020981
4214277
3895644
4217214
3895644
3990152
3936107
4324733
4159352
3981947
4041852
4149671
3997686
4118703
4268996
4116764
3902319
4385639
3895644
4256509
4096663
4264027
4080391
4104083
4065219
4217970
4234718
4201298
3729677
4243342
4259342
4202286
4015990
3995403
4216944
4250139
4131030
4184211
4300554
4028707
3954989
4508416
4233981
4195916
4244610
4309132
4347570
4176855
4233577
3933462
4075671
4324806
3933944
3922419
4206103
4085194
4069777
4074601
4054967
3948033
4037386
3936107
4032312
4186788
3825205
3885248
4347026
3946905
4126357
4065728
4076377
4116133
4116183
3946905
4064018
3933944
4414885
4234013
4104083
4024856
4029502
4345185
4131022
4141465
3995403
4436861
4203097
4359932
4129279
4118703
3991839
3945420
3933203
3928196
4076377
3895644
4353428
4218409
4195098
4069777
3888177
4116133
4242840
4116183
4069777
3803173
4170698
4144176
3996630
4020981
4073509
3933462
4069777
4468942
3729677
4219733
4046925
3911180
4131030
4047303
4126930
4006348
4228596
4448509
4142660
4150868
4135284
4010872
4385812
3933462
4127436
4077049
4343955
4211640
4221795
4308677
4359932
3938221
4297381
4057580
4020981
4057580
3930529
4172012
3886904
4183988
3930529
4024856
4023387
3996630
3822791
4064363
3933203
4162340
4237045
4130051
4137568
4264697
4083958
3895644
3948033
4314543
4229439
4159265
3962297
4143521
4116764
4307775
4516283
3997686
4214277
4466350
3923544
4115760
4189156
4127436
4083780
4324806
3927957
4143521
3936107
4001204
4217042
4104224
4227879
3970605
4257442
3963280
4240638
3969080
4104083
4425499
3885129
4153019
4232505
4277547
4214138
4232644
4126930
4130417
3963740
3830607
4206103
4127606
3923374
4329023
3968096
4085578
4130051
4015990
4189156
4083958
4064363
4203207
4192293
4279864
4204698
4221417
4336991
4069777
4128768
4364727
4037386
4069495
4126357
4135284
3969080
4126357
4027959
3933462
4156205
4055581
4051916
4049564
3907567
4104224
4051916
4009544
4388695
4176398
4235645
4051916
4028707
4043049
4314543
4238359
4277633
3968096
4040295
4091433
4392306
4078908
4350292
4020981
4126140
4006348
4020981
4142815
3729677
3938221
3938221
4040211
4005866
4104224
4131022
4232707
4477892
3989161
4141181
4314543
4301766
4301069
4360827
4122973
4232644
3996992
3938221
4134741
4134729
4133911
4183988
4043049
3885248
4080391
4081068
3830607
4162039
3888177
4043049
4058259
4247961
4224718
3953640
4027959
4008692
4141125
3923374
4072451
4069777
4168101
4279997
4230843
4148821
4753907
4172012
4317331
4336991
4213260
4149986
4252043
4130051
4047303
3922597
4142815
4138085
4041852
3885129
4184211
4211200
4475841
4330328
3995825
4248601
4128027
4212102
4121586
4249936
4043049
3989161
4083780
4069684
4270139
4264697
4124657
3922597
4049564
4128768
3886904
4257367
4109461
4353832
4003055
4047013
4416703
4314543
3990152
4240638
4041852
4298898
4285977
3963368
3941039
4244610
4200914
4357994
4020981
3994528
4126945
3886904
4359932
3990152
4032312
4043049
4149671
4226632
3822208
4001204
4054788
3922419
4143884
4214546
3945420
4069777
4083958
3822791
4131030
4069684
4185045
4253432
4100603
4081068
3933462
4199980
4233577
4176574
4096663
4156205
4288446
4228549
4277547
4124657
4143884
4001204
4141125
3936107
3933462
4163690
4180935
4127810
4213810
3803173
4137536
4272145
3996992
4343010
3995825
4081051
4078602
3922419
4068956
4386135
4057580
4508923
4161069
4183297
4130232
3933944
4491856
4274587
3948033
4468152
3962297
4199980
4161069
4170698
3948033
4202286
3938221
4231973
4093178
3947264
4214138
4081051
4104224
4257640
4122519
4250139
4280586
3933944
4182083
4150553
4199980
4084654
4072451
4115868
4084654
4152551
3971973
4029502
4238221
3927957
4005866
4280436
3729677
4514433
4121586
3970605
4311455
4162145
4040211
4307775
4027959
4176574
4162853
4139876
3803173
4244610
4162039
3885129
4100603
3945420
3968096
4299778
3933203
3968096
4141125
4077049
3982257
4116997
4003055
4054572
4109913
3953640
4131022
3971973
4021187
3940871
4139471
4043049
4228596
4076377
3906430
4047013
4146003
4356476
4212457
4232707
4040295
4054788
4180935
4001204
4040295
4237591
3906430
4104224
4021187
3982366
3954989
4080391
3822791
4240636
4162340
4054572
4195098
4072451
4142815
3996630
4202286
3886904
4135284
4114915
4310903
4213304
4466350
4109461
4353285
4412916
4085578
4116764
4152551
4049564
3996992
4126945
4126945
4083958
4050389
4118703
4064363
4199980
4287193
3885129
4047013
4360082
3922419
3954989
4069777
4221795
4001204
3885248
3946905
3922597
4033080
3982366
4257367
4176437
4189496
4217970
3947264
4047013
4081051
4263616
4297381
4241637
3922597
4065219
4003055
4257442
4326205
4181790
3933462
3995087
3933944
4261611
4069093
4029502
4225591
4041852
4176185
4374921
4081068
4159265
4285070
4096663
4062389
4392306
3954989
4176398
3954989
4345908
4303868
3963740
4033080
4091396
3907567
4350292
3982257
4146003
3936107
4353832
4109461
4252043
4109461
4057218
4163690
4122519
3825205
3989161
4010872
4324733
4114915
4219478
4056157
4131022
4353285
3902319
4056157
4083780
3729677
3922597
4198056
4075671
4288851
4085194
4024856
4077049
4067667
3885248
4131585
4213304
4050389
4130051
4264401
4118703
4126585
4138701
4085578
3991839
4213304
3963368
4104331
4135278
4176855
4058259
3785379
3927957
3990152
4256519
4009544
3922597
4084654
4116183
3997686
4104679
4608346
4060057
4264697
3927957
4302870
4415383
4130417
4273300
4135278
4142815
4203097
4218409
4256493
4138226
3888177
4212457
3991839
4060057
4203097
3907567
3961422
4104679
4054788
4037386
4096663
4244610
3923374
3883183
4285977
3882857
4216944
4091433
4234345
4121586
4111268
3895644
4040211
4323438
3902319
4142767
3938221
4176437
4244610
4001204
3822208
4096663
3954989
4166772
4054967
4141181
4109461
4047303
3923544
4182083
4064363
4252043
3928196
3922419
4176855
3982257
3938221
4244610
4214138
4189156
4249466
3981947
4146001
3946905
4000744
4122519
4288851
4062389
3888177
4032312
3982366
4104679
3941039
4073509
4289269
4188079
4524575
4343010
4255698
4069495
3729677
3928196
3996630
4069093
4176574
3949157
4111268
4085974
4005866
3963368
3882857
4343955
4139471
4428714
4420085
4067667
3922419
4091447
4213260
4015990
4003055
4302870
4128768
4015990
4073509
3994528
4009544
4128027
4264822
4142660
4161290
4047013
3947264
4060057
3933944
4126140
4148821
4104679
4041852
4162145
3933462
4032312
4085194
4078908
3968096
4074601
4137568
4078908
4244853
4133909
4232505
3885248
4244532
3997686
4209963
4067653
4029502
3963280
4197002
4037386
4326855
4046925
4326499
4126945
4151201
4264822
3982366
4484707
3961422
4197002
4033080
4091396
4162340
4172012
4109461
4116092
4263616
3886904
3995087
4143884
4021187
3996630
3911180
4197002
3927957
4141181
4345017
4062389
3927957
4003055
4069777
3928196
4430094
4091433
4162145
4397639
3970605
4186788
4139876
4091396
4238221
4183988
4104224
4057580
4162340
4345908
4060057
4080391
4142518
3885129
3902319
3982257
4263777
4162340
3995825
4313132
4058259
4104679
4054332
4114915
4116997
4485678
4146003
4021187
3940871
4081068
4047303
3803173
3940871
3822208
3911180
4211640
4033080
4300554
4176185
3970605
4141125
3982366
3990152
4384878
4000744
4055581
4069777
3907567
4067667
4049564
4238221
4195916
4297381
4130417
3949157
3989161
4069777
4142660
4146001
4200914
4391354
4188079
4138701
3963740
4176574
3968096
4058259
4221629
3785379
4183988
4205309
3933203
3948033
4138226
4163690
4133909
4206103
4229995
4199980
4119379
4081051
4126140
4021187
4364727
4109286
3822791
4180935
4054572
3995087
4218409
4227879
4161290
4084654
4493369
4244853
3895644
4195916
4068956
4131030
3886904
4229439
4069684
4188079
4374921
4138226
4212457
4072451
4285070
4067667
4139471
4059937
4010872
4142518
4142767
3962297
4184211
3996992
4392941
4215701
4000744
4203207
4221629
4229439
4292989
4128768
4314543
4276954
4126140
3882857
4162039
4064363
4078908
4386135
4176574
3963280
4161290
4203097
3938221
4237591
4119379
4127810
3803173
4046925
4049564
4006348
3947264
4149986
4237591
4024856
3825205
4319061
3949157
4154867
3785379
4116092
4408790
4187689
4184931
4005866
4040295
4033080
3882857
3886904
4131030
4050389
4073509
4104083
4228508
3990152
3885129
4020981
4330328
4074601
4055581
4250139
4233577
4188079
4192293
4197002
4116235
4128768
4420900
4319061
3927957
4360827
4116764
4126357
4028707
4351295
4131585
3996630
3883183
4326855
4127810
4121586
4058259
4191198
4131022
4005866
4051916
3990152
4485678
3906430
3933462
3933462
4356476
4073509
4116764
4228596
4215701
4028707
4041852
3886904
4214138
4049564
4029502
4128027
4353832
4070777
4201298
4323524
4126140
4219733
3945420
4024856
4264822
4104224
4139876
4073509
3963280
3938221
4216944
4075671
4024856
4008692
4049564
4269745
4064363
4093178
3885248
3895644
4054332
4135284
4137536
3803173
4043049
3970605
4149986
4047303
4211640
4127810
4078908
4005866
4212102
4116133
4058259
4040211
4040211
4279997
3954129
3996630
4127606
4317967
4047303
4200914
4104224
4064363
3997686
4146001
4058259
4091433
4011154
4274419
3907567
4298898
4319163
4200914
4054967
4176437
3947264
4184931
3991839
4062389
3933203
4311195
4085194
4323524
4191198
4434867
4119379
4197002
3996630
4057218
4084654
4280570
4135278
4202286
4151201
3888177
4109461
4341689
3825205
4228549
4040295
4176398
3785379
3906430
4174800
4129279
4024856
4302288
3963740
4226632
4096663
4237591
4124657
4189496
4277858
4274419
4341685
3922597
4065728
4440819
4184931
4481811
4001204
4008692
4384235
4483767
4069684
4198056
3885129
4107570
4302185
3933203
4040295
4270139
4069684
4261611
4047013
3902319
3911180
3996992
3995403
4428452
4234718
4578506
4384878
3946905
3927957
4078908
4212457
4199687
4046925
4161978
4065219
4000744
3946905
4156205
4183988
4054572
4141125
4055581
3803173
4129279
4240636
4249466
4203359
4126585
4142518
4492861
4127810
4148821
4150486
4126585
4109461
4149986
4306047
4146001
4201485
3885248
4190424
4111268
3902319
4131022
4009544
3995403
4219576
4326499
4119379
4142660
3895644
3982257
4380284
4010872
4081068
4264027
3995087
3995232
4388949
4174800
4197795
4069684
4050389
3989161
4131022
4176185
4143521
4138226
4067667
4069684
4156205
4070777
4213601
4081068
4300554
4047013
4490631
4205309
3923544
4217550
4104083
4020981
3995825
3936107
4200914
4040295
4551801
4143521
4387073
4024856
3803173
4051916
3911180
3941039
4100603
4116092
3923544
4172012
4008692
3969080
4116764
3947264
4083780
4141181
4237834
4008692
4093178
3928196
4250765
4116133
4274587
3940871
4085974
4138085
3962297
3991839
3933944
3941039
3941039
4126945
4131022
3963368
4180225
3961422
3936107
4137536
4143521
3911180
3963740
4074601
4084654
4076377
4225591
3946905
3994528
4104331
3940871
4263777
4141125
4027959
3907567
3994528
4148821
3971973
3954129
3954989
4503517
4243342
4238221
4159265
3923544
3945420
4233281
4197002
4532557
4055581
4116235
3982366
4132189
4003055
4054572
3946905
4064363
3946905
4244532
4198056
4478799
4142815
3922597
3969080
4130232
4141181
4070777
4006348
3948033
4043049
4408790
4353285
4104083
4219733
4049564
4256519
4203207
4148821
4324731
4176437
4259342
4027959
4005866
3928196
4506437
3971973
4132189
4433327
3922597
4067667
4348242
4280586
4163888
4084654
4150553
4142660
4372110
3902319
4096488
4130051
4264027
3961422
4161290
4009544
4277858
4134729
3922419
4366103
3923544
3941039
4253432
4221417
4227047
3927957
4124657
4107570
3961422
4146003
4100603
4216944
4329604
4056157
4242840
4055581
4069495
3949157
3982257
4142815
4143884
4028707
4183988
4069093
4134729
4085974
4447647
3803173
3933462
4313689
4027959
4433010
4133909
3938221
4241942
4051916
3902319
3888177
3940871
4047303
3963368
4021187
3989161
3946905
3930529
4195098
3911180
3995825
4303868
4142660
4148821
4344259
4308677
4015990
4247961
4119379
4148821
3948033
4062389
4385639
4447647
3885129
4198056
4116235
4122519
3954989
4324806
4047013
3886904
4067667
4211640
3996630
4220087
4054788
4288851
4205309
3963368
3936107
3982257
4229439
4159352
3997686
3968096
4047013
4184211
3996630
4057580
4219478
4137568
4111268
4182083
4357994
4065219
4238160
4126930
3995232
4347297
4081051
4126140
4197795
3953640
4104083
4161059
4116235
4118703
4083958
3963368
4069495
4554288
4133911
4162889
4163690
4285977
4166772
3729677
4170698
4057580
4109461
4040211
4135284
4234345
3928196
4257367
4054572
4233981
4143884
4068956
4137568
4159352
3941039
4057580
4343303
3982366
3911180
3963280
4054967
4128027
4224718
4161069
3996992
4235645
4298898
4009544
3930529
4154867
4256493
4135284
3949157
4186788
4200914
3940871
4021187
4301069
4054332
4115760
3922419
4005866
4235035
4072451
4127810
4240638
4298342
4010872
4144176
4127810
4264027
3729677
4278404
4115760
4152551
4256509
4059937
4109913
4330328
4059937
4386768
4137536
3923374
4384235
3911180
3989161
4133909
4091447
4232644
4126357
4518229
4183297
4188079
4096488
3886904
4078908
3785379
4085194
4023387
4323245
3883183
4043049
3953640
3968096
4176855
4161978
3928196
4324733
4159265
4216944
4387073
4338737
3996630
4187689
4142815
3953640
4287569
4148821
4047013
4116764
4124657
4054967
4343663
4254396
4109286
3963740
4121586
4224718
4271685
4411816
4143521
4062389
3982257
4009544
3941039
4161059
4285977
4213304
3927957
4302870
4137568
4137536
4258744
4069093
4043049
4343010
4201485
3982257
4353832
4229995
4162889
4363172
4085578
4212457
4116133
4187356
4047303
4185045
4135278
3803173
4041852
3989161
4126140
4126357
4149986
4054572
4047013
4486157
4221795
4130051
4313452
3825205
3822208
4010872
4311195
4407963
4301069
4135284
3945420
4056157
4284975
4204698
4087824
4226576
4122519
4005866
4390121
4233281
4239417
3989161
4150868
4206103
4054572
4274102
3803173
3968096
4078908
4488613
4250139
4138085
4067653
3996992
4271951
4085974
4244853
4176855
4062389
3885129
3969080
4143884
4131022
4116092
4054788
3922597
4057580
3923544
4126930
4128027
4130417
4126945
4344259
4126140
3963740
4237834
3940871
3982366
4057218
4420900
3933203
4163888
4005866
4319163
4124657
4083958
4216944
4104083
4075671
4174800
4232707
3923374
4241120
4010872
4116183
4059937
4204698
4219478
4083780
4141181
4033080
4150486
4317331
4116235
4027959
4300554
4127436
3822791
4141181
4047013
4109286
3989161
4127436
4183988
3995403
3933944
4486449
4274744
4227047
4069093
3927957
4180935
3830607
4287193
3970605
4069495
4174800
4238359
4202286
3923544
4253432
4254396
4122519
4091396
4085194
4274102
4062389
4058259
4278404
4144176
3923544
4302288
3995403
4200914
4021187
3830607
4146003
3822208
4484224
4069777
4240638
4300554
4319061
4214138
4161290
4068956
4130232
4188079
4006348
3927957
4209963
3990152
4008692
3729677
3947264
3997686
4234013
4176398
4404360
4313132
4084654
3991839
3729677
4084654
4317967
3989161
4069495
4064018
4233577
4111268
4226576
3995232
4189156
4379720
4186788
3947264
3907567
4240636
4124657
3822208
4091396
4065219
3923544
4096488
4345185
4141125
3995403
4049564
4141465
4143521
3922597
4128768
4343008
3923374
4397639
4071359
3947264
4492962
4069684
4162889
4217550
3947264
4073509
4104224
4130232
3883183
3995087
3822791
3997686
3940871
3830607
4302870
4328449
4142767
4133909
3969080
3947264
4114915
3963368
4366103
4006348
3947264
4128768
3970605
4357371
3995403
3991839
4064363
4152551
3954989
3961422
4200001
4243342
4040295
3886904
4021187
4170698
4444519
4183125
3995403
4201298
4114915
4139876
4008692
3995087
3982257
4076377
4237834
4104331
3882857
4213304
4109913
3954129
4417889
4381938
4150868
3947264
3961422
4227047
4479345
4116997
4213393
4087824
3902319
3822791
4486157
4081051
4168101
4104224
4070777
4043049
4323524
4264697
3946905
4187689
4212102
4055526
4126140
4011154
4343400
4150486
4141181
4188079
3995825
4159352
4182083
4130051
3990152
3947264
4133911
4027959
4382236
4047013
4049564
3970605
4069495
3989161
4041852
4172012
4292989
3922419
4197795
3906430
4116235
4001204
4658851
4195916
4358237
4064018
3953640
4204698
3971973
4301069
4139471
4144176
3994528
3995087
4142518
3968096
4153019
4141465
4130051
4073509
4319061
3968096
3822208
4083958
4096663
4180935
4231973
4212102
4141125
4059937
4353428
4317220
4006348
3996630
4250139
3963368
3995232
4133911
3982257
4190424
4043049
3933203
3970605
4143521
4067667
4162340
4239029
4080391
4244610
4054332
4122973
3981947
4311195
4298342
4244610
4290119
4244532
4238359
4517893
3933944
3930529
3906430
4069495
4301069
4127436
3923374
3933462
3883183
4076377
4423666
3902319
4015990
4237834
4126140
3930529
4524575
4201298
3927957
3906430
4162889
3902319
4116183
4386768
4198056
4119379
4324806
4199687
4130417
4069777
4214546
4064363
3996992
3906430
4261143
3822791
4161290
4150868
3961422
4085578
4357371
4087824
4324806
3995087
4380583
4244853
4128768
4143884
3945420
3933944
4164722
4213601
4146001
4111268
4122973
4353968
4047013
4054572
4323438
4080391
4233577
4032312
4047013
3994528
3895644
3946905
4187356
4040211
4011154
4234013
3994528
4189156
4241942
4067653
4037386
3949157
3830607
4183297
4032312
4176574
4146001
4040295
4134741
4028707
3963280
4213393
3885248
4209963
4029502
4138226
4115760
3981947
4212102
3990152
4001204
3996992
3923374
3907567
4343663
4360015
3945420
4189496
3995825
4138226
4142767
4104679
3963280
4009544
4226632
4213810
3825205
4161059
4240638
3981947
4671339
4227879
3885248
3991839
3995087
3995403
4057580
4104331
4124657
4213393
3963368
3940871
4319521
4237834
3941039
3933944
4168101
4122973
4233281
3729677
4065219
3970605
3995232
4135284
4163690
4161059
4032312
4130232
4050389
4003055
4143884
3886904
4115868
4127436
3971973
3963280
4027959
4057580
4040295
3945420
4033080
4373371
4214277
4001204
4343008
4302185
4288446
3888177
3995087
4159265
3922597
4297381
4062389
3995825
4385639
4085578
4164722
4274102
4118703
4256493
4650554
3911180
3888177
3995232
4021187
4055581
4065219
4197002
4244610
4311195
4116764
4071359
3902319
4300554
4225591
4538346
4214546
4309132
4127810
4279997
4069093
3922419
4114915
4401697
4341685
3971973
3946905
4162145
4144176
3729677
4183988
4189156
4180225
4059937
4360014
4083958
4006348
4316486
4058259
4071359
3830607
4317220
3830607
4043049
4096663
3954129
4003055
4137568
4104083
4182083
4234345
3962297
3933203
4109461
4220087
4067653
4190424
4227879
4203359
4187689
4127810
3963368
4560667
4121586
3902319
4331832
4065728
4385639
3882857
3996992
4131585
4054332
4159265
3996630
3961422
4250139
4040295
4055526
4047303
4126357
3989161
3885129
4118703
4234345
3995825
4104679
3882857
3933462
4217970
4132189
4121586
3936107
3936107
3906430
4146001
4360082
4028707
4176855
4150486
4277547
3883183
4390121
4233281
4104679
4127606
4161290
3995403
3963368
4114915
3963368
4159352
4075671
4213304
4383215
3991839
3946905
4020981
4225591
4187356
4138085
3923544
4264401
4696517
3982366
4037386
3729677
4143521
4309132
4001204
4216944
3969080
3803173
4083958
4043049
3996630
3996630
4241637
3825205
4569037
4166772
4176574
4122973
4096488
4054967
4011154
4475841
4308188
3803173
4128768
4130232
4085194
3822791
3971973
4021187
4176398
4024856
4057580
3968096
4037386
4343400
4069495
4122519
4047303
4284975
4206103
4217550
4069495
3953640
4134729
4233858
4080391
3947264
4104083
4127606
3989161
4078602
4163888
4203359
4625767
4183297
4028707
4161290
4176185
4126140
4050389
4067653
3953640
4199687
4015990
4047013
4244610
4029502
4054788
4176185
4180225
4658788
4062389
3991839
3995087
4023387
4054788
4085194
4215701
4460409
3996992
4232342
3968096
3911180
4195098
4228549
4203996
4217214
4475841
4164722
4324731
4083958
3825205
3907567
4205309
4126585
3962297
4313132
4081051
4078602
3822791
4214546
4164722
4180935
4239029
4049564
3933944
3981947
4065219
3933462
3822208
4230843
4233281
4162039
4284975
4128768
4285070
4130417
3949157
4070777
3945420
4134729
4069495
4219733
3933462
3933462
4133911
4205309
3954989
4047303
4313689
3996992
3822791
4131022
4257442
4091433
4343303
4143521
3996630
3907567
3923544
4287193
4003055
4162039
3990152
4040295
4047303
3888177
3941039
4229439
4312347
3922597
4189496
4040295
4065728
4006348
4270139
4001204
3830607
4028707
4065219
3907567
4150868
4392517
4161978
3923544
3947264
3933944
4373371
4292989
4164722
4009544
4024856
3949157
4301069
3982257
4131030
3885248
3995825
4237045
4029502
4107570
4122519
4142767
3954989
4163690
3947264
4060057
4116133
4128768
3785379
3729677
3995232
4182083
4698393
4033080
4319163
4142767
3968096
4227047
4054332
4330328
4142518
4201298
3995087
4051916
4132189
4133911
3968096
4240636
4040211
4134741
4224443
4183988
3922597
3933203
4069495
3954989
4324806
4054332
4116764
3946905
4254396
3995403
4203359
4041852
4149671
3885129
3995825
4029502
3941039
4121586
4232342
4214277
3996992
3886904
3825205
4074601
4162853
4285070
4143521
4269745
4364565
4269745
4085194
4183988
4564327
4029502
3982257
4201485
4085974
4168101
4115868
4069093
4154867
3933203
4135284
3945420
4062389
4033080
3883183
4192293
4172012
3990152
4138226
4180225
4198056
4163690
4231973
3945420
4029502
4057580
4118703
4085974
3990152
4091396
4119379
4067653
4264822
4050389
3982366
4057218
3922419
3885248
4084654
3954989
4237834
4277633
4130417
4080391
4078908
4040211
4128768
4055581
4055526
3888177
4219576
4229995
4029502
4323245
4040211
4227879
4131030
4116997
4037386
3954989
4072451
4232505
4015990
3922419
3803173
4057580
3996630
4064018
4140709
3936107
4093178
4202286
4064018
4232505
4228596
4033080
4003055
4164722
4292989
3996992
4134741
3946905
4492203
3945420
4217042
4263777
4133911
4189156
4010872
4416703
4326205
4159265
3997686
3923374
4062389
3911180
4107570
4037386
4268996
3923374
3982366
4233577
4003055
3949157
4176437
4037386
4419937
4250765
4412401
3981947
4069495
4040211
4071359
4021187
4065728
3822791
3927957
3995403
4056157
4202286
4126585
4115760
4192293
3954129
4114915
4133911
4115760
4361363
3954989
3954129
4107570
3933462
4209963
3830607
4206103
3963368
3954129
4051916
3882857
4261143
4111268
4243342
4133909
4143884
3882857
4235645
4176574
3940871
4237591
4341689
4343955
4010872
4074601
4028707
4162340
4162889
4328449
3907567
4055526
4217970
3785379
4310903
3883183
4129279
4176574
4203207
4203996
4514970
4353285
4056157
3989161
4033080
3941039
3822208
4122973
4213304
4041852
4011154
4119379
4062389
4078908
4041852
3906430
3907567
4083958
3990152
4203207
4029502
3907567
4130417
4161059
3949157
4055581
4200914
4124657
4386528
4211200
4075671
3803173
3941039
4000744
4104224
4041852
4072451
4213260
3803173
4248601
4040211
4213304
4203097
4143521
4133911
4068956
3907567
4154867
3963740
4141181
4284975
3948033
4462012
4083780
4134741
4109913
4141465
3885129
4161059
4187689
4336991
4189156
4232707
3923374
4316187
4161069
3981947
4064018
3923374
4116997
3923544
4142660
4197795
4183297
4071359
4069777
4263777
4214138
4085194
4116183
4116183
4343008
4023387
3902319
4233577
3954129
3886904
4198056
4189156
4062389
4228596
3941039
4047303
4049564
3994528
4161978
4093178
4213393
4142660
4195098
3933203
4324806
3990152
4138701
4200914
4142815
4441523
4326855
4057580
3962297
4176185
4076377
4078908
4001204
4100603
3991839
4163690
3982257
3938221
4183988
4472090
3902319
4064363
4064018
4128027
3995825
4180225
4243342
4448747
4046925
4104679
3970605
3923544
4135278
4181790
4150868
4033080
4141465
4093178
3963368
4141465
4383215
4271951
4091447
3885248
3948033
4307775
4116764
3822208
4130417
4189496
4128768
4326855
3969080
3949157
4385812
4005866
3996992
4216944
3991839
3996992
3954989
4028707
3991839
4081068
4138085
4028707
3994528
4057218
4268996
3995403
4256519
4176185
3982366
4096663
4300554
3945420
3922597
4085974
4055526
3963280
3911180
4215701
4011154
4091396
4076377
4287193
4005866
4270139
3923374
4161069
3963740
4256519
4156205
4041852
3969080
4116235
3995232
4127606
4261143
3936107
4054572
3906430
4009544
3895644
4043049
4150868
4056157
4460409
3994528
3825205
4134729
3902319
4028707
3962297
4217042
3995232
4058259
4085974
4057580
4080391
4069093
4176398
4256493
4116133
4219733
4051916
4054788
4142767
3961422
4343010
4130417
3803173
4241120
3885248
4168101
4211640
4047013
4230843
4234013
4023387
3902319
3961422
4336731
3927957
4057218
4023387
4028707
4075671
4078908
4423666
4343010
4064363
4055581
3933203
3895644
3885248
4233577
4093178
4096488
4535448
3930529
4213393
4366103
4416703
4142660
4343303
4084654
3729677
3938221
3938221
4126945
4261143
4206103
4124657
4142518
3933203
4009544
3928196
4233281
4455470
4213304
4462059
3946905
4067653
3962297
4078908
4058259
4483767
3785379
4116092
3953640
4197795
4115868
4138701
4081051
4142767
4071359
3886904
4423666
4005866
4041852
4168101
4091396
3883183
4519819
4054572
4181790
3938221
3961422
4126585
3923544
4142815
3994528
3994528
4009544
4009544
3729677
4215701
4126930
4000744
4237834
3961422
4272145
4050389
4011154
4104331
4058259
3948033
3995087
3922597
3933944
3830607
4257442
4085194
4229439
4394755
3940871
3948033
4003055
3883183
4075671
3989161
4055581
3927957
4182083
3885129
4227879
4608804
3981947
4055581
4073509
4137536
4096488
4015990
3995825
4104083
4343955
4126585
4047013
3995825
4264822
3995087
4081068
3946905
4064363
4264401
4033080
4162889
4100603
4130232
4003055
4132189
4180935
4517259
4071359
4078908
4143884
4203097
4407664
3995232
4142767
4006348
4115868
4149671
4119379
4150486
4144176
3961422
4343008
4122519
3933203
4057580
4054967
4111268
4069777
3970605
4024856
4115760
3968096
3911180
3933462
4001204
4015990
4064363
3906430
3990152
4238160
4085194
3995825
4146003
4116997
4033080
4264027
4200914
4126140
3911180
3995403
4217042
4133911
4226632
4126945
3923544
4054572
4065728
4083958
4391777
4224718
3995087
3885248
4150486
4257367
3982257
3953640
4244532
4161978
4115868
3963368
4000744
4085194
4021187
4386768
4189496
4156205
4163690
4010872
4134741
4131030
4156205
4203996
3995232
4142815
4203359
4024856
4199980
4530884
3885129
4116235
4535448
3922419
4203097
4263616
3995232
4219478
4122519
3936107
3928196
4237591
3885129
4001204
4323245
3953640
3954129
4183125
4122973
3803173
3963740
3996630
4122519
4041852
4091433
4069684
3938221
4116764
4068956
4141125
4065728
3970605
4137568
4407963
4189496
4069777
4313452
3968096
3882857
3923374
4072451
3996992
4274419
4233858
4008692
4070777
4176574
4091433
3946905
3907567
3940871
4077049
4055526
4201485
4384735
4314543
3822208
4056157
4130051
3995825
3991839
4184931
4206103
3996992
3886904
4070777
4135284
4190424
3729677
4115868
4027959
4130417
3885248
4126930
4139471
3990152
4062389
4128027
4209963
4011154
4130232
4398808
3830607
4068956
3961422
3885129
4083958
4033080
3948033
3963740
4116092
4396107
4133909
3949157
4277377
4313132
4163690
4161978
3995232
3961422
4050389
4271951
4135284
3940871
3729677
3907567
4150868
4206103
4116235
4230843
3907567
4230843
3822208
4029502
4133909
4056157
4040211
4200914
4023387
4067653
4046925
4072451
3982366
4256519
4346101
4141181
4059937
4213393
4093178
4054967
4040295
4205402
4135278
3996630
4084654
4239029
4259544
4234345
4270139
4408790
4057580
3981947
4357860
3948033
3830607
4057218
4200914
4011154
4055526
4176855
3885129
4316187
3940871
4341032
4238359
4041852
4139471
4203207
4070777
4143521
4133909
4055526
4096488
4006348
4020981
3969080
4215701
4143521
4087824
4183297
4085974
4077049
3997686
4109913
4271951
4199980
3990152
3961422
3923374
4132189
4114915
3883183
4130051
4137536
4124657
4040295
4104083
4133909
4104083
4324806
4343010
4084654
4142767
4054967
3954129
3982257
3941039
3954129
4091447
4203996
4200914
4081068
3895644
4302185
4065219
4180935
4111268
3962297
3963740
4140709
4080391
4109461
4139471
4003055
4238160
4020981
4128027
3968096
3907567
4244532
3969080
4212457
3989161
4127436
3822208
4571442
4131022
3911180
4138701
4357371
4027959
3961422
4317967
3895644
3970605
4118703
4085578
4008692
4258744
4024856
4162853
3989161
4135284
4047013
4234013
4388695
4024856
4183125
4138226
4396107
4122519
4109286
4425499
4132189
3963280
3922419
3785379
3982366
4150553
4200914
3970605
4049564
4109461
4065219
3885248
4043049
3928196
3963740
3963280
4156205
3888177
3995825
4122519
4074601
4130051
4070777
4024856
4116235
3989161
4162853
4303868
4277377
4323438
4069777
4104224
4294074
3902319
4183125
3888177
4076377
4272145
4049564
3882857
3895644
4279081
4164722
3961422
3995087
4096488
4141465
3928196
4189156
4264401
4130232
4109461
4190424
4000744
4129279
4128027
4212102
4001204
3729677
4141465
4180935
4081068
4225591
4056157
3936107
4056157
3922419
4203359
4135278
3941039
4085974
4184931
3996630
4011154
4344259
4431528
4154867
4189496
4091396
3968096
3963368
4128768
4146003
3990152
3938221
3822791
4091433
3922419
3895644
3991839
3785379
4205309
4162340
4072451
4001204
3885129
4091433
3997686
4211200
4057218
4239029
4126357
3970605
4217214
4227879
4051916
4040211
4233981
4170698
4071359
4015990
4057580
4072451
3883183
4064363
3933462
4199687
4096663
3953640
3907567
4372110
3938221
4232505
4127810
4010872
3991839
4325638
3906430
4047303
4059937
4220087
3949157
4081051
4422851
4058259
4154867
4073509
4062389
4069777
4011154
3888177
4033080
4029502
4182083
4285977
4256493
4056157
4162039
4345908
4161290
4314543
4077049
4070777
3990152
4213601
4116235
4100603
4146003
4195916
4143884
3989161
4214277
4140709
3968096
4005866
4055581
4466350
3968096
4083780
3963368
3927957
4244853
4141125
4127606
4083958
4150486
4067653
4020981
4107570
4054332
3953640
4116235
4213304
4104331
4116235
4041852
4087824
4228549
3948033
4217550
4247826
4198056
3941039
4008692
4116183
3991839
4037386
4256493
4104224
4229439
4301766
4070777
4237591
3927957
3830607
4041852
3962297
4447647
4500447
4228508
4057580
4074601
4254396
3940871
4027959
4433327
4217550
4000744
4277547
4184931
4127810
4128027
4054788
4051916
3949157
4060057
4232707
3997686
4181790
4100603
4141465
3981947
4239029
4279864
3982257
4353285
4274102
4134729
4049564
4010872
3954129
4126585
4338737
4029502
3936107
4126140
4054572
4174800
4130051
3923544
4109461
4067653
4054572
4091396
3991839
4283133
4081068
3803173
4029502
4138085
3996992
4068956
4119379
3969080
4049564
3923544
4068956
4205402
4518493
3991839
3961422
4130232
4049564
4023387
4130417
3996630
3971973
4033080
4386768
4118703
4314543
4054332
4162340
3970605
3923374
4219478
3995087
4234013
3954129
4072451
4142815
4233577
4134741
4183988
4423648
3963280
4161290
4091433
3923544
3969080
4361363
3996992
3970605
3949157
4409979
4214277
3906430
4040211
4357371
4115760
4134729
4069777
4085974
4180225
4235645
4087824
4028707
4324731
4065219
4005866
3930529
3923374
4162145
4219576
4081051
3971973
4268996
4006348
4161290
4137568
4078602
4054572
3982257
4116764
4116183
4183125
4248601
4144176
3822208
4161290
4096488
4069684
4241120
4131585
4244532
3885129
4056157
4213260
4204698
4415383
4258744
4011154
3995232
4219576
4067653
4228596
4415679
4070777
4003055
4433327
3822208
4298898
4256509
4203097
4142815
3885248
3961422
3923544
3883183
3803173
4122973
4203359
3969080
4047013
3996630
3990152
4232707
3922419
4023387
3922419
4054967
4139876
4176437
3968096
4083958
4023387
4248601
4047013
4243342
3822208
4404125
4116183
4116997
4156205
4005866
3907567
3922597
4547995
4244532
3954129
4083780
4065728
3895644
3923544
4139876
4203996
4233577
3945420
4356476
4054788
4153019
3911180
4244610
3982366
4234345
4126140
3946905
4204698
4264027
4067653
3946905
3981947
4359336
4203359
3982366
3971973
3888177
4491856
4161069
4183988
4170698
4083958
4054967
3911180
4277547
4274587
4104083
4069684
3982366
3968096
4055526
3729677
4310903
4064363
4163888
4314543
4141465
4422851
3969080
3991839
3936107
4096488
4104224
4361881
4156205
4128768
4156205
3946905
4226632
4134741
4116133
4122519
4024856
4277547
4314550
3996992
4104331
4187356
3996992
4254396
4140709
3963280
3996630
3945420
4440819
4217214
4065219
4214473
4187356
4116133
3995087
4353285
4081051
4263616
4116997
4078908
4161978
4055526
4085578
4195098
4231973
4116997
4037386
4131585
3954129
4057218
4115760
3953640
4138085
3947264
4015990
3946905
3954129
4129279
3922597
3997686
4132189
4078602
4156205
4257367
3982366
4264822
3883183
4107570
4081068
4080391
4164722
3994528
3886904
4415679
4299778
4043049
4219733
4116235
4216944
4451378
3886904
4109913
4049564
4055581
3981947
3962297
3930529
4069495
3825205
4374921
4203097
4205402
4133911
4023387
3963280
3996992
3940871
4182083
4023387
3785379
4204698
4081051
4527182
4027959
4142660
4122973
4076377
3882857
3990152
4056157
3906430
4218409
4115868
4003055
4049564
3991839
3949157
4162145
4617224
4231973
4138701
4140709
4163690
4064363
4183988
4244610
4055581
4040211
4161059
4001204
4116092
4069093
4232505
4143521
3825205
4116235
4362581
4513977
4118703
4069684
4271685
4067653
3961422
3922597
4227879
4250139
4201298
4162145
4488613
4276954
4382236
4399358
3907567
4150868
3938221
4047013
3928196
3991839
4104224
3928196
4343010
4270139
3941039
3989161
4302870
3982366
3996630
4081068
3997686
4054332
4054332
4050389
3922419
3902319
4226576
4081051
3933944
4176574
3996992
4109461
4277858
4314543
4000744
3991839
4138085
3822208
3883183
4137536
4288446
4143884
4262665
4073509
4127810
4204698
3982257
3961422
3886904
3907567
4104331
4632722
3996992
4003055
3970605
4127606
3907567
4124657
4000744
4153019
3933203
4241637
3933203
3933203
3995087
3938221
4284975
4134741
4069495
4150486
4141465
4202286
4326499
4184211
4131022
3995087
4214473
4074601
4217550
4085974
4272145
4213393
4213260
4203996
4214546
4220087
4067667
4436828
3954129
4069777
4140709
3928196
4116997
3997686
4075671
4233281
4246543
4127436
3946905
3947264
3963280
3922419
4277547
4134729
3933944
4359336
3981947
4084654
4133909
4279997
4189496
4062389
4109913
3982366
3922419
4228508
4139471
4020981
4737660
3990152
4041852
3940871
4183125
4096663
3922419
4404360
4268130
3922419
3990152
4419885
4032312
4074601
4015990
4083780
4020981
4188079
4401697
4077049
4423666
4148821
3940871
3885248
4069777
4115760
4118703
4174800
4115760
4091433
4159352
3886904
4257640
4273300
4159352
4162039
4059937
4162340
4054332
3953640
4214138
4199980
4237834
4302288
3963740
4109913
4047303
4081051
3991839
4131030
4072451
3946905
3825205
4295711
4243342
4040295
4069684
4320751
4051916
4231973
4257640
4231973
4159265
4201298
4326499
4131030
4351295
4144176
4116997
4054332
4128768
4441022
4197795
4116997
4224443
4130051
4409568
4271951
4021187
4166772
4081068
4373371
4126930
3885248
4258744
4289269
4180935
3996630
4248601
4130232
3996992
4241637
4206103
4142815
4118703
4047013
3962297
4116092
4149986
4229995
4191198
4232342
4005866
4284975
4289269
4273300
4104083
4484407
4116133
4037386
4346101
4122519
4233577
3948033
4202286
4024856
4359336
4116997
4068956
4076377
4015990
4214138
4001204
4237591
3822208
3963280
4067667
4214473
4065219
4122519
4405935
4232342
4214277
4109286
4268130
4144176
4237591
4182083
4043049
4122519
4270319
4104083
4217550
3961422
4256493
4269745
4186788
4214277
4176855
4550094
4047303
3886904
3981947
4150868
3949157
4256519
3995825
3971973
4143521
4078908
4126357
3947264
4214277
4050389
4176185
4182083
4033080
4153019
4161978
4214546
4054332
4065728
4454482
4163690
3963280
4214546
4001204
4336327
3989161
4109286
3885129
4228596
4047303
4176855
4213393
4360082
4122519
4224443
4142660
3729677
3991839
4300554
4054788
3933462
4244853
4043049
3968096
3995232
4043049
4148821
4270319
4274419
4215701
3785379
4107570
4116764
3882857
3933462
3991839
4047303
3971973
3948033
3825205
4006348
4131585
4385812
4133909
4024856
4380284
3888177
4379731
3949157
3803173
4162889
3996630
3963280
4259544
4244610
3997686
4135278
4072451
4214546
4202286
3945420
4551830
3996630
4298342
4174800
4183125
4081051
4126357
4235645
3923544
3923374
4332981
3906430
4083958
4297381
4040295
4183297
3940871
4122519
4139876
4205402
3945420
4237045
3930529
4126140
4008692
4124657
4009544
4069684
4055526
4122973
4021187
4184211
4190424
4280436
3888177
3982366
4096488
4189156
3971973
4109286
3996992
4130417
4203359
4140709
4176855
4162340
3906430
4111268
4279997
3911180
3907567
3996992
3982257
4176437
4083958
3963740
4201485
4218409
4183297
4238221
4273300
4154867
4326205
3902319
4153019
4057218
4396107
3882857
4249936
3954129
4263616
4146001
4237834
4259544
4159352
3970605
3928196
4028707
3963368
4027959
4009544
4359336
4239029
3822791
4058259
4116997
4072451
4133911
4161059
3933462
4195916
4256509
4159352
3927957
4151201
4020981
4162145
4081051
3949157
4116092
4119379
4506437
3982257
4021187
4231973
4104679
4188079
4280436
4244853
4428714
3996630
4176437
4069495
4104679
4116092
4041852
4047303
3803173
4176437
3963740
4253432
4316187
4060057
4137536
3940871
3906430
4150868
3946905
4159265
4162145
4040295
4085578
3923374
3825205
3996992
4524575
3933462
4083780
3981947
4234718
3882857
4116997
4130417
4262665
4256509
3930529
4078908
4430989
3971973
4149671
4126930
3922597
4073509
4126930
3822791
3996992
4294074
4398808
4133909
4156205
4297381
4055581
3963280
4067653
4073509
4001204
3902319
4119379
4239029
4040211
4323245
4162853
3902319
4313132
4131585
4096488
4135278
4198056
4139876
4274102
4257367
4285977
3888177
4118703
3785379
3882857
4192293
4162145
4076377
4049564
4068956
3922597
3996630
3995825
4009544
4071359
3949157
4115868
4037386
3822208
3882857
4271951
4319521
3963740
4200001
4198056
4161059
4015990
4404705
4220087
4151201
4067653
3994528
3991839
4270319
3946905
4274213
4021187
3825205
4593720
4091433
4185045
3923544
4069684
3954129
4264697
4149986
4149986
4215701
4058259
4104224
4184931
3946905
4288767
4218409
4140709
4049564
4083780
4398808
4151201
4023387
4111268
4011154
4152551
4115760
3963740
3803173
4058259
4029502
4119379
3954129
4096663
3803173
4054967
4054967
4085974
4224443
4142815
4203207
4069495
4104679
4047303
4032312
4244532
4041852
3907567
4187356
4203359
4047013
4064363
4010872
4138085
4154867
4122973
3729677
3923374
4203097
4274419
4104679
4067653
4116764
4057218
4231973
4263777
4006348
4383215
3982366
4211640
4161059
4077049
4235035
4139876
4257442
4067653
4096663
4449839
4264697
4343010
4047303
3961422
4003055
3961422
4232505
3922419
4308188
4130232
3785379
3888177
4062389
4259293
3947264
3888177
4346101
3822208
3963280
3830607
3982366
4062389
4050389
4373371
4280586
4005866
4522695
4122519
4054572
4139876
4067653
4142767
3785379
4146003
4168101
4009544
4116235
4077049
4126930
3995232
4116133
3970605
4065728
3946905
3883183
3911180
4043049
4076377
4247961
3923544
3933944
3970605
4069777
4195916
4382236
4131585
4274213
4032312
4430094
4085974
3947264
4054788
4176437
4062389
4360827
4205402
4067667
4233281
3895644
4058259
3996630
4056157
4087824
4128027
4143884
4131030
4159265
4054967
4162889
4141181
4176185
4182083
4164722
4029502
4046925
4415383
4037386
3997686
4143884
4239417
4261611
4054788
4361363
4217550
4133909
4213260
4091433
4221629
4054788
4078602
3825205
4121586
3906430
4057580
4126140
4050389
4298342
4364084
4078602
4213810
4100603
4054332
3948033
3995825
4121586
4054572
4244610
4290119
4250765
4122973
4062389
4254396
3882857
4415962
4005866
4311455
4182083
4091447
4115760
4228596
4027959
4020981
4047013
3947264
4159265
4156205
4059937
3963368
3961422
4211640
4359336
4301766
4271685
4118703
3830607
4129279
4073509
4069684
3882857
3963280
4161290
4161059
4199980
4131022
4176574
4148821
3885129
4162039
4069495
3923374
4067653
3933462
3971973
4075671
4252043
3785379
4187356
4006348
4111268
3885248
3995825
3953640
4229439
4166772
4358237
4070777
4126585
4129279
4055581
4109461
3995825
4057218
4343303
3945420
3948033
4075671
4202286
4319521
3923374
4047303
4010872
4270319
4289269
4138701
4115760
4135284
4142815
4047303
3895644
4118703
3928196
4109286
4186788
3953640
4143521
4116997
4111268
4144176
4116092
4055526
4060057
3822208
4224443
4162340
4129279
3930529
3933462
4213810
4032312
4221417
4047013
3922419
4029502
4116183
4232505
4227879
4288851
4187356
4111268
3830607
4028707
3882857
4298342
4161069
3882857
4127810
4124657
4141465
4049564
4011154
4259544
4078908
4162889
4069495
4180935
3995232
4374169
4218409
4415679
3822208
4187356
4008692
4104224
3906430
4116764
4314543
4608804
4055581
3907567
4255698
4067653
3928196
3995087
4162145
4085578
3995232
3922597
4279864
4176398
3981947
4064363
3923544
4162340
4238221
4142660
3961422
4302870
4128768
4137568
4285977
4084654
3941039
4104224
4524118
4091447
4121586
3936107
3922597
4554288
4302185
4538759
4233577
4247826
3729677
3948033
4075671
4137568
3941039
4054332
4221795
3907567
4024856
4050389
4235035
4259342
4274744
4068956
4126945
4078908
4057218
4702650
4137568
3785379
3882857
3927957
3922597
4299778
4138226
3907567
4122519
4083958
4217970
4203359
4270744
4279864
4288851
4176398
4180225
4346101
3953640
4047303
3883183
3963740
4556315
4154867
4028707
4324731
4263777
4055526
4109461
4270319
4076377
4060057
4313132
4461776
3996630
3981947
4126945
4068956
4213601
3995232
4252043
4232644
4232505
4159265
3906430
4104224
4059937
4078908
4126357
4139471
4608804
4141125
4124657
3949157
4311455
3995825
4195098
3961422
4023387
4433327
3803173
4217550
4083958
4116183
4311195
4228549
4214473
3970605
4071359
4057218
3941039
4379444
4080391
4076377
3938221
4163888
3830607
4183297
4182083
4161059
4185045
3822208
3997686
4313689
3785379
4128027
4124657
4040211
4075671
4008692
4032312
3883183
4257442
3949157
4329604
4081051
4043049
4152551
4172012
4161978
4111268
4003055
4592775
4154867
4111268
4237045
4320751
4126357
4081068
4319521
4258744
3803173
4137536
4198056
3945420
4057580
4011154
3948033
4269745
3822208
3963280
3961422
3933944
3947264
4195916
4071359
3911180
4126585
3888177
4197002
4203097
4109913
3941039
3994528
4278404
4047013
4127606
4054967
4259544
4111268
3927957
3906430
4114915
3969080
4367972
3996630
4202286
4001204
4040295
4041852
4047013
3923544
3785379
4006348
4231973
4162039
4126357
4264027
4078908
4057218
4010872
4216944
4232505
4233281
4091447
4256519
4133911
4116133
3906430
4433327
4010872
4229439
3963280
4015990
4104224
4054788
3886904
4217042
4029502
4134729
4077049
4049564
3906430
3995825
3930529
4343663
4229995
4033080
4162145
4023387
4151201
3994528
4011154
4078908
4564343
4364084
4114915
4128768
4041852
3822791
3825205
4043049
3940871
4091447
4040295
4466350
4068956
4051916
4375652
4217214
4316187
3982366
4150553
4211640
4161978
3938221
4238221
4081068
4050389
4213601
3981947
4202286
4205402
3936107
4085194
4229439
4116183
4096663
3822791
4320751
4054788
4257367
4054572
4054967
3969080
3997686
4122973
4058259
4412916
4140709
4077049
4189156
3928196
4078602
3906430
4046925
3911180
3982257
4191198
4040211
4412916
4218409
4080391
4176574
4487541
3938221
4163888
4127436
4100603
4296777
4172012
3947264
4229439
4317967
3895644
4221795
4091433
4130417
4091396
4434867
4166772
3961422
3803173
4015990
4348242
3995087
4128768
4172012
3995232
4121586
4212102
4256519
4054332
3888177
4228549
3945420
4008692
4055526
4096488
4054572
4205402
4213393
4219733
3923544
4023387
4166772
4091447
4139876
4201485
4054967
4149986
3982257
4131022
3995232
4126585
4211640
3902319
4126585
4132189
3996630
3982366
3995403
3963280
4388695
4078908
4062389
4397841
3933944
4080391
4081068
4264401
3822791
4126585
4074601
4143884
4259293
4233981
4055526
4096663
4020981
4037386
3981947
4118703
3928196
4347297
3785379
4064363
4185045
4131022
3962297
4126930
3982257
4091396
3895644
4069495
4348116
4192293
3991839
4506437
4083958
4037386
4308677
3970605
4054967
4229439
4040295
4211640
4256519
4182083
4055581
3923374
4093178
4076377
4156205
4126585
4001204
4077049
4244853
3971973
4227047
4015990
4180935
4420900
3803173
3885129
4009544
4595810
4065728
4232342
4054788
4091447
4043049
4091447
3936107
3981947
4234013
4128027
3928196
4203207
3991839
4277377
4091447
4055581
4161290
4069495
4162145
4137536
4484707
4221417
4010872
4133911
4111268
4259293
3822208
4191198
4058259
4054572
4126930
3949157
3991839
3995087
3895644
4116092
4005866
4006348
4003055
4313132
4205402
4356476
3729677
3989161
3922597
4142660
4091433
4180935
4104224
4214546
3895644
4263777
4372110
4124657
4062389
4239417
4314550
4415679
4055581
3883183
4229995
4364565
4131022
3997686
3940871
4280076
3991839
4195098
4150868
4217214
4028707
3830607
4263616
4096488
4200001
4054572
4225591
4050389
4057218
4200001
3882857
4078602
4126945
3995403
4199980
4379731
3997686
4658788
4096663
3883183
4225591
3902319
4206103
3995232
4073509
4021187
4213810
4401697
3906430
4694303
3885248
4214546
4159352
4104679
4343010
4311195
4109286
4084654
3981947
4015990
4076377
4380583
4226632
4076377
4068956
3996630
4128027
4049564
4091447
3963740
4182083
4139471
3954129
4298898
4040295
4176855
4386768
4130051
4127606
4062389
3907567
4143884
4009544
4118703
3922419
4137536
4232505
4159265
4234718
4124657
3803173
4037386
4069495
4000744
4128027
3927957
4161290
4257442
4078602
4326855
4134729
3927957
4118703
3923544
4050389
4154867
4008692
4067653
4328449
4116092
4109461
4069495
4213260
4159265
4288851
3982257
4087824
4133911
4040211
4232505
4217970
4288446
4109286
4111268
4259293
4068956
4203097
4176185
4213260
4324806
4091396
4624888
4049564
3968096
4132189
4057580
4056157
4264401
3911180
3995087
4054332
4043049
4214546
4287569
3922419
4071359
4163888
4364084
4096488
4000744
3885129
3997686
3785379
4447647
3997686
3729677
4184211
4129279
4010872
4201298
4071359
4185045
4380583
4040295
4204698
4069093
4051916
4199687
3963368
4054572
4116133
4023387
3830607
4264401
4043049
4174800
4003055
4104679
4170698
4307775
3922419
4440819
4122519
3996630
4080391
4150553
3922419
3963368
3911180
4381938
3927957
4109461
4436828
4625767
4540691
4021187
4058259
3996630
3933944
4133911
4232707
4133911
4028707
3941039
4166772
3971973
4138226
4114915
4151201
4069495
4126357
4047013
4051916
4135278
4028707
4127606
4148821
4074601
4091433
4033080
3989161
4144176
4214138
4139876
4230843
4249936
3941039
4116092
4058259
4128027
4075671
4006348
4118703
3922597
4437999
3936107
3947264
3933462
4187356
4087824
3822208
4060057
3997686
4069495
4130417
3825205
4083780
3902319
4091433
4050389
4068956
4051916
4146003
4204698
3906430
4009544
4126930
4128027
4220087
4369308
4197002
4037386
4433010
4227879
3963740
4116133
3997686
4141465
4074601
4168101
4343010
4087824
4279997
4024856
3945420
4497464
4057218
4091447
3923544
3982257
4062389
4142767
4231973
4062389
3785379
3938221
4011154
4232505
4040211
4040211
4240636
4001204
4416703
4109286
4084654
3911180
4358237
4040211
4391354
4040211
4131022
4115868
4150553
3954989
3895644
4104224
4062389
4214546
4317331
4083780
4008692
4116133
4006348
4215701
4043049
4224443
4054788
3822208
4237591
4348116
3911180
4234013
4021187
4152551
3885129
3963740
3729677
4228508
4202286
3963740
4218409
3922419
4065219
4244610
4283133
4250765
4360015
4317331
4134741
3963280
3995403
4104679
4041852
3822208
3923544
4235645
3996992
4131030
4054788
4388949
3995232
3962297
4212102
3971973
4460409
3949157
4219576
4071359
4028707
4062389
3954129
4069684
4161978
4054967
4232644
3928196
4187689
3940871
4043049
4027959
3981947
4200001
4213393
4074601
4011154
4176574
4161290
4065728
4129279
4235035
4057580
3995403
4133909
4069684
4240636
4238221
3923544
4417889
4118703
4073509
4238160
4083780
4170698
4142767
4341689
4075671
4076377
4091396
4285977
4064363
4219576
4195098
3995403
4059937
3989161
4156205
4128768
4055581
3968096
4138701
4458254
4149986
4386528
4256509
4148821
4115868
4412401
4033080
4330328
4116235
4041852
4093178
4317220
4197795
4051916
4046925
4100603
4159352
3822208
3803173
4250765
4115868
4027959
4380583
4143521
4074601
3907567
4162853
4054967
4163690
4176398
4226632
4032312
4109913
4134741
4122973
4058259
4040295
4441022
4264822
4116183
4008692
4268130
4054572
4062389
4186788
3968096
4046925
4069684
4375652
4141181
4181790
4134741
4081051
4213260
4107570
4138701
3995403
4186788
4149986
4064363
3936107
3822208
3922419
4139876
3906430
3933462
4028707
4214277
4003055
4116133
4270139
4054967
4290119
3927957
4006348
4230843
3803173
4280586
4054572
3729677
4093178
4069495
4091447
3995403
4069777
4131022
4067667
4174800
4049564
3882857
4009544
4109913
3963740
4023387
4067653
4068956
4054572
4067667
4057580
4091396
4172012
4296200
4107570
4085578
4250139
4394755
3883183
3990152
4024856
4005866
4116997
4185045
4009544
3954989
3923374
4437043
4142815
3982257
4203996
4006348
4362581
3933944
3785379
4070777
3994528
4237045
4050389
3933203
4221629
3933203
4180935
3822208
3947264
4085194
3883183
4226632
3994528
4436828
3954129
4065728
3907567
4043049
4011154
4069777
4124657
4121586
3954129
4319163
4161290
4060057
4162853
4122519
4069777
4343663
4028707
4085578
4139876
4076377
4087824
4127810
4126945
4221795
4311455
4220087
4451378
4347297
3729677
4206103
4072451
4116764
3882857
3994528
4195098
4069684
4244610
4238160
4057218
4126357
3907567
3962297
4008692
4142518
4142815
4201298
4237834
4104224
4060057
4010872
4289269
4057218
4161978
4231973
4062389
4227047
3923374
4172012
3963740
4285070
4040295
4233981
3930529
4186788
4020981
4487789
3954989
3883183
4001204
4221795
4346101
4150486
4129279
4100603
4054788
4116235
3982366
4277377
4127810
4280436
4316187
3933203
4040211
4064018
3923374
4064363
4083958
4187356
3883183
4324806
4186788
4021187
4241120
4161059
4206103
3963368
4219576
3971973
4003055
3982257
4080391
3927957
3947264
4202286
3911180
3785379
4126585
4199687
4183988
4116764
4241637
3971973
4139876
4043049
3822208
3883183
4386135
3907567
3946905
4131022
4107570
4085194
3995232
3945420
4121586
3945420
3923544
4159265
4162039
4240638
3933203
4257640
4078602
4040295
4338885
4085974
3994528
4109461
4126585
4075671
4150868
4114915
3830607
3883183
4008692
3969080
4263777
3963740
4270319
3995232
3933462
3981947
3981947
4130051
4060057
4143521
4100603
4287569
3825205
4008692
4162340
4032312
3883183
4187356
4137568
4183125
3962297
4268996
4373371
4255698
3961422
4023387
3885129
3995825
4054967
4068956
4111268
4109913
4121586
3997686
4199687
4240638
3996992
3946905
4226576
3922419
4161069
4064363
4054788
4161290
4126945
4058259
3995087
3953640
4234013
4040211
4126585
4021187
3990152
4069495
3953640
4069684
4229439
4080391
4010872
4364084
4168101
4425499
4213260
3954129
4091433
4078908
3785379
3963280
3830607
4532224
3947264
4201485
4296099
4184931
3953640
4132189
4070777
3996630
4301069
4121586
4497464
3885129
4006348
4244532
4119379
4141125
4140709
4033080
4084654
4317331
4015990
4131030
4109286
3995403
3981947
4201298
3928196
4121586
4020981
4049564
3982366
3982257
4068956
4228549
3968096
4081068
3902319
3954129
3968096
4201298
4234718
4142660
3882857
4241120
4161978
4057218
4206103
4237045
4162889
4144176
4393134
4091396
4176574
4131022
4150553
3922419
4253432
3895644
4077049
4599243
4150486
4126930
4010872
3936107
3906430
4138085
4159352
4069684
4135278
4050389
4213393
4162039
3990152
3949157
4338885
4091396
4069777
4153019
4590408
3989161
4310903
4021187
3994528
4149671
4049564
4497464
3886904
3885129
3940871
4083958
4176574
4284975
4065219
3963368
4203207
3785379
4199980
4129279
4190424
4067653
4119379
3785379
3994528
4387073
4154867
3948033
4285070
3803173
3962297
4040211
4386135
4054788
3907567
4060057
3962297
4154867
3923544
4314543
4162039
4408790
4212457
4116092
4050389
4232644
4049564
4083780
4083780
3822791
4074601
4217970
4261143
4137568
4096663
4270744
3927957
3803173
3947264
4133911
4008692
3895644
4009544
3995403
4298898
3885248
4374169
4107570
4200001
3830607
3981947
3962297
3885129
3825205
3954989
4329604
4130417
4077049
4202286
4057218
3885248
4259544
3933203
4192293
4230843
3949157
4054788
4192293
3982366
4396107
4313689
4197795
4287569
4232644
4023387
4060057
4211200
4476598
3968096
3927957
4209963
4172012
3911180
4080391
3996630
4200001
4057580
4180225
4054967
4072451
4109286
4170698
4323438
3825205
4235035
4119379
4119379
4324733
4172012
4224443
4059937
4188079
3895644
4085974
4070777
4392306
4176185
4001204
3803173
4163888
4262665
3963740
4319163
4109913
4060057
4235035
4146001
4093178
3995232
4065728
4109461
4131030
4142660
4074601
3994528
4024856
4064363
3946905
4085974
4419885
4256509
3994528
4128768
3882857
4076377
4162340
4345185
4163888
4134741
4141181
4059937
4054967
4190424
4264401
4065728
4263777
3830607
4010872
4064363
3911180
3941039
4011154
4152551
4189496
4215701
3981947
4124657
4468894
4283133
4320751
4264822
4217970
4003055
4188079
4151201
4046925
4466313
4070777
3995232
4229995
4083958
4168101
3885248
3996630
4211200
3822791
4159352
4040295
3995232
4161290
3922597
3963368
3940871
4330328
4195916
3990152
3946905
4174800
4091447
4116235
4415962
4161069
4021187
4325638
4003055
3954989
4238359
4391777
4122973
4126585
4283133
3822791
3923544
3911180
4078602
4124657
4020981
4015990
4232644
4119379
4161290
3990152
3940871
4104224
4443665
4224718
3996630
3907567
3933203
4032312
4197002
4226632
4641873
4126585
4227047
4067653
3997686
4054967
3785379
4197795
4096663
4010872
4116764
3962297
4263777
4154867
3982366
4135278
4062389
4373371
4116183
4380583
4161290
4308188
4300554
4166772
4100603
3885248
4068956
4232707
4146001
4200001
4319163
4313452
4064018
4074601
3996992
3971973
3883183
4096663
4064363
4270139
4010872
4104679
4297381
3936107
4144176
4313689
4468606
4072451
4104679
4188079
4078908
4296777
4069777
3968096
3822208
3990152
4104679
3930529
3922419
4087824
4218409
4064018
3990152
4043049
3995087
4131022
3907567
4229995
4065728
3928196
3989161
4104083
4087824
4295711
4109913
4128027
4176398
3822791
4050389
3968096
3822791
3963280
4051916
4126585
4232707
4033080
4296200
4126930
3729677
4214138
3989161
3969080
3907567
4121586
4130417
4104331
4241120
3945420
4162145
3940871
4091433
4338885
4163888
4065219
4162340
4224718
4024856
3885129
4635270
4091447
4262665
3885248
4041852
4132189
4134729
4059937
4068956
3729677
4264401
4203207
4115868
3963280
4163888
4040295
4104083
4360015
4020981
3940871
4116235
4149671
4329604
3969080
3962297
4028707
4060057
3922419
4259293
4241120
4127606
3822208
3906430
4263616
4064363
4214138
4135278
4221795
4054967
3954989
4008692
4107570
4231973
3936107
4091396
3949157
4274102
3945420
4072451
4131585
4137568
4015990
4203359
4118703
4232644
4306047
4213260
4051916
3961422
4037386
4226632
4213260
3953640
4229995
3911180
4130051
4011154
