26807857
16398388
12532325
10640642
9714664
8607768
8101955
7654122
7244021
6872135
6700491
6728922
6363854
6298819
6131645
6025937
6197663
5988897
5769932
5604806
5521979
5421944
5133033
5489052
5533082
5145330
4779659
5285263
5119263
5098679
5389924
5043908
5154255
4856633
4856339
5105940
4894073
5238825
5046730
4628999
4737989
4996371
4968890
4916116
4833738
4826697
4737443
4699182
4845905
4661850
4785744
4811518
4856959
4667053
4861567
4715960
4713136
5003785
4739421
4764810
4749126
4526185
4540350
4484487
4665468
4689731
4890660
4419223
4680325
4781545
4773941
4493326
4536946
4763598
4639503
4506699
4754655
4353271
4577359
4412905
4572774
4615635
4514387
4358360
4680639
4579716
4571913
4340145
4484987
4537044
4462674
4647165
4475473
4478750
4262580
4522416
4461922
4367076
4415064
4475906
4480073
4461765
4219661
4739560
4420099
4643925
4287261
4577100
4426133
4517123
4406314
4495509
4392994
4353650
4407392
4272988
4250005
4605520
4385791
4384803
4507909
4438113
4274219
4532725
4219385
4572013
4379770
4263049
4149821
4296350
4364542
4729766
4437769
4213305
4675289
4482169
4786674
4409797
4479254
4319371
4185150
4404236
4628967
4487372
3962253
4564320
4448082
4560277
4364354
4517169
4430494
4365995
4341555
4425431
4218254
4366735
4397362
4348184
4332005
4388751
4344048
4360053
4302092
4312439
4214567
4585886
4127882
4314814
4300783
4549623
4364440
4162229
4444450
4384759
4455308
4311309
4205222
4348242
4263620
4428683
4176478
4267935
4320738
4366730
4200073
4319482
4114821
4324440
4233626
4341752
4245392
4617309
4074837
4147905
4594760
4441094
4359691
4323486
4268873
4361614
4323486
4386510
4325358
4139515
4190935
4186734
4309202
4170798
4258547
4132079
4216849
4346906
4455308
4238208
4238208
4005970
4166723
4485237
4130937
4141467
4233527
4253743
4054691
4104292
4278033
4466406
4481606
4180212
4278579
3969038
4278949
4431290
4247858
4553733
4306079
4258547
4380147
4380444
4076916
4357052
4322925
4212218
4317292
4176494
4226380
4162246
4143905
4241172
4226380
4527139
4360329
4238004
4229834
4359031
4186919
4433213
4695618
4000808
4229987
4253743
4162866
4415803
4323555
4278033
4233196
4309202
4200084
4080994
4329644
4144234
4128761
4270675
4212218
4307829
4280318
3947494
4158949
4274558
4240825
4585706
3997175
4000808
4336793
4087706
3954088
4188099
4154772
4068539
4259550
4104292
4164608
4203313
4127654
3971119
4241834
4133776
4317690
4345409
4203023
4364542
4246686
4250831
4150835
4324766
4296170
4444376
4255084
4228339
4130937
4188999
4242431
3981509
4190935
4183207
4134663
4257542
4085978
4294717
4214220
4137695
4133903
4413511
4295738
4083920
4233752
4091462
4184199
4451342
4187529
4206115
4174824
4436231
4107446
4126872
4152691
4200918
4181609
4111190
4430317
4317292
4192408
4040188
4497479
4190283
4142939
4142673
4347523
4244425
4235594
4238208
4163112
4232239
4566307
4050254
4163788
4162384
4108862
4350104
4194642
4360836
4555204
4367511
4138298
4316541
4233196
4091794
4176986
4395826
4363068
4367511
4074837
4270675
4085209
4160801
4176814
4512029
4359783
4063413
4448542
4168020
4332953
4474441
4369406
4205178
3994956
4071544
4214220
4228488
4161570
4083784
4057347
4270247
4109990
4130458
4073137
4353301
4141610
4238159
4387180
4217362
4181609
4330390
4249444
4046846
4559455
4288222
4277291
4065579
4123340
4422786
3993739
4500012
4298397
4358020
4235594
4047226
4170798
4292965
4280072
4201643
4224300
4198079
4279839
4033017
4161103
4092973
4008549
4213167
4381600
4126887
4116992
3895349
3883114
4430317
4067809
4139558
4247858
4250831
4343414
4125919
4205222
4096396
4060067
4259851
4234517
4010901
4015791
4228632
4115808
4232055
4055081
4058305
3947142
4248411
4065579
4348184
4162384
4363277
4182054
4176242
4138298
4459809
4517886
4274558
4065579
4115742
4069753
4214780
4054691
4244579
4186734
4067136
4108862
4345918
4240825
4160966
4183436
4006115
4161570
4366735
4341555
4054153
4288809
4274426
4203023
4409797
4091783
4232239
4344298
4184199
4197106
4150076
4244579
3934047
4380830
4065253
4612696
4189060
4054153
4184805
4115742
4060067
3927916
3822656
4062461
3971119
4261505
3927895
4027800
4137695
4118886
4118886
4041696
4297789
4119882
4419994
4244579
4180113
3883069
4135527
4547700
4420023
4532717
4126887
4296350
4002801
4126594
4123340
4109990
4247787
3830773
4255802
4150397
4280318
4109577
4312439
4267935
4205178
4025034
4145710
4055136
4015791
4156596
4228632
4232988
4233626
3902228
4172074
4152413
4054691
4142590
4433213
4162866
4075319
4316541
4046884
4081163
3968659
4135495
4250005
3922499
4138117
4115808
3933354
4221384
4015791
3988961
4360053
4069753
4225654
3954618
4341752
4214165
4139248
4224300
4459809
4206115
4115808
3927916
3923510
4344374
4437923
4135495
4118886
4054691
4249999
4069742
4021000
4126872
4203313
4348184
4421158
4228232
4439813
3922538
4221829
3910981
4214567
4054959
4115948
3982308
3971868
4443545
3923510
4096684
4213160
4241172
4139558
4152413
4073137
4247787
3963376
4417932
3938413
4152413
4176242
4277291
3990292
4359691
4150397
4367076
4134663
4198079
4250005
4356382
4306079
4029909
4060014
4055136
4314229
4256539
4342941
4480073
4140591
4073137
4204022
4096684
4068539
4085209
4056384
3971868
4397529
4118886
4170798
4221771
3927916
3993739
3953583
4211168
4139248
4200073
4184805
4249999
4228339
4227081
4255802
4043212
4056384
3923510
4072557
4301421
4115948
4407889
4278579
4317690
4326144
4213898
4300783
3923309
4043212
3995152
4257542
4057347
4342771
4409797
4060014
4204443
4202232
4455974
4023018
3945760
4512997
4465831
4274955
4276882
4213160
3923309
4234552
4015791
4100403
4376045
4069413
4419738
4200084
4188999
4264479
4298397
4311309
4180113
4235594
4037648
4127882
3968659
4257332
3961587
4115520
3883114
4041696
4033017
4172074
4133903
4427495
4071544
4241195
4184117
4046884
4363565
4237870
4131835
4372272
4183436
4295738
4302396
4161570
4080281
4021633
4391155
3888128
4115952
3949311
4029909
4115520
4213472
4358084
4063413
4317939
4232055
4127882
4269515
4104409
3993739
3962253
4163885
4008549
4060014
4104025
4280804
3886745
4227081
4108862
4021633
4217362
3988961
4217362
4164608
4203243
4374958
4174824
4065253
4116747
4137341
4219759
4141467
4135527
4029909
4226695
4127149
4071544
4140591
4078542
4141276
4127149
4125919
3933359
3994956
4234079
4141276
4127695
4096684
3995152
4001165
4096396
4078640
3922499
4123877
4125919
3995330
4324440
3930174
4150688
3940808
4269893
4116992
3910981
4427495
4272047
3947156
4076916
4050254
4213472
3992104
4163112
4211220
4001165
4285250
4217246
4115520
4083920
4226695
4130937
4176242
3947142
4233527
4264479
4073137
4041696
4269893
4762816
4135527
4183436
4201643
4055213
4184805
4205222
4091794
4116604
4397362
3949311
4166723
4386875
4049830
4021633
4160966
4115742
4407392
3995330
4072557
4055213
4128276
4170798
4310903
4076510
4139558
4147905
4164608
4192408
4357052
4532304
4119882
4009662
4313072
4359691
3953583
4322925
3927895
4183436
4314297
3885559
4200918
4021633
4280384
3930174
4360053
4319371
4126594
4058305
4238725
4060014
4127695
4150397
4287261
4205222
4150397
4032762
4234517
4141610
4241834
4135527
4126887
4150076
4249999
4243463
4151155
4128761
4188099
4067136
4269515
4006115
4166723
4127654
4091783
4232239
3895349
4271676
3933354
4172074
4174824
4361448
4161103
4085621
3940955
4241195
4238356
4126887
3885559
4141276
4290178
4274955
4041696
3885559
3936057
4326447
4345409
4055136
4137695
4232785
4156596
4067136
4352019
4032762
4080281
4067136
3923510
4109577
4115952
4139515
3963531
3907358
4021000
4163112
4283102
4163788
4257542
4069753
4326447
4073137
4067809
4085978
4131835
4131835
4185150
4200084
4256407
3785251
4134663
3982308
4011205
4130235
4183436
4238159
4126190
4010901
4046846
4361614
4043212
4141276
4143905
4311309
4242431
4278033
4083920
4465831
4372272
3963740
4271676
4127654
3954618
4100403
4121495
4234552
4065253
4232988
4307970
4545117
4078640
3947156
4279839
4070625
4071544
4205178
4336874
4063413
3922538
4200918
3822656
4314814
4279740
4126887
4234517
4063413
4701467
4011205
4517886
4104942
4343414
4046884
4360053
4039950
4176478
4021633
3906353
4104025
3982303
4121495
4271676
4228826
4343217
4431000
4346906
3940808
4046884
4115952
4149821
4092973
4217249
4466406
4444450
4309202
4029909
4049830
4028587
4200073
4122458
4137341
4232055
3803270
4240825
3963376
4382988
3930174
4211220
4115948
4057527
3953583
3953583
3947142
4184117
4139248
4072557
4214780
4162229
4228826
4037648
4001165
4218254
4116747
4232355
4021000
4234552
4205178
4341752
4108862
4139515
4087706
4510839
4182054
4187529
3997175
4023018
4317292
4080994
4116747
4092973
4288222
4237115
4459809
4068539
4100403
4115952
4152691
4555224
4011205
4160801
4239131
4126594
4065253
3945760
4091783
4104409
4338459
4436650
4190283
4127695
4001165
4067136
4192408
4142939
4127695
4184199
4187529
4232355
4134594
4133903
4185150
4249999
4006115
4150688
4288800
4228232
4161103
4135527
4274558
4050254
3883069
4221384
4134594
4280804
4220235
4140591
4214220
4087706
4183207
4268873
4325985
3961587
4274255
4158949
4272047
4302675
4078542
4205178
4087706
3982303
4055081
4647165
4192408
4263620
4126872
3982308
4108862
3886745
3971868
3954618
3910981
4196077
4224908
3824845
4205222
4247858
4359031
4172074
4276882
4128276
4302396
4163885
3824845
4076510
4290178
4330390
4150397
4006115
4142939
4326447
4115948
3934047
4234517
4083784
4115948
3910981
4023018
4367076
4091783
4256539
3830773
4100403
4248411
4270675
4272047
4274219
4317939
4150688
4122458
4091783
4384048
4347372
4224908
4085978
4455974
4121495
3785251
3988961
4277879
3940955
4009662
4238725
4046884
4054153
4474441
3940955
3940808
4091462
4238004
4296350
4228232
3995866
4009662
4100403
4063413
4130216
4364440
4141610
4065579
4005970
4054959
3883114
4058305
4233626
3922538
4249444
4064277
4335804
4021633
4201643
4032762
4176242
4176494
4241006
4152691
4083784
4200073
3930174
4140591
4144234
4228632
3961587
4156596
4213472
4037648
4010901
4290321
4069413
4163112
4002801
4385522
4164608
3947494
3803270
3888128
4280804
4323486
4358084
4314229
4068539
4226695
3936057
4127695
4364833
4130824
4134594
4142590
4279839
3997721
3990292
3971868
4176494
4084784
4127654
3963531
4213305
3883114
3995330
4162384
4436773
4085209
4280318
4590346
4055081
3982303
3884803
3963740
3883069
4202232
4074837
4127149
4049830
4182054
4217246
4658262
4085209
4277291
4025034
4594760
4397466
4076916
4107446
4137695
4184117
4063413
3990292
4104409
4084784
4256605
3947142
4203243
4201804
4203243
4279740
3940808
4056384
4140591
4126594
4341221
3982308
4150688
3933354
4405127
3906353
4358360
4037648
4353271
4039950
4462674
4256539
4186919
3988961
4104025
3995152
4127149
4259550
3940808
4122458
3982303
4142528
4046884
4185150
4296350
3997175
4107446
4009662
4142528
4138298
3785251
4096396
4021633
4134594
4347523
4217246
3927895
4060067
4353792
3982303
4285604
4465831
4186919
4068548
4187529
3907358
4158949
4201643
4336874
3934047
4237870
4241834
4028587
4399472
4149821
3886745
4068548
4108862
4081163
3902228
4009662
3910981
4141610
4062461
3884803
4075319
3936057
4392994
4076510
3803270
3888128
4122458
4032762
4046846
4285604
4201804
3907358
4653432
4123340
4100403
4361448
4087706
4096396
3822314
4127882
4070625
4130235
4264479
3930174
4188999
4290178
4047226
4287534
4060014
4116604
4166723
4477918
4050254
4226380
3992104
4228339
4196077
4127695
4203313
4288800
4092973
4028587
3982303
4046846
4216110
4143984
3933354
4130824
3830773
4176814
4203313
4111190
4047226
3936057
4245392
3934047
4005970
4069742
4023018
4300783
4116604
4054959
4127654
4108862
4087706
3885559
3922499
4131835
4237115
4142590
4091462
4228339
4023018
4069753
3949311
4234552
4068539
4232239
4217249
4010901
3982303
3997721
4221829
4238356
4023018
4201804
4134594
4116992
3963740
4128276
4257332
4279740
3995866
4115952
3971119
3910981
3992104
4217249
4199785
4152413
4055136
4078542
4287534
4130824
3971119
4096396
4300612
4216110
4213472
3729431
4070625
4131835
4141276
4130824
4126190
4096396
4054959
4083784
3907358
4216849
4343414
4258547
3830773
4243463
4069753
4295738
4151155
4027800
4224300
4203023
4037648
4440657
4267935
4211168
4283102
4032762
4143984
4143984
4002801
4040188
4080994
4314814
3933359
4285250
3982308
4163885
4336874
4139558
4050254
4055081
4538370
4336174
4163788
4417932
3994956
4091794
3990292
4142939
4489017
4065253
4176986
4065579
4063413
4055213
4091462
4115952
4194642
4343217
4119882
3886745
4271676
4427495
4203313
4151155
3995866
3927916
3822314
4156596
4043212
3907358
4263620
4343414
4261505
4100403
3822314
4057347
4141467
4147905
3996568
4083920
4064277
4200918
4123877
4054153
4123340
4032762
4040188
4206115
4190935
4203243
4130235
4229834
4352019
3982308
3927895
3936057
4200084
3971868
4354033
4214220
4324766
4269515
4274219
4384048
4176494
3922538
4005970
3961587
3885559
4228232
4163112
4277291
4140591
4021633
3963531
4571305
3922538
4220235
4209805
4343217
3949311
4317292
4187529
4232988
4245392
4156596
4232355
4283102
3906353
4386875
4023018
4041696
3954088
4054959
4008549
4091794
4096396
4069413
4064277
4240825
4127654
3963376
4130458
4109990
4122458
4363277
4375319
4168020
4074837
4280804
4724894
4163788
4227081
4143984
4123877
4261006
4408699
4317690
4227081
4075319
4050254
4204022
4317690
4214220
4111190
4221771
4058305
4109577
4296350
4131835
4396604
4104025
4111190
4390190
4172074
4015791
4073137
4072557
3947494
4322925
4064277
4323555
3968659
4011205
4115520
4363277
4121495
3981509
4232785
4150397
3930174
4180212
4067136
4041696
4317690
3968659
4199785
4091794
4070625
4274426
3785251
4135527
4127695
4228826
3888128
4361448
4426133
4104409
4128276
4233838
4241195
4216110
4138298
4069742
4076916
4008549
4238208
4232988
4141610
4163788
4027800
4316458
4192408
4309202
4387180
4188999
4213167
4060014
4085621
4162866
3995866
4133776
4065253
4128761
4234079
4092973
4246686
3949311
4277291
4130458
4054153
4290178
3997175
4277291
4028587
4143984
4138298
4233752
3923510
4150076
3934047
4126872
4229987
4025034
4080281
3933359
4137695
4118886
3954088
3963531
4161103
3824845
4138117
4415064
4248411
4323486
4119882
4074837
4064277
4025034
4072557
4161103
4212218
4085978
4423396
4041696
3963531
4374958
4381828
4163112
3995330
3927895
4356382
4126872
4300612
4137341
4374384
4342771
4068548
4245392
4214220
4417932
4217362
4174824
4130937
4060067
4084784
4067136
3938413
4147905
4011205
4127149
4276882
4270675
4046846
4084784
4479254
4002801
3947494
3906353
4142673
4145710
4140591
4123340
4100403
3945760
4311105
3945760
3963740
4455785
4104409
4009662
4238159
4068539
4104942
4176494
4325985
3947142
4084784
4135495
4033017
4360329
3995866
3954618
4425431
4040188
4201643
4083784
4080281
3830773
4139515
4076916
4211168
4146198
4076510
4240825
4209805
4091783
3923510
4137341
3992104
4228339
4054691
4244425
4213898
4060067
4176986
4087706
3969038
4199785
4163112
4345409
3945760
4336174
4245392
4127654
3884803
4228488
4015791
4540589
4021000
4232239
4078542
3933354
4265140
4119882
4092973
4078640
3922499
4046884
4096396
4219759
4049830
4401491
4126887
4091794
4122458
4203243
4096684
4107446
4144234
4060067
3933359
4264479
4154772
4046846
4085209
3949311
4188099
3949311
4040188
4100403
3994956
4127882
4081163
4055136
4347372
4126190
4270247
4128761
3940955
4274219
3933359
4091783
4200073
4055081
4392895
4232239
3954618
4000808
4243463
4185150
4006115
4139248
4145710
4138117
4500155
4046846
4158949
4109577
4137341
4137695
4176242
4162384
4142528
4257888
4219759
4221771
4162229
4328449
4143984
4241172
4239131
4302092
4111190
3953583
3968659
4010901
3963376
3945760
4092973
4127882
4198079
4126872
3922499
3785251
3830773
3824845
4130937
4056384
3988961
4259597
4341555
4168020
3981509
4134594
4211168
4238725
4359691
4115742
4128276
4146198
4133903
4347523
4163112
3947494
4261006
3933354
4040188
3961587
4065253
4180212
4051974
3927895
4142939
4274219
4444376
4188999
3947142
4005970
4392895
3822656
4184805
4213305
4046846
4123877
4274219
4226695
4302092
3902228
4218254
4168020
4466406
4502560
4104292
3822656
4176478
3883069
4069742
3803270
4043212
4085978
4185150
4140591
3947142
4176478
4509166
4221829
4348184
3996568
4217249
4096684
4008549
4134663
4237115
4096396
4256407
4067809
4457270
3824845
4126190
4111190
4183436
4226695
4068548
4069413
4413511
4314229
4057527
4192408
4277260
3995152
4460453
4096684
4214165
4119882
4127695
3940808
3940808
4270247
3938413
4147905
4008549
4151155
4150076
3888128
4201804
4055213
4170798
4599079
4107446
4241195
4141610
4076510
4023018
4166723
3830773
4057347
3938413
4000808
4312439
4141276
4142590
4312439
4274955
4111190
3995330
3988961
4163885
4078640
3954618
4009662
4135527
4025034
3981509
4461922
4080281
4070625
4353301
4070625
4209805
4247858
4083920
4218254
4181609
4055081
4150688
4356382
4104942
4104292
4122458
4187529
4397362
3997721
4033017
4085621
4386510
3945760
3963376
4269515
4172074
4068548
4055213
4202232
3930174
4139515
4069742
4092973
4104025
4190935
4423396
4425431
4431064
4006115
4359783
4055213
4186919
4152691
4422786
4134663
4229834
4051974
4209805
4128761
3981509
4183207
3992104
4353301
3934047
4116604
4023018
3822656
4194642
3963376
4163885
3945760
4143905
4054959
4127149
3883069
4219759
4166723
3729431
4166723
4096396
4237870
3945760
4274255
4108862
4150835
4104409
4025034
3954088
4427223
4257888
4217362
4069413
4219661
4142528
4217249
4336793
4132079
4058305
4278949
4058305
4023018
4401950
4081163
4092973
3927895
4277260
4137695
4046846
4463334
4201643
4162384
4080994
3996568
4143905
4144234
3930174
4109577
4055213
3933359
4021000
4091783
3830773
4199785
4485180
4071544
3933354
4285604
4068539
4324766
4261505
4134594
4386023
4115808
4060067
4091794
4204022
4188099
4147905
4070625
4152413
4279839
4356382
4057347
4085621
4232785
4070625
4040188
4070625
4176986
4353792
4062461
4363565
4028587
4420099
4008549
4005970
4091462
4050254
4249444
4051974
4096396
4118886
4360329
3933359
4382988
4202232
4358020
4283102
4142528
4039950
4021000
4119882
4084784
4096684
4060014
3969038
4000808
4544006
4010901
4139248
4572495
3883069
4115808
4202232
4162866
3969038
4265140
4192408
3947494
4050254
4104292
4000808
4060014
4051974
4055081
4065579
3785251
4023018
3884803
4001165
4043212
4067136
4051974
4121495
4121495
4116992
4141276
4144234
4006115
4130235
4085621
4080281
4221829
4201643
4069413
3963740
3888128
3933354
4330390
4419738
4247787
4122458
3981509
4055213
4228232
4144234
4290321
3971119
3963376
4238725
4436650
4078640
4073137
3936057
4075319
4051974
4009662
4011205
4161570
4085209
4344374
3922499
3830773
4190935
4150397
4137341
4021000
4133776
4214780
4144234
4185150
4298397
4011205
4040188
4126872
4229987
4183207
4040188
3824845
4269515
4182054
4336174
3954088
4203313
3961587
4221829
3895349
4376045
4069413
4070625
4247858
4131835
4062461
4085978
4056384
4140591
4080994
4009662
4055213
4047226
4363068
4055081
4141467
4104409
3982308
4076916
3822314
4057527
4032762
4182054
4468281
4299045
4121495
4217362
4217362
4058305
4205222
4328986
4051974
4274426
4307970
4060014
4130235
4572013
4160966
4071544
3824845
4318936
4162384
4055081
4308595
3906353
4072557
4057347
3997175
4263695
4116992
4360053
3883114
3907358
4233752
4115952
4050254
4446484
4200918
4075319
4332953
4310903
3969038
4011205
3947142
4234517
4324440
4081163
4156596
4245392
4234517
4241006
3940955
4054153
4039950
4159158
4338459
4037648
4163112
3995330
4100403
4051974
3947156
3990292
4142673
3996568
4139248
4189060
4055136
3938413
4126594
4214220
4455974
4238004
3940955
4067809
4060067
4080281
4163112
4272047
4133776
4192408
4081163
4107446
4190283
4060014
3993739
4028587
4104292
4263695
4259597
4181609
3971868
4135527
4076510
3936057
3940955
4123340
4571305
4277260
4114821
4364354
4135495
4109577
3906353
4196077
4085621
3997175
3885559
4126594
3981509
4067809
4272047
3910981
4025034
4146198
4116992
4064277
4183436
3945760
4232988
4242431
4069753
4069413
4190283
4126872
3996568
4080994
3995152
4162229
4115808
3940808
4168020
4070625
4076510
3981509
3824845
4226695
4130235
4194642
4356382
4111190
4415214
4127695
4375319
4271420
4200084
3824845
4000808
4085621
3883114
4115742
4142590
4115742
4159158
4084784
4006115
4535803
3994956
4166723
4119882
4072557
4109577
4037648
4008549
4221384
4411755
4006115
4182054
4146198
3997721
3982303
3930174
3923510
4146198
4126887
3997175
4270675
4126594
4375319
4142673
4183207
4176986
4278033
4127654
4058305
4138117
4126190
4049830
4058305
3933359
3990292
4027800
4100403
4115952
4080994
4115948
4227081
3963376
4058305
4162384
4168020
4154772
4134663
4376045
4085209
4211220
4320738
4199785
4142528
4241006
4201804
4213898
4330390
4130458
4232785
4039950
4248411
4217249
4436689
3885559
3996568
4213898
4130235
4181609
4123340
4047226
4277260
3947494
4347372
4152413
4141467
4172074
4160801
4145710
3949311
4206115
4027800
4051974
4054959
4168020
4234517
4104025
4211168
4412905
3947156
3895349
4150397
4073137
4585886
4150688
4358084
4405127
4021000
4081163
4211220
4028587
4131835
4115808
4292965
3884803
4060067
4421158
4050254
3923309
3927895
4119882
4487372
3902228
4060014
4258547
4083784
4199785
4083920
4152413
3969038
4278949
3940808
4025034
4115520
4080994
3822314
3953583
4126887
4039950
3902228
4141467
4063413
4163885
4160801
4284807
4237115
4162246
4075319
4200073
3961587
3907358
4200073
4309202
4115520
4141467
4028587
3885559
4138298
3995866
4116747
4065253
4032762
4345918
4115808
4150076
4152413
4296930
3940955
4274558
4078542
3981509
4104292
4311309
4118886
4006115
4130216
4233838
3995330
4056384
4141467
4104409
3922538
3934047
4060014
4497578
4083920
4126190
3997721
4104025
3906353
3902228
4140591
4250831
4329644
4119882
4316541
4152413
4104292
4224908
4064277
4247787
4029909
4060014
4140591
4404430
3923510
4203023
4431290
3923510
4114821
4200918
4029909
4126872
4115948
4188099
4111190
4127882
4068548
4131835
4078640
4091794
3997721
4184805
4152691
4091783
4130937
4121495
4256605
4391872
4009662
4532717
4369406
4149821
3888128
3954618
4244579
4115948
4156596
3884803
4194642
3729431
4115742
4002801
4116747
3993739
3907358
4033017
4002801
3994956
4109990
4054691
4080281
4085621
4325358
3971868
4128761
4635016
4247858
4278033
4161570
3992104
4176478
4367076
4056384
3902228
4391872
4199785
3992104
3888128
4346906
3971868
4141276
4214567
4243463
3993739
3922538
4221771
4043212
4163788
4204443
4186734
4055213
4143905
4244579
4341555
4068548
3947142
4072557
4354033
4046846
4009662
4074837
3995152
4221771
4183207
4244425
3961587
3995152
4141610
4115808
3906353
3886745
4360836
3910981
4150835
4288809
4265140
4027800
4055136
4141610
4002801
4047226
4135527
4257332
4140591
4248411
4142590
4161103
4028587
4241195
4154772
3997721
4269515
4046846
4080281
3995866
4085978
4060014
4085209
3968659
3971868
4197675
3927916
4159158
4163885
4011205
4348242
4054959
4076916
4115948
4161570
3997721
3886745
4158949
4150688
3822656
4242431
4122458
4246686
4164608
3997721
4221771
4233196
4162384
3995866
4176986
4176494
4162866
4181609
4051974
4272988
4054959
4183436
4032762
4130458
4067809
4060067
4295738
4096396
4274255
3906353
4176986
3968659
4033017
3993739
4142673
4134663
3785251
3895349
4051974
4285250
3954618
4278949
4041696
3963740
4047226
4039950
4050254
3961587
4158949
4436773
4184805
3824845
3963740
4006115
3996568
4228339
4241006
4040188
4033017
3969038
3995152
4008549
4347372
3938413
4142939
4021633
4104025
4256539
4047226
4247787
4108862
3785251
4314297
4150688
3902228
4270675
4257332
4246686
4002801
4176478
4151155
4152413
3922499
3995152
4180212
3907358
4183436
4228632
4067136
4037648
3990292
3936057
3995866
4115520
3930174
4069413
3785251
4057527
4404430
4078640
4139248
4057527
4163788
4008549
4127695
4228632
4144234
4159158
3963376
4063413
4296930
4233527
3947156
4437769
4250831
4084784
4712927
3947156
4107446
4051974
4139248
4054153
4041696
4161103
3933354
4361448
4115952
4072557
4065579
4123877
4069753
4058305
3969038
4288982
4240825
4184117
4186734
4037648
4028587
4072557
4062461
4232988
3940955
3962253
4152413
4232988
4141610
4317292
4060067
4054153
4116992
4051974
3934047
4203313
4067136
4416410
3992104
3982308
4399472
4232055
4203313
4441539
4125919
4054691
4096684
4190283
4176494
4068539
4482169
4068539
4080281
4460453
4128761
4198079
4104292
4228826
4073137
4051974
4025034
4049830
4186919
4121495
3953583
4096684
4085978
4069742
4091794
4216110
4270247
4448082
4064277
4065253
4147905
3997721
4028587
4300783
3947494
4069413
3883114
4032762
3968659
4128761
4046846
3963531
4049830
3949311
4064277
4051974
4139558
4152691
4104025
4194642
4062461
4150835
3927916
4176494
4078542
4182054
4280384
4028587
4140591
4141276
4083784
4078542
4203243
4143905
4109990
3785251
4115520
4109990
3981509
3963531
4336874
3997721
3824845
4080281
3961587
3830773
4015791
4109990
4271676
3886745
4037648
4457270
3954088
4068548
3910981
4054959
4147905
4009662
4008549
4332953
4161103
4214780
4139248
4180212
4050254
4006115
3954618
3888128
4247858
4271676
4071544
4015791
4201804
4161103
4096684
4081163
4287534
4278949
4278949
4190283
3922538
3963740
4130216
4039950
4039950
4078542
3993739
4578554
4211220
4116747
4070625
4387180
4280804
4109577
4123877
3971119
4130216
4423396
4021633
3995866
4116992
4194642
3902228
4233626
4115520
4060067
3902228
4126872
3963376
4126887
4078542
4384048
4233838
4219385
4238725
3971119
4085621
4071544
4140591
4140591
3922538
4025034
4123340
4023018
4163112
4237870
4187529
3997721
4144234
4041696
4182054
4078542
4227081
4160801
3990292
4276882
4205178
4213167
3922499
4382988
4126887
4224300
4211168
3969038
4259550
4313072
4054959
4212218
4213898
4347372
4344325
4183436
4276882
3822314
3936057
4160966
3995152
4091462
4104409
4250831
4344153
4228488
4071544
4221829
4039950
4107446
4051974
3940955
4271676
3886745
4492118
4067809
4336174
4140591
4213160
4532304
4325358
3824845
3945760
4265140
3940955
4032762
4344048
4133903
4201804
4146198
4366735
3884803
3982303
3971119
4080281
3997175
4078640
4343414
4072557
4109577
4163788
4081163
4050254
4130824
4065579
4241195
4219661
3971119
4272988
4115952
4060067
3940955
4200084
4172074
4300783
4151155
4134594
4116747
4123877
3930174
4011205
4115948
4138117
3822656
4132079
4078542
4132079
3997721
4021633
4232785
4262580
4162229
4990031
3933354
4144234
4025034
4115808
4232355
3963531
4344298
4159158
4221771
3963740
4245392
4425431
4108862
4149821
4374384
4162866
4040188
3895349
4107446
4078542
4269515
4096396
4234079
4001165
4211712
4206115
4051974
4091794
3954618
4056384
4141276
4184805
4069413
4176494
4033017
4028587
4201643
4352019
4139558
3824845
4116747
4119882
4158949
4460453
3885559
4055081
4188099
4204443
4141467
4058305
4404236
4228339
4431000
4489080
4154772
4122458
3822314
4025034
4253743
3962253
4306079
4176242
4158949
4176494
3996568
4335804
3785251
4302675
4161570
4415857
3997721
4067809
4109990
4068548
4062461
4138117
4277291
4021000
4058305
4123340
4228632
3994956
4056384
4138117
4265140
4176478
4256407
4274558
4247787
4069742
4067136
4028587
4021000
4214165
3895349
4217246
3895349
3990292
3936057
4324440
4158949
3981509
4041696
4149821
3997721
4118886
4268873
4116747
3902228
4385791
3895349
4256605
4096684
4263695
4080281
4104025
4065253
4218254
4234552
4201643
3729431
4243463
4259597
4202232
4015791
3995330
4216849
4249999
4130937
4184199
4300612
4028587
3954618
4508017
4233752
4196077
4244425
4309202
4347523
4176814
4233838
3933354
4075319
4324638
3934047
3922499
4206115
4085209
4069753
4074837
4055081
3947494
4037648
3936057
4032762
4186734
3824845
3885559
4346906
3947156
4126190
4065579
4076510
4115952
4115948
3947156
4063413
3934047
4415064
4233527
4104025
4025034
4029909
4345409
4130824
4141610
3995330
4436773
4203023
4359783
4128276
4118886
3992104
3945760
3933359
3927916
4076510
3895349
4353792
4218183
4194642
4069753
3888128
4115952
4242431
4115948
4069753
3803270
4170798
4144234
3996568
4021000
4073137
3933354
4069753
4468830
3729431
4219661
4046846
3910981
4130937
4047226
4127149
4006115
4228632
4448082
4142673
4151155
4135527
4011205
4385522
3933354
4126887
4076916
4343874
4211220
4221771
4308595
4359783
3938413
4297789
4057527
4021000
4057527
3930174
4172074
3886745
4184117
3930174
4025034
4023018
3996568
3822656
4064277
3933359
4162246
4237115
4130235
4137695
4265010
4083784
3895349
3947494
4314229
4228826
4159158
3962253
4143984
4116747
4307829
4516605
3997721
4214165
4466005
3923309
4115520
4189060
4126887
4083920
4324638
3927895
4143984
3936057
4001165
4217249
4104942
4228232
3971119
4257542
3963376
4240825
3969038
4104025
4425431
3884803
4152691
4232785
4277879
4213898
4232355
4127149
4130458
3963740
3830773
4206115
4127654
3923510
4328986
3968659
4085621
4130235
4015791
4189060
4083784
4064277
4203243
4192408
4279740
4204443
4221384
4336874
4069753
4128761
4364440
4037648
4069413
4126190
4135527
3969038
4126190
4027800
3933354
4156596
4055136
4051974
4049830
3907358
4104942
4051974
4009662
4388701
4176494
4235594
4051974
4028587
4043212
4314297
4238208
4277291
3968659
4039950
4091783
4392085
4078542
4350104
4021000
4125919
4006115
4021000
4142528
3729431
3938413
3938413
4040188
4005970
4104942
4130824
4233196
4477918
3988961
4141276
4314229
4301421
4300783
4360836
4123340
4232355
3997175
3938413
4134594
4134663
4133776
4184117
4043212
3885559
4080281
4080994
3830773
4162229
3888128
4043212
4058305
4247787
4224300
3953583
4027800
4008549
4141467
3923510
4072557
4069753
4168020
4280072
4229834
4147905
4753337
4172074
4317690
4336874
4213160
4150076
4251442
4130235
4047226
3922538
4142528
4138117
4041696
3884803
4184199
4211168
4475906
4330390
3995866
4248411
4127882
4211712
4121495
4250005
4043212
3988961
4083920
4069742
4269893
4265010
4123877
3922538
4049830
4128761
3886745
4257332
4109577
4354033
4002801
4046884
4416410
4314297
3990292
4240825
4041696
4299045
4285604
3963531
3940808
4244425
4200918
4358084
4021000
3993739
4126872
3886745
4359783
3990292
4032762
4043212
4149821
4226380
3822314
4001165
4054959
3922499
4143905
4214567
3945760
4069753
4083784
3822656
4130937
4069742
4185150
4253743
4100403
4080994
3933354
4199785
4233838
4176986
4096684
4156596
4288222
4228488
4277879
4123877
4143905
4001165
4141467
3936057
3933354
4163788
4180113
4127695
4213472
3803270
4137341
4272047
3997175
4342771
3995866
4081163
4078640
3922499
4068539
4386023
4057527
4508546
4161103
4183436
4130216
3934047
4492118
4274558
3947494
4467994
3962253
4199785
4161103
4170798
3947494
4202232
3938413
4232055
4092973
3947142
4213898
4081163
4104942
4257888
4122458
4249999
4280384
3934047
4182054
4150688
4199785
4084784
4072557
4115808
4084784
4152413
3971868
4029909
4238159
3927895
4005970
4280318
3729431
4514626
4121495
3971119
4311309
4162384
4040188
4307829
4027800
4176986
4163112
4139558
3803270
4244425
4162229
3884803
4100403
3945760
3968659
4299873
3933359
3968659
4141467
4076916
3982308
4116992
4002801
4054153
4109990
3953583
4130824
3971868
4021633
3940955
4139515
4043212
4228632
4076510
3906353
4046884
4145710
4356382
4212218
4233196
4039950
4054959
4180113
4001165
4039950
4238004
3906353
4104942
4021633
3982303
3954618
4080281
3822656
4241006
4162246
4054153
4194642
4072557
4142528
3996568
4202232
3886745
4135527
4114821
4310903
4213305
4466005
4109577
4353271
4412905
4085621
4116747
4152413
4049830
3997175
4126872
4126872
4083784
4050254
4118886
4064277
4199785
4287261
3884803
4046884
4360329
3922499
3954618
4069753
4221771
4001165
3885559
3947156
3922538
4033017
3982303
4257332
4176478
4188999
4218254
3947142
4046884
4081163
4263049
4297789
4241195
3922538
4065253
4002801
4257542
4325985
4181609
3933354
3994956
3934047
4261505
4068548
4029909
4225654
4041696
4176242
4374958
4080994
4159158
4285250
4096684
4062461
4392085
3954618
4176494
3954618
4344374
4303128
3963740
4033017
4091794
3907358
4350104
3982308
4145710
3936057
4354033
4109577
4251442
4109577
4057347
4163788
4122458
3824845
3988961
4011205
4324440
4114821
4219385
4056384
4130824
4353301
3902228
4056384
4083920
3729431
3922538
4198079
4075319
4288809
4085209
4025034
4076916
4067136
3885559
4131835
4213305
4050254
4130235
4264479
4118886
4126594
4139248
4085621
3992104
4213305
3963531
4104292
4135495
4176814
4058305
3785251
3927895
3990292
4256407
4009662
3922538
4084784
4115948
3997721
4104409
4608029
4060014
4265010
3927895
4302675
4415214
4130458
4272988
4135495
4142528
4203023
4218183
4256539
4138298
3888128
4212218
3992104
4060014
4203023
3907358
3961587
4104409
4054959
4037648
4096684
4244425
3923510
3883114
4285604
3883069
4216849
4091783
4234079
4121495
4111190
3895349
4040188
4323555
3902228
4142939
3938413
4176478
4244425
4001165
3822314
4096684
3954618
4166723
4055081
4141276
4109577
4047226
3923309
4182054
4064277
4251442
3927916
3922499
4176814
3982308
3938413
4244425
4213898
4189060
4249444
3981509
4146198
3947156
4000808
4122458
4288809
4062461
3888128
4032762
3982303
4104409
3940808
4073137
4288982
4188099
4524279
4342771
4255802
4069413
3729431
3927916
3996568
4068548
4176986
3949311
4111190
4085978
4005970
3963531
3883069
4343874
4139515
4428683
4420099
4067136
3922499
4091462
4213160
4015791
4002801
4302675
4128761
4015791
4073137
3993739
4009662
4127882
4265140
4142673
4160966
4046884
3947142
4060014
3934047
4125919
4147905
4104409
4041696
4162384
3933354
4032762
4085209
4078542
3968659
4074837
4137695
4078542
4245392
4133903
4232785
3885559
4244579
3997721
4209805
4067809
4029909
3963376
4197106
4037648
4326447
4046846
4326144
4126872
4150835
4265140
3982303
4484895
3961587
4197106
4033017
4091794
4162246
4172074
4109577
4115742
4263049
3886745
3994956
4143905
4021633
3996568
3910981
4197106
3927895
4141276
4345231
4062461
3927895
4002801
4069753
3927916
4430317
4091783
4162384
4397466
3971119
4186734
4139558
4091794
4238159
4184117
4104942
4057527
4162246
4344374
4060014
4080281
4142590
3884803
3902228
3982308
4263620
4162246
3995866
4313072
4058305
4104409
4054691
4114821
4116992
4485180
4145710
4021633
3940955
4080994
4047226
3803270
3940955
3822314
3910981
4211220
4033017
4300612
4176242
3971119
4141467
3982303
3990292
4384803
4000808
4055136
4069753
3907358
4067136
4049830
4238159
4196077
4297789
4130458
3949311
3988961
4069753
4142673
4146198
4200918
4391155
4188099
4139248
3963740
4176986
3968659
4058305
4221829
3785251
4184117
4205222
3933359
3947494
4138298
4163788
4133903
4206115
4229987
4199785
4119882
4081163
4125919
4021633
4364440
4108862
3822656
4180113
4054153
3994956
4218183
4228232
4160966
4084784
4493483
4245392
3895349
4196077
4068539
4130937
3886745
4228826
4069742
4188099
4374958
4138298
4212218
4072557
4285250
4067136
4139515
4060067
4011205
4142590
4142939
3962253
4184199
3997175
4392994
4216110
4000808
4203243
4221829
4228826
4292965
4128761
4314229
4276882
4125919
3883069
4162229
4064277
4078542
4386023
4176986
3963376
4160966
4203023
3938413
4238004
4119882
4127695
3803270
4046846
4049830
4006115
3947142
4150076
4238004
4025034
3824845
4318936
3949311
4154772
3785251
4115742
4408699
4187529
4184805
4005970
4039950
4033017
3883069
3886745
4130937
4050254
4073137
4104025
4228339
3990292
3884803
4021000
4330390
4074837
4055136
4249999
4233838
4188099
4192408
4197106
4116604
4128761
4421158
4318936
3927895
4360836
4116747
4126190
4028587
4352019
4131835
3996568
3883114
4326447
4127695
4121495
4058305
4190935
4130824
4005970
4051974
3990292
4485180
3906353
3933354
3933354
4356382
4073137
4116747
4228632
4216110
4028587
4041696
3886745
4213898
4049830
4029909
4127882
4354033
4070625
4201643
4323486
4125919
4219661
3945760
4025034
4265140
4104942
4139558
4073137
3963376
3938413
4216849
4075319
4025034
4008549
4049830
4269515
4064277
4092973
3885559
3895349
4054691
4135527
4137341
3803270
4043212
3971119
4150076
4047226
4211220
4127695
4078542
4005970
4211712
4115952
4058305
4040188
4040188
4280072
3954088
3996568
4127654
4317939
4047226
4200918
4104942
4064277
3997721
4146198
4058305
4091783
4010901
4274426
3907358
4299045
4319371
4200918
4055081
4176478
3947142
4184805
3992104
4062461
3933359
4311105
4085209
4323486
4190935
4435117
4119882
4197106
3996568
4057347
4084784
4280804
4135495
4202232
4150835
3888128
4109577
4341752
3824845
4228488
4039950
4176494
3785251
3906353
4174824
4128276
4025034
4302092
3963740
4226380
4096684
4238004
4123877
4188999
4278033
4274426
4341555
3922538
4065579
4441094
4184805
4481606
4001165
4008549
4384048
4483660
4069742
4198079
3884803
4107446
4302396
3933359
4039950
4269893
4069742
4261505
4046884
3902228
3910981
3997175
3995330
4428291
4234552
4578554
4384803
3947156
3927895
4078542
4212218
4200073
4046846
4161570
4065253
4000808
3947156
4156596
4184117
4054153
4141467
4055136
3803270
4128276
4241006
4249444
4203313
4126594
4142590
4492712
4127695
4147905
4150397
4126594
4109577
4150076
4306079
4146198
4201804
3885559
4190283
4111190
3902228
4130824
4009662
3995330
4219759
4326144
4119882
4142673
3895349
3982308
4380444
4011205
4080994
4263695
3994956
3995152
4388751
4174824
4197675
4069742
4050254
3988961
4130824
4176242
4143984
4138298
4067136
4069742
4156596
4070625
4214220
4080994
4300612
4046884
4490444
4205222
3923309
4217362
4104025
4021000
3995866
3936057
4200918
4039950
4552195
4143984
4387180
4025034
3803270
4051974
3910981
3940808
4100403
4115742
3923309
4172074
4008549
3969038
4116747
3947142
4083920
4141276
4237870
4008549
4092973
3927916
4250831
4115952
4274558
3940955
4085978
4138117
3962253
3992104
3934047
3940808
3940808
4126872
4130824
3963531
4180212
3961587
3936057
4137341
4143984
3910981
3963740
4074837
4084784
4076510
4225654
3947156
3993739
4104292
3940955
4263620
4141467
4027800
3907358
3993739
4147905
3971868
3954088
3954618
4503638
4243463
4238159
4159158
3923309
3945760
4232988
4197106
4532717
4055136
4116604
3982303
4132079
4002801
4054153
3947156
4064277
3947156
4244579
4198079
4478634
4142528
3922538
3969038
4130216
4141276
4070625
4006115
3947494
4043212
4408699
4353301
4104025
4219661
4049830
4256407
4203243
4147905
4324766
4176478
4259597
4027800
4005970
3927916
4506699
3971868
4132079
4433144
3922538
4067136
4348242
4280384
4163885
4084784
4150688
4142673
4372272
3902228
4096396
4130235
4263695
3961587
4160966
4009662
4278033
4134663
3922499
4365995
3923309
3940808
4253743
4221384
4227081
3927895
4123877
4107446
3961587
4145710
4100403
4216849
4329644
4056384
4242431
4055136
4069413
3949311
3982308
4142528
4143905
4028587
4184117
4068548
4134663
4085978
4448041
3803270
3933354
4313396
4027800
4433213
4133903
3938413
4241834
4051974
3902228
3888128
3940955
4047226
3963531
4021633
3988961
3947156
3930174
4194642
3910981
3995866
4303128
4142673
4147905
4344298
4308595
4015791
4247787
4119882
4147905
3947494
4062461
4385791
4448041
3884803
4198079
4116604
4122458
3954618
4324638
4046884
3886745
4067136
4211220
3996568
4220235
4054959
4288809
4205222
3963531
3936057
3982308
4228826
4158949
3997721
3968659
4046884
4184199
3996568
4057527
4219385
4137695
4111190
4182054
4358084
4065253
4238356
4127149
3995152
4347372
4081163
4125919
4197675
3953583
4104025
4160801
4116604
4118886
4083784
3963531
4069413
4554452
4133776
4162866
4163788
4285604
4166723
3729431
4170798
4057527
4109577
4040188
4135527
4234079
3927916
4257332
4054153
4233752
4143905
4068539
4137695
4158949
3940808
4057527
4343217
3982303
3910981
3963376
4055081
4127882
4224300
4161103
3997175
4235594
4299045
4009662
3930174
4154772
4256539
4135527
3949311
4186734
4200918
3940955
4021633
4300783
4054691
4115520
3922499
4005970
4234517
4072557
4127695
4240825
4298397
4011205
4144234
4127695
4263695
3729431
4278579
4115520
4152413
4256605
4060067
4109990
4330390
4060067
4386510
4137341
3923510
4384048
3910981
3988961
4133903
4091462
4232355
4126190
4518034
4183436
4188099
4096396
3886745
4078542
3785251
4085209
4023018
4322925
3883114
4043212
3953583
3968659
4176814
4161570
3927916
4324440
4159158
4216849
4387180
4338888
3996568
4187529
4142528
3953583
4287534
4147905
4046884
4116747
4123877
4055081
4344048
4255084
4108862
3963740
4121495
4224300
4271420
4411755
4143984
4062461
3982308
4009662
3940808
4160801
4285604
4213305
3927895
4302675
4137695
4137341
4258547
4068548
4043212
4342771
4201804
3982308
4354033
4229987
4162866
4363277
4085621
4212218
4115952
4186919
4047226
4185150
4135495
3803270
4041696
3988961
4125919
4126190
4150076
4054153
4046884
4486573
4221771
4130235
4313376
3824845
3822314
4011205
4311105
4407889
4300783
4135527
3945760
4056384
4284807
4204443
4087706
4226695
4122458
4005970
4390190
4232988
4238725
3988961
4151155
4206115
4054153
4274255
3803270
3968659
4078542
4488533
4249999
4138117
4067809
3997175
4271676
4085978
4245392
4176814
4062461
3884803
3969038
4143905
4130824
4115742
4054959
3922538
4057527
3923309
4127149
4127882
4130458
4126872
4344298
4125919
3963740
4237870
3940955
3982303
4057347
4421158
3933359
4163885
4005970
4319371
4123877
4083784
4216849
4104025
4075319
4174824
4233196
3923510
4241172
4011205
4115948
4060067
4204443
4219385
4083920
4141276
4033017
4150397
4317690
4116604
4027800
4300612
4126887
3822656
4141276
4046884
4108862
3988961
4126887
4184117
3995330
3934047
4487179
4274955
4227081
4068548
3927895
4180113
3830773
4287261
3971119
4069413
4174824
4238208
4202232
3923309
4253743
4255084
4122458
4091794
4085209
4274255
4062461
4058305
4278579
4144234
3923309
4302092
3995330
4200918
4021633
3830773
4145710
3822314
4484234
4069753
4240825
4300612
4318936
4213898
4160966
4068539
4130216
4188099
4006115
3927895
4209805
3990292
4008549
3729431
3947142
3997721
4233527
4176494
4404430
4313072
4084784
3992104
3729431
4084784
4317939
3988961
4069413
4063413
4233838
4111190
4226695
3995152
4189060
4379770
4186734
3947142
3907358
4241006
4123877
3822314
4091794
4065253
3923309
4096396
4345409
4141467
3995330
4049830
4141610
4143984
3922538
4128761
4342941
3923510
4397466
4071544
3947142
4492821
4069742
4162866
4217362
3947142
4073137
4104942
4130216
3883114
3994956
3822656
3997721
3940955
3830773
4302675
4328449
4142939
4133903
3969038
3947142
4114821
3963531
4365995
4006115
3947142
4128761
3971119
4357052
3995330
3992104
4064277
4152413
3954618
3961587
4200084
4243463
4039950
3886745
4021633
4170798
4444450
4183207
3995330
4201643
4114821
4139558
4008549
3994956
3982308
4076510
4237870
4104292
3883069
4213305
4109990
3954088
4417932
4381600
4151155
3947142
3961587
4227081
4479254
4116992
4213167
4087706
3902228
3822656
4486573
4081163
4168020
4104942
4070625
4043212
4323486
4265010
3947156
4187529
4211712
4055213
4125919
4010901
4343414
4150397
4141276
4188099
3995866
4158949
4182054
4130235
3990292
3947142
4133776
4027800
4381828
4046884
4049830
3971119
4069413
3988961
4041696
4172074
4292965
3922499
4197675
3906353
4116604
4001165
4658262
4196077
4358020
4063413
3953583
4204443
3971868
4300783
4139515
4144234
3993739
3994956
4142590
3968659
4152691
4141610
4130235
4073137
4318936
3968659
3822314
4083784
4096684
4180113
4232055
4211712
4141467
4060067
4353792
4317292
4006115
3996568
4249999
3963531
3995152
4133776
3982308
4190283
4043212
3933359
3971119
4143984
4067136
4162246
4239131
4080281
4244425
4054691
4123340
3981509
4311105
4298397
4244425
4290178
4244579
4238208
4517886
3934047
3930174
3906353
4069413
4300783
4126887
3923510
3933354
3883114
4076510
4423396
3902228
4015791
4237870
4125919
3930174
4524279
4201643
3927895
3906353
4162866
3902228
4115948
4386510
4198079
4119882
4324638
4200073
4130458
4069753
4214567
4064277
3997175
3906353
4261006
3822656
4160966
4151155
3961587
4085621
4357052
4087706
4324638
3994956
4380147
4245392
4128761
4143905
3945760
3934047
4164608
4214220
4146198
4111190
4123340
4353650
4046884
4054153
4323555
4080281
4233838
4032762
4046884
3993739
3895349
3947156
4186919
4040188
4010901
4233527
3993739
4189060
4241834
4067809
4037648
3949311
3830773
4183436
4032762
4176986
4146198
4039950
4134594
4028587
3963376
4213167
3885559
4209805
4029909
4138298
4115520
3981509
4211712
3990292
4001165
3997175
3923510
3907358
4344048
4360053
3945760
4188999
3995866
4138298
4142939
4104409
3963376
4009662
4226380
4213472
3824845
4160801
4240825
3981509
4671085
4228232
3885559
3992104
3994956
3995330
4057527
4104292
4123877
4213167
3963531
3940955
4319482
4237870
3940808
3934047
4168020
4123340
4232988
3729431
4065253
3971119
3995152
4135527
4163788
4160801
4032762
4130216
4050254
4002801
4143905
3886745
4115808
4126887
3971868
3963376
4027800
4057527
4039950
3945760
4033017
4373528
4214165
4001165
4342941
4302396
4288222
3888128
3994956
4159158
3922538
4297789
4062461
3995866
4385791
4085621
4164608
4274255
4118886
4256539
4650251
3910981
3888128
3995152
4021633
4055136
4065253
4197106
4244425
4311105
4116747
4071544
3902228
4300612
4225654
4538370
4214567
4309202
4127695
4280072
4068548
3922499
4114821
4401491
4341555
3971868
3947156
4162384
4144234
3729431
4184117
4189060
4180212
4060067
4359691
4083784
4006115
4316541
4058305
4071544
3830773
4317292
3830773
4043212
4096684
3954088
4002801
4137695
4104025
4182054
4234079
3962253
3933359
4109577
4220235
4067809
4190283
4228232
4203313
4187529
4127695
3963531
4560457
4121495
3902228
4332005
4065579
4385791
3883069
3997175
4131835
4054691
4159158
3996568
3961587
4249999
4039950
4055213
4047226
4126190
3988961
3884803
4118886
4234079
3995866
4104409
3883069
3933354
4218254
4132079
4121495
3936057
3936057
3906353
4146198
4360329
4028587
4176814
4150397
4277879
3883114
4390190
4232988
4104409
4127654
4160966
3995330
3963531
4114821
3963531
4158949
4075319
4213305
4382988
3992104
3947156
4021000
4225654
4186919
4138117
3923309
4264479
4696573
3982303
4037648
3729431
4143984
4309202
4001165
4216849
3969038
3803270
4083784
4043212
3996568
3996568
4241195
3824845
4568975
4166723
4176986
4123340
4096396
4055081
4010901
4475906
4307970
3803270
4128761
4130216
4085209
3822656
3971868
4021633
4176494
4025034
4057527
3968659
4037648
4343414
4069413
4122458
4047226
4284807
4206115
4217362
4069413
3953583
4134663
4233626
4080281
3947142
4104025
4127654
3988961
4078640
4163885
4203313
4625918
4183436
4028587
4160966
4176242
4125919
4050254
4067809
3953583
4200073
4015791
4046884
4244425
4029909
4054959
4176242
4180212
4658707
4062461
3992104
3994956
4023018
4054959
4085209
4216110
4460453
3997175
4232239
3968659
3910981
4194642
4228488
4204022
4217246
4475906
4164608
4324766
4083784
3824845
3907358
4205222
4126594
3962253
4313072
4081163
4078640
3822656
4214567
4164608
4180113
4239131
4049830
3934047
3981509
4065253
3933354
3822314
4229834
4232988
4162229
4284807
4128761
4285250
4130458
3949311
4070625
3945760
4134663
4069413
4219661
3933354
3933354
4133776
4205222
3954618
4047226
4313396
3997175
3822656
4130824
4257542
4091783
4343217
4143984
3996568
3907358
3923309
4287261
4002801
4162229
3990292
4039950
4047226
3888128
3940808
4228826
4312439
3922538
4188999
4039950
4065579
4006115
4269893
4001165
3830773
4028587
4065253
3907358
4151155
4392521
4161570
3923309
3947142
3934047
4373528
4292965
4164608
4009662
4025034
3949311
4300783
3982308
4130937
3885559
3995866
4237115
4029909
4107446
4122458
4142939
3954618
4163788
3947142
4060014
4115952
4128761
3785251
3729431
3995152
4182054
4698213
4033017
4319371
4142939
3968659
4227081
4054691
4330390
4142590
4201643
3994956
4051974
4132079
4133776
3968659
4241006
4040188
4134594
4224908
4184117
3922538
3933359
4069413
3954618
4324638
4054691
4116747
3947156
4255084
3995330
4203313
4041696
4149821
3884803
3995866
4029909
3940808
4121495
4232239
4214165
3997175
3886745
3824845
4074837
4163112
4285250
4143984
4269515
4364833
4269515
4085209
4184117
4564236
4029909
3982308
4201804
4085978
4168020
4115808
4068548
4154772
3933359
4135527
3945760
4062461
4033017
3883114
4192408
4172074
3990292
4138298
4180212
4198079
4163788
4232055
3945760
4029909
4057527
4118886
4085978
3990292
4091794
4119882
4067809
4265140
4050254
3982303
4057347
3922499
3885559
4084784
3954618
4237870
4277291
4130458
4080281
4078542
4040188
4128761
4055136
4055213
3888128
4219759
4229987
4029909
4322925
4040188
4228232
4130937
4116992
4037648
3954618
4072557
4232785
4015791
3922499
3803270
4057527
3996568
4063413
4140591
3936057
4092973
4202232
4063413
4232785
4228632
4033017
4002801
4164608
4292965
3997175
4134594
3947156
4491740
3945760
4217249
4263620
4133776
4189060
4011205
4416410
4325985
4159158
3997721
3923510
4062461
3910981
4107446
4037648
4268873
3923510
3982303
4233838
4002801
3949311
4176478
4037648
4419738
4250831
4412334
3981509
4069413
4040188
4071544
4021633
4065579
3822656
3927895
3995330
4056384
4202232
4126594
4115520
4192408
3954088
4114821
4133776
4115520
4361448
3954618
3954088
4107446
3933354
4209805
3830773
4206115
3963531
3954088
4051974
3883069
4261006
4111190
4243463
4133903
4143905
3883069
4235594
4176986
3940955
4238004
4341752
4343874
4011205
4074837
4028587
4162246
4162866
4328449
3907358
4055213
4218254
3785251
4310903
3883114
4128276
4176986
4203243
4204022
4515091
4353301
4056384
3988961
4033017
3940808
3822314
4123340
4213305
4041696
4010901
4119882
4062461
4078542
4041696
3906353
3907358
4083784
3990292
4203243
4029909
3907358
4130458
4160801
3949311
4055136
4200918
4123877
4386875
4211168
4075319
3803270
3940808
4000808
4104942
4041696
4072557
4213160
3803270
4248411
4040188
4213305
4203023
4143984
4133776
4068539
3907358
4154772
3963740
4141276
4284807
3947494
4461765
4083920
4134594
4109990
4141610
3884803
4160801
4187529
4336874
4189060
4233196
3923510
4316458
4161103
3981509
4063413
3923510
4116992
3923309
4142673
4197675
4183436
4071544
4069753
4263620
4213898
4085209
4115948
4115948
4342941
4023018
3902228
4233838
3954088
3886745
4198079
4189060
4062461
4228632
3940808
4047226
4049830
3993739
4161570
4092973
4213167
4142673
4194642
3933359
4324638
3990292
4139248
4200918
4142528
4441539
4326447
4057527
3962253
4176242
4076510
4078542
4001165
4100403
3992104
4163788
3982308
3938413
4184117
4471502
3902228
4064277
4063413
4127882
3995866
4180212
4243463
4448542
4046846
4104409
3971119
3923309
4135495
4181609
4151155
4033017
4141610
4092973
3963531
4141610
4382988
4271676
4091462
3885559
3947494
4307829
4116747
3822314
4130458
4188999
4128761
4326447
3969038
3949311
4385522
4005970
3997175
4216849
3992104
3997175
3954618
4028587
3992104
4080994
4138117
4028587
3993739
4057347
4268873
3995330
4256407
4176242
3982303
4096684
4300612
3945760
3922538
4085978
4055213
3963376
3910981
4216110
4010901
4091794
4076510
4287261
4005970
4269893
3923510
4161103
3963740
4256407
4156596
4041696
3969038
4116604
3995152
4127654
4261006
3936057
4054153
3906353
4009662
3895349
4043212
4151155
4056384
4460453
3993739
3824845
4134663
3902228
4028587
3962253
4217249
3995152
4058305
4085978
4057527
4080281
4068548
4176494
4256539
4115952
4219661
4051974
4054959
4142939
3961587
4342771
4130458
3803270
4241172
3885559
4168020
4211220
4046884
4229834
4233527
4023018
3902228
3961587
4336793
3927895
4057347
4023018
4028587
4075319
4078542
4423396
4342771
4064277
4055136
3933359
3895349
3885559
4233838
4092973
4096396
4535803
3930174
4213167
4365995
4416410
4142673
4343217
4084784
3729431
3938413
3938413
4126872
4261006
4206115
4123877
4142590
3933359
4009662
3927916
4232988
4455308
4213305
4461922
3947156
4067809
3962253
4078542
4058305
4483660
3785251
4115742
3953583
4197675
4115808
4139248
4081163
4142939
4071544
3886745
4423396
4005970
4041696
4168020
4091794
3883114
4519784
4054153
4181609
3938413
3961587
4126594
3923309
4142528
3993739
3993739
4009662
4009662
3729431
4216110
4127149
4000808
4237870
3961587
4272047
4050254
4010901
4104292
4058305
3947494
3994956
3922538
3934047
3830773
4257542
4085209
4228826
4394734
3940955
3947494
4002801
3883114
4075319
3988961
4055136
3927895
4182054
3884803
4228232
4608916
3981509
4055136
4073137
4137341
4096396
4015791
3995866
4104025
4343874
4126594
4046884
3995866
4265140
3994956
4080994
3947156
4064277
4264479
4033017
4162866
4100403
4130216
4002801
4132079
4180113
4517576
4071544
4078542
4143905
4203023
4407392
3995152
4142939
4006115
4115808
4149821
4119882
4150397
4144234
3961587
4342941
4122458
3933359
4057527
4055081
4111190
4069753
3971119
4025034
4115520
3968659
3910981
3933354
4001165
4015791
4064277
3906353
3990292
4238356
4085209
3995866
4145710
4116992
4033017
4263695
4200918
4125919
3910981
3995330
4217249
4133776
4226380
4126872
3923309
4054153
4065579
4083784
4391872
4224300
3994956
3885559
4150397
4257332
3982308
3953583
4244579
4161570
4115808
3963531
4000808
4085209
4021633
4386510
4188999
4156596
4163788
4011205
4134594
4130937
4156596
4204022
3995152
4142528
4203313
4025034
4199785
4531009
3884803
4116604
4535803
3922499
4203023
4263049
3995152
4219385
4122458
3936057
3927916
4238004
3884803
4001165
4322925
3953583
3954088
4183207
4123340
3803270
3963740
3996568
4122458
4041696
4091783
4069742
3938413
4116747
4068539
4141467
4065579
3971119
4137695
4407889
4188999
4069753
4313376
3968659
3883069
3923510
4072557
3997175
4274426
4233626
4008549
4070625
4176986
4091783
3947156
3907358
3940955
4076916
4055213
4201804
4384759
4314297
3822314
4056384
4130235
3995866
3992104
4184805
4206115
3997175
3886745
4070625
4135527
4190283
3729431
4115808
4027800
4130458
3885559
4127149
4139515
3990292
4062461
4127882
4209805
4010901
4130216
4398272
3830773
4068539
3961587
3884803
4083784
4033017
3947494
3963740
4115742
4395826
4133903
3949311
4277260
4313072
4163788
4161570
3995152
3961587
4050254
4271676
4135527
3940955
3729431
3907358
4151155
4206115
4116604
4229834
3907358
4229834
3822314
4029909
4133903
4056384
4040188
4200918
4023018
4067809
4046846
4072557
3982303
4256407
4345918
4141276
4060067
4213167
4092973
4055081
4039950
4205178
4135495
3996568
4084784
4239131
4259851
4234079
4269893
4408699
4057527
3981509
4358360
3947494
3830773
4057347
4200918
4010901
4055213
4176814
3884803
4316458
3940955
4341221
4238208
4041696
4139515
4203243
4070625
4143984
4133903
4055213
4096396
4006115
4021000
3969038
4216110
4143984
4087706
4183436
4085978
4076916
3997721
4109990
4271676
4199785
3990292
3961587
3923510
4132079
4114821
3883114
4130235
4137341
4123877
4039950
4104025
4133903
4104025
4324638
4342771
4084784
4142528
4055081
3954088
3982308
3940808
3954088
4091462
4204022
4200918
4080994
3895349
4302396
4065253
4180113
4111190
3962253
3963740
4140591
4080281
4109577
4139515
4002801
4238356
4021000
4127882
3968659
3907358
4244579
3969038
4212218
3988961
4126887
3822314
4571305
4130824
3910981
4139248
4357052
4027800
3961587
4317939
3895349
3971119
4118886
4085621
4008549
4258547
4025034
4163112
3988961
4135527
4046884
4233527
4388701
4025034
4183207
4138298
4395826
4122458
4108862
4425431
4132079
3963376
3922499
3785251
3982303
4150688
4200918
3971119
4049830
4109577
4065253
3885559
4043212
3927916
3963740
3963376
4156596
3888128
3995866
4122458
4074837
4130235
4070625
4025034
4116604
3988961
4163112
4303128
4277260
4323555
4069753
4104942
4294717
3902228
4183207
3888128
4076510
4272047
4049830
3883069
3895349
4278949
4164608
3961587
3994956
4096396
4141610
3927916
4189060
4264479
4130216
4109577
4190283
4000808
4128276
4127882
4211712
4001165
3729431
4141610
4180113
4080994
4225654
4056384
3936057
4056384
3922499
4203313
4135495
3940808
4085978
4184805
3996568
4010901
4344298
4431290
4154772
4188999
4091794
3968659
3963531
4128761
4145710
3990292
3938413
3822656
4091783
3922499
3895349
3992104
3785251
4205222
4162246
4072557
4001165
3884803
4091783
3997721
4211168
4057347
4239131
4126190
3971119
4217246
4228232
4051974
4040188
4233527
4170798
4071544
4015791
4057527
4072557
3883114
4064277
3933354
4200073
4096684
3953583
3907358
4372272
3938413
4232785
4127695
4011205
3992104
4325358
3906353
4047226
4060067
4220235
3949311
4081163
4422786
4058305
4154772
4073137
4062461
4069753
4010901
3888128
4033017
4029909
4182054
4285604
4256539
4056384
4162229
4344374
4160966
4314229
4076916
4070625
3990292
4214220
4116604
4100403
4145710
4196077
4143905
3988961
4214165
4140591
3968659
4005970
4055136
4466005
3968659
4083920
3963531
3927895
4245392
4141467
4127654
4083784
4150397
4067809
4021000
4107446
4054691
3953583
4116604
4213305
4104292
4116604
4041696
4087706
4228488
3947494
4217362
4247858
4198079
3940808
4008549
4115948
3992104
4037648
4256539
4104942
4228826
4301421
4070625
4238004
3927895
3830773
4041696
3962253
4448041
4500166
4228339
4057527
4074837
4255084
3940955
4027800
4433144
4217362
4000808
4277879
4184805
4127695
4127882
4054959
4051974
3949311
4060014
4233196
3997721
4181609
4100403
4141610
3981509
4239131
4279740
3982308
4353301
4274255
4134663
4049830
4011205
3954088
4126594
4338888
4029909
3936057
4125919
4054153
4174824
4130235
3923309
4109577
4067809
4054153
4091794
3992104
4283102
4080994
3803270
4029909
4138117
3997175
4068539
4119882
3969038
4049830
3923309
4068539
4205178
4518521
3992104
3961587
4130216
4049830
4023018
4130458
3996568
3971868
4033017
4386510
4118886
4314297
4054691
4162246
3971119
3923510
4219385
3994956
4233527
3954088
4072557
4142528
4233752
4134594
4184117
4423563
3963376
4160966
4091783
3923309
3969038
4361448
3997175
3971119
3949311
4409797
4214165
3906353
4040188
4357052
4115520
4134663
4069753
4085978
4180212
4235594
4087706
4028587
4324766
4065253
4005970
3930174
3923510
4162384
4219759
4081163
3971868
4268873
4006115
4160966
4137695
4078640
4054153
3982308
4116747
4115948
4183207
4248411
4144234
3822314
4160966
4096396
4069742
4241172
4131835
4244579
3884803
4056384
4213160
4204443
4415214
4258547
4010901
3995152
4219759
4067809
4228632
4415803
4070625
4002801
4433144
3822314
4299045
4256605
4203023
4142528
3885559
3961587
3923309
3883114
3803270
4123340
4203313
3969038
4046884
3996568
3990292
4233196
3922499
4023018
3922499
4055081
4139558
4176478
3968659
4083784
4023018
4248411
4046884
4243463
3822314
4404236
4115948
4116992
4156596
4005970
3907358
3922538
4547549
4244579
3954088
4083920
4065579
3895349
3923309
4139558
4204022
4233838
3945760
4356382
4054959
4152691
3910981
4244425
3982303
4234079
4125919
3947156
4204443
4263695
4067809
3947156
3981509
4359031
4203313
3982303
3971868
3888128
4492118
4161103
4184117
4170798
4083784
4055081
3910981
4277879
4274558
4104025
4069742
3982303
3968659
4055213
3729431
4310903
4064277
4163885
4314297
4141610
4422786
3969038
3992104
3936057
4096396
4104942
4361614
4156596
4128761
4156596
3947156
4226380
4134594
4115952
4122458
4025034
4277879
4314814
3997175
4104292
4186919
3997175
4255084
4140591
3963376
3996568
3945760
4441094
4217246
4065253
4214780
4186919
4115952
3994956
4353301
4081163
4263049
4116992
4078542
4161570
4055213
4085621
4194642
4232055
4116992
4037648
4131835
3954088
4057347
4115520
3953583
4138117
3947142
4015791
3947156
3954088
4128276
3922538
3997721
4132079
4078640
4156596
4257332
3982303
4265140
3883114
4107446
4080994
4080281
4164608
3993739
3886745
4415803
4299873
4043212
4219661
4116604
4216849
4451342
3886745
4109990
4049830
4055136
3981509
3962253
3930174
4069413
3824845
4374958
4203023
4205178
4133776
4023018
3963376
3997175
3940955
4182054
4023018
3785251
4204443
4081163
4527139
4027800
4142673
4123340
4076510
3883069
3990292
4056384
3906353
4218183
4115808
4002801
4049830
3992104
3949311
4162384
4617309
4232055
4139248
4140591
4163788
4064277
4184117
4244425
4055136
4040188
4160801
4001165
4115742
4068548
4232785
4143984
3824845
4116604
4363068
4513913
4118886
4069742
4271420
4067809
3961587
3922538
4228232
4249999
4201643
4162384
4488533
4276882
4381828
4399472
3907358
4151155
3938413
4046884
3927916
3992104
4104942
3927916
4342771
4269893
3940808
3988961
4302675
3982303
3996568
4080994
3997721
4054691
4054691
4050254
3922499
3902228
4226695
4081163
3934047
4176986
3997175
4109577
4278033
4314297
4000808
3992104
4138117
3822314
3883114
4137341
4288222
4143905
4262580
4073137
4127695
4204443
3982308
3961587
3886745
3907358
4104292
4633318
3997175
4002801
3971119
4127654
3907358
4123877
4000808
4152691
3933359
4241195
3933359
3933359
3994956
3938413
4284807
4134594
4069413
4150397
4141610
4202232
4326144
4184199
4130824
3994956
4214780
4074837
4217362
4085978
4272047
4213167
4213160
4204022
4214567
4220235
4067136
4436650
3954088
4069753
4140591
3927916
4116992
3997721
4075319
4232988
4246686
4126887
3947156
3947142
3963376
3922499
4277879
4134663
3934047
4359031
3981509
4084784
4133903
4280072
4188999
4062461
4109990
3982303
3922499
4228339
4139515
4021000
4737443
3990292
4041696
3940955
4183207
4096684
3922499
4404430
4267935
3922499
3990292
4420023
4032762
4074837
4015791
4083920
4021000
4188099
4401491
4076916
4423396
4147905
3940955
3885559
4069753
4115520
4118886
4174824
4115520
4091783
4158949
3886745
4257888
4272988
4158949
4162229
4060067
4162246
4054691
3953583
4213898
4199785
4237870
4302092
3963740
4109990
4047226
4081163
3992104
4130937
4072557
3947156
3824845
4295738
4243463
4039950
4069742
4320738
4051974
4232055
4257888
4232055
4159158
4201643
4326144
4130937
4352019
4144234
4116992
4054691
4128761
4440657
4197675
4116992
4224908
4130235
4409417
4271676
4021633
4166723
4080994
4373528
4126872
3885559
4258547
4288982
4180113
3996568
4248411
4130216
3997175
4241195
4206115
4142528
4118886
4046884
3962253
4115742
4150076
4229987
4190935
4232239
4005970
4284807
4288982
4272988
4104025
4484487
4115952
4037648
4345918
4122458
4233838
3947494
4202232
4025034
4359031
4116992
4068539
4076510
4015791
4213898
4001165
4238004
3822314
3963376
4067136
4214780
4065253
4122458
4406314
4232239
4214165
4108862
4267935
4144234
4238004
4182054
4043212
4122458
4270247
4104025
4217362
3961587
4256539
4269515
4186734
4214165
4176814
4550148
4047226
3886745
3981509
4151155
3949311
4256407
3995866
3971868
4143984
4078542
4126190
3947142
4214165
4050254
4176242
4182054
4033017
4152691
4161570
4214567
4054691
4065579
4454028
4163788
3963376
4214567
4001165
4336174
3988961
4108862
3884803
4228632
4047226
4176814
4213167
4360329
4122458
4224908
4142673
3729431
3992104
4300612
4054959
3933354
4245392
4043212
3968659
3995152
4043212
4147905
4270247
4274426
4216110
3785251
4107446
4116747
3883069
3933354
3992104
4047226
3971868
3947494
3824845
4006115
4131835
4385522
4133903
4025034
4380444
3888128
4379490
3949311
3803270
4162866
3996568
3963376
4259851
4244425
3997721
4135495
4072557
4214567
4202232
3945760
4551863
3996568
4298397
4174824
4183207
4081163
4126190
4235594
3923309
3923510
4332953
3906353
4083784
4297789
4039950
4183436
3940955
4122458
4139558
4205178
3945760
4237115
3930174
4125919
4008549
4123877
4009662
4069742
4055213
4123340
4021633
4184199
4190283
4280318
3888128
3982303
4096396
4189060
3971868
4108862
3997175
4130458
4203313
4140591
4176814
4162246
3906353
4111190
4280072
3910981
3907358
3997175
3982308
4176478
4083784
3963740
4201804
4218183
4183436
4238159
4272988
4154772
4325985
3902228
4152691
4057347
4395826
3883069
4250005
3954088
4263049
4146198
4237870
4259851
4158949
3971119
3927916
4028587
3963531
4027800
4009662
4359031
4239131
3822656
4058305
4116992
4072557
4133776
4160801
3933354
4196077
4256605
4158949
3927895
4150835
4021000
4162384
4081163
3949311
4115742
4119882
4506699
3982308
4021633
4232055
4104409
4188099
4280318
4245392
4428683
3996568
4176478
4069413
4104409
4115742
4041696
4047226
3803270
4176478
3963740
4253743
4316458
4060014
4137341
3940955
3906353
4151155
3947156
4159158
4162384
4039950
4085621
3923510
3824845
3997175
4524279
3933354
4083920
3981509
4234552
3883069
4116992
4130458
4262580
4256605
3930174
4078542
4431000
3971868
4149821
4127149
3922538
4073137
4127149
3822656
3997175
4294717
4398272
4133903
4156596
4297789
4055136
3963376
4067809
4073137
4001165
3902228
4119882
4239131
4040188
4322925
4163112
3902228
4313072
4131835
4096396
4135495
4198079
4139558
4274255
4257332
4285604
3888128
4118886
3785251
3883069
4192408
4162384
4076510
4049830
4068539
3922538
3996568
3995866
4009662
4071544
3949311
4115808
4037648
3822314
3883069
4271676
4319482
3963740
4200084
4198079
4160801
4015791
4403229
4220235
4150835
4067809
3993739
3992104
4270247
3947156
4274219
4021633
3824845
4593742
4091783
4185150
3923309
4069742
3954088
4265010
4150076
4150076
4216110
4058305
4104942
4184805
3947156
4288800
4218183
4140591
4049830
4083920
4398272
4150835
4023018
4111190
4010901
4152413
4115520
3963740
3803270
4058305
4029909
4119882
3954088
4096684
3803270
4055081
4055081
4085978
4224908
4142528
4203243
4069413
4104409
4047226
4032762
4244579
4041696
3907358
4186919
4203313
4046884
4064277
4011205
4138117
4154772
4123340
3729431
3923510
4203023
4274426
4104409
4067809
4116747
4057347
4232055
4263620
4006115
4382988
3982303
4211220
4160801
4076916
4234517
4139558
4257542
4067809
4096684
4450615
4265010
4342771
4047226
3961587
4002801
3961587
4232785
3922499
4307970
4130216
3785251
3888128
4062461
4259550
3947142
3888128
4345918
3822314
3963376
3830773
3982303
4062461
4050254
4373528
4280384
4005970
4522222
4122458
4054153
4139558
4067809
4142939
3785251
4145710
4168020
4009662
4116604
4076916
4127149
3995152
4115952
3971119
4065579
3947156
3883114
3910981
4043212
4076510
4247787
3923309
3934047
3971119
4069753
4196077
4381828
4131835
4274219
4032762
4430317
4085978
3947142
4054959
4176478
4062461
4360836
4205178
4067136
4232988
3895349
4058305
3996568
4056384
4087706
4127882
4143905
4130937
4159158
4055081
4162866
4141276
4176242
4182054
4164608
4029909
4046846
4415214
4037648
3997721
4143905
4238725
4261505
4054959
4361448
4217362
4133903
4213160
4091783
4221829
4054959
4078640
3824845
4121495
3906353
4057527
4125919
4050254
4298397
4364354
4078640
4213472
4100403
4054691
3947494
3995866
4121495
4054153
4244425
4290178
4250831
4123340
4062461
4255084
3883069
4415855
4005970
4311309
4182054
4091462
4115520
4228632
4027800
4021000
4046884
3947142
4159158
4156596
4060067
3963531
3961587
4211220
4359031
4301421
4271420
4118886
3830773
4128276
4073137
4069742
3883069
3963376
4160966
4160801
4199785
4130824
4176986
4147905
3884803
4162229
4069413
3923510
4067809
3933354
3971868
4075319
4251442
3785251
4186919
4006115
4111190
3885559
3995866
3953583
4228826
4166723
4358020
4070625
4126594
4128276
4055136
4109577
3995866
4057347
4343217
3945760
3947494
4075319
4202232
4319482
3923510
4047226
4011205
4270247
4288982
4139248
4115520
4135527
4142528
4047226
3895349
4118886
3927916
4108862
4186734
3953583
4143984
4116992
4111190
4144234
4115742
4055213
4060014
3822314
4224908
4162246
4128276
3930174
3933354
4213472
4032762
4221384
4046884
3922499
4029909
4115948
4232785
4228232
4288809
4186919
4111190
3830773
4028587
3883069
4298397
4161103
3883069
4127695
4123877
4141610
4049830
4010901
4259851
4078542
4162866
4069413
4180113
3995152
4374384
4218183
4415803
3822314
4186919
4008549
4104942
3906353
4116747
4314229
4608916
4055136
3907358
4255802
4067809
3927916
3994956
4162384
4085621
3995152
3922538
4279740
4176494
3981509
4064277
3923309
4162246
4238159
4142673
3961587
4302675
4128761
4137695
4285604
4084784
3940808
4104942
4524471
4091462
4121495
3936057
3922538
4554452
4302396
4538492
4233838
4247858
3729431
3947494
4075319
4137695
3940808
4054691
4221771
3907358
4025034
4050254
4234517
4259597
4274955
4068539
4126872
4078542
4057347
4702935
4137695
3785251
3883069
3927895
3922538
4299873
4138298
3907358
4122458
4083784
4218254
4203313
4270675
4279740
4288809
4176494
4180212
4345918
3953583
4047226
3883114
3963740
4555700
4154772
4028587
4324766
4263620
4055213
4109577
4270247
4076510
4060014
4313072
4461790
3996568
3981509
4126872
4068539
4214220
3995152
4251442
4232355
4232785
4159158
3906353
4104942
4060067
4078542
4126190
4139515
4608916
4141467
4123877
3949311
4311309
3995866
4194642
3961587
4023018
4433144
3803270
4217362
4083784
4115948
4311105
4228488
4214780
3971119
4071544
4057347
3940808
4379360
4080281
4076510
3938413
4163885
3830773
4183436
4182054
4160801
4185150
3822314
3997721
4313396
3785251
4127882
4123877
4040188
4075319
4008549
4032762
3883114
4257542
3949311
4329644
4081163
4043212
4152413
4172074
4161570
4111190
4002801
4592731
4154772
4111190
4237115
4320738
4126190
4080994
4319482
4258547
3803270
4137341
4198079
3945760
4057527
4010901
3947494
4269515
3822314
3963376
3961587
3934047
3947142
4196077
4071544
3910981
4126594
3888128
4197106
4203023
4109990
3940808
3993739
4278579
4046884
4127654
4055081
4259851
4111190
3927895
3906353
4114821
3969038
4367511
3996568
4202232
4001165
4039950
4041696
4046884
3923309
3785251
4006115
4232055
4162229
4126190
4263695
4078542
4057347
4011205
4216849
4232785
4232988
4091462
4256407
4133776
4115952
3906353
4433144
4011205
4228826
3963376
4015791
4104942
4054959
3886745
4217249
4029909
4134663
4076916
4049830
3906353
3995866
3930174
4344048
4229987
4033017
4162384
4023018
4150835
3993739
4010901
4078542
4564320
4364354
4114821
4128761
4041696
3822656
3824845
4043212
3940955
4091462
4039950
4466005
4068539
4051974
4375319
4217246
4316458
3982303
4150688
4211220
4161570
3938413
4238159
4080994
4050254
4214220
3981509
4202232
4205178
3936057
4085209
4228826
4115948
4096684
3822656
4320738
4054959
4257332
4054153
4055081
3969038
3997721
4123340
4058305
4412905
4140591
4076916
4189060
3927916
4078640
3906353
4046846
3910981
3982308
4190935
4040188
4412905
4218183
4080281
4176986
4487465
3938413
4163885
4126887
4100403
4296930
4172074
3947142
4228826
4317939
3895349
4221771
4091783
4130458
4091794
4435117
4166723
3961587
3803270
4015791
4348242
3994956
4128761
4172074
3995152
4121495
4211712
4256407
4054691
3888128
4228488
3945760
4008549
4055213
4096396
4054153
4205178
4213167
4219661
3923309
4023018
4166723
4091462
4139558
4201804
4055081
4150076
3982308
4130824
3995152
4126594
4211220
3902228
4126594
4132079
3996568
3982303
3995330
3963376
4388701
4078542
4062461
4397362
3934047
4080281
4080994
4264479
3822656
4126594
4074837
4143905
4259550
4233752
4055213
4096684
4021000
4037648
3981509
4118886
3927916
4347372
3785251
4064277
4185150
4130824
3962253
4127149
3982308
4091794
3895349
4069413
4348184
4192408
3992104
4506699
4083784
4037648
4308595
3971119
4055081
4228826
4039950
4211220
4256407
4182054
4055136
3923510
4092973
4076510
4156596
4126594
4001165
4076916
4245392
3971868
4227081
4015791
4180113
4421158
3803270
3884803
4009662
4595889
4065579
4232239
4054959
4091462
4043212
4091462
3936057
3981509
4233527
4127882
3927916
4203243
3992104
4277260
4091462
4055136
4160966
4069413
4162384
4137341
4484895
4221384
4011205
4133776
4111190
4259550
3822314
4190935
4058305
4054153
4127149
3949311
3992104
3994956
3895349
4115742
4005970
4006115
4002801
4313072
4205178
4356382
3729431
3988961
3922538
4142673
4091783
4180113
4104942
4214567
3895349
4263620
4372272
4123877
4062461
4238725
4314814
4415803
4055136
3883114
4229987
4364833
4130824
3997721
3940955
4279839
3992104
4194642
4151155
4217246
4028587
3830773
4263049
4096396
4200084
4054153
4225654
4050254
4057347
4200084
3883069
4078640
4126872
3995330
4199785
4379490
3997721
4658707
4096684
3883114
4225654
3902228
4206115
3995152
4073137
4021633
4213472
4401491
3906353
4694319
3885559
4214567
4158949
4104409
4342771
4311105
4108862
4084784
3981509
4015791
4076510
4380147
4226380
4076510
4068539
3996568
4127882
4049830
4091462
3963740
4182054
4139515
3954088
4299045
4039950
4176814
4386510
4130235
4127654
4062461
3907358
4143905
4009662
4118886
3922499
4137341
4232785
4159158
4234552
4123877
3803270
4037648
4069413
4000808
4127882
3927895
4160966
4257542
4078640
4326447
4134663
3927895
4118886
3923309
4050254
4154772
4008549
4067809
4328449
4115742
4109577
4069413
4213160
4159158
4288809
3982308
4087706
4133776
4040188
4232785
4218254
4288222
4108862
4111190
4259550
4068539
4203023
4176242
4213160
4324638
4091794
4625118
4049830
3968659
4132079
4057527
4056384
4264479
3910981
3994956
4054691
4043212
4214567
4287534
3922499
4071544
4163885
4364354
4096396
4000808
3884803
3997721
3785251
4448041
3997721
3729431
4184199
4128276
4011205
4201643
4071544
4185150
4380147
4039950
4204443
4068548
4051974
4200073
3963531
4054153
4115952
4023018
3830773
4264479
4043212
4174824
4002801
4104409
4170798
4307829
3922499
4441094
4122458
3996568
4080281
4150688
3922499
3963531
3910981
4381600
3927895
4109577
4436650
4625918
4540589
4021633
4058305
3996568
3934047
4133776
4233196
4133776
4028587
3940808
4166723
3971868
4138298
4114821
4150835
4069413
4126190
4046884
4051974
4135495
4028587
4127654
4147905
4074837
4091783
4033017
3988961
4144234
4213898
4139558
4229834
4250005
3940808
4115742
4058305
4127882
4075319
4006115
4118886
3922538
4438163
3936057
3947142
3933354
4186919
4087706
3822314
4060014
3997721
4069413
4130458
3824845
4083920
3902228
4091783
4050254
4068539
4051974
4145710
4204443
3906353
4009662
4127149
4127882
4220235
4369406
4197106
4037648
4433213
4228232
3963740
4115952
3997721
4141610
4074837
4168020
4342771
4087706
4280072
4025034
3945760
4497578
4057347
4091462
3923309
3982308
4062461
4142939
4232055
4062461
3785251
3938413
4010901
4232785
4040188
4040188
4241006
4001165
4416410
4108862
4084784
3910981
4358020
4040188
4391155
4040188
4130824
4115808
4150688
3954618
3895349
4104942
4062461
4214567
4317690
4083920
4008549
4115952
4006115
4216110
4043212
4224908
4054959
3822314
4238004
4348184
3910981
4233527
4021633
4152413
3884803
3963740
3729431
4228339
4202232
3963740
4218183
3922499
4065253
4244425
4283102
4250831
4360053
4317690
4134594
3963376
3995330
4104409
4041696
3822314
3923309
4235594
3997175
4130937
4054959
4388751
3995152
3962253
4211712
3971868
4460453
3949311
4219759
4071544
4028587
4062461
3954088
4069742
4161570
4055081
4232355
3927916
4187529
3940955
4043212
4027800
3981509
4200084
4213167
4074837
4010901
4176986
4160966
4065579
4128276
4234517
4057527
3995330
4133903
4069742
4241006
4238159
3923309
4417932
4118886
4073137
4238356
4083920
4170798
4142939
4341752
4075319
4076510
4091794
4285604
4064277
4219759
4194642
3995330
4060067
3988961
4156596
4128761
4055136
3968659
4139248
4458203
4150076
4386875
4256605
4147905
4115808
4412334
4033017
4330390
4116604
4041696
4092973
4317292
4197675
4051974
4046846
4100403
4158949
3822314
3803270
4250831
4115808
4027800
4380147
4143984
4074837
3907358
4163112
4055081
4163788
4176494
4226380
4032762
4109990
4134594
4123340
4058305
4039950
4440657
4265140
4115948
4008549
4267935
4054153
4062461
4186734
3968659
4046846
4069742
4375319
4141276
4181609
4134594
4081163
4213160
4107446
4139248
3995330
4186734
4150076
4064277
3936057
3822314
3922499
4139558
3906353
3933354
4028587
4214165
4002801
4115952
4269893
4055081
4290178
3927895
4006115
4229834
3803270
4280384
4054153
3729431
4092973
4069413
4091462
3995330
4069753
4130824
4067136
4174824
4049830
3883069
4009662
4109990
3963740
4023018
4067809
4068539
4054153
4067136
4057527
4091794
4172074
4296170
4107446
4085621
4249999
4394734
3883114
3990292
4025034
4005970
4116992
4185150
4009662
3954618
3923510
4436689
4142528
3982308
4204022
4006115
4363068
3934047
3785251
4070625
3993739
4237115
4050254
3933359
4221829
3933359
4180113
3822314
3947142
4085209
3883114
4226380
3993739
4436650
3954088
4065579
3907358
4043212
4010901
4069753
4123877
4121495
3954088
4319371
4160966
4060014
4163112
4122458
4069753
4344048
4028587
4085621
4139558
4076510
4087706
4127695
4126872
4221771
4311309
4220235
4451342
4347372
3729431
4206115
4072557
4116747
3883069
3993739
4194642
4069742
4244425
4238356
4057347
4126190
3907358
3962253
4008549
4142590
4142528
4201643
4237870
4104942
4060014
4011205
4288982
4057347
4161570
4232055
4062461
4227081
3923510
4172074
3963740
4285250
4039950
4233752
3930174
4186734
4021000
4487372
3954618
3883114
4001165
4221771
4345918
4150397
4128276
4100403
4054959
4116604
3982303
4277260
4127695
4280318
4316458
3933359
4040188
4063413
3923510
4064277
4083784
4186919
3883114
4324638
4186734
4021633
4241172
4160801
4206115
3963531
4219759
3971868
4002801
3982308
4080281
3927895
3947142
4202232
3910981
3785251
4126594
4200073
4184117
4116747
4241195
3971868
4139558
4043212
3822314
3883114
4386023
3907358
3947156
4130824
4107446
4085209
3995152
3945760
4121495
3945760
3923309
4159158
4162229
4240825
3933359
4257888
4078640
4039950
4338459
4085978
3993739
4109577
4126594
4075319
4151155
4114821
3830773
3883114
4008549
3969038
4263620
3963740
4270247
3995152
3933354
3981509
3981509
4130235
4060014
4143984
4100403
4287534
3824845
4008549
4162246
4032762
3883114
4186919
4137695
4183207
3962253
4268873
4373528
4255802
3961587
4023018
3884803
3995866
4055081
4068539
4111190
4109990
4121495
3997721
4200073
4240825
3997175
3947156
4226695
3922499
4161103
4064277
4054959
4160966
4126872
4058305
3994956
3953583
4233527
4040188
4126594
4021633
3990292
4069413
3953583
4069742
4228826
4080281
4011205
4364354
4168020
4425431
4213160
3954088
4091783
4078542
3785251
3963376
3830773
4532304
3947142
4201804
4296350
4184805
3953583
4132079
4070625
3996568
4300783
4121495
4497578
3884803
4006115
4244579
4119882
4141467
4140591
4033017
4084784
4317690
4015791
4130937
4108862
3995330
3981509
4201643
3927916
4121495
4021000
4049830
3982303
3982308
4068539
4228488
3968659
4080994
3902228
3954088
3968659
4201643
4234552
4142673
3883069
4241172
4161570
4057347
4206115
4237115
4162866
4144234
4392895
4091794
4176986
4130824
4150688
3922499
4253743
3895349
4076916
4599079
4150397
4127149
4011205
3936057
3906353
4138117
4158949
4069742
4135495
4050254
4213167
4162229
3990292
3949311
4338459
4091794
4069753
4152691
4590346
3988961
4310903
4021633
3993739
4149821
4049830
4497578
3886745
3884803
3940955
4083784
4176986
4284807
4065253
3963531
4203243
3785251
4199785
4128276
4190283
4067809
4119882
3785251
3993739
4387180
4154772
3947494
4285250
3803270
3962253
4040188
4386023
4054959
3907358
4060014
3962253
4154772
3923309
4314297
4162229
4408699
4212218
4115742
4050254
4232355
4049830
4083920
4083920
3822656
4074837
4218254
4261006
4137695
4096684
4270675
3927895
3803270
3947142
4133776
4008549
3895349
4009662
3995330
4299045
3885559
4374384
4107446
4200084
3830773
3981509
3962253
3884803
3824845
3954618
4329644
4130458
4076916
4202232
4057347
3885559
4259851
3933359
4192408
4229834
3949311
4054959
4192408
3982303
4395826
4313396
4197675
4287534
4232355
4023018
4060014
4211168
4476258
3968659
3927895
4209805
4172074
3910981
4080281
3996568
4200084
4057527
4180212
4055081
4072557
4108862
4170798
4323555
3824845
4234517
4119882
4119882
4324440
4172074
4224908
4060067
4188099
3895349
4085978
4070625
4392085
4176242
4001165
3803270
4163885
4262580
3963740
4319371
4109990
4060014
4234517
4146198
4092973
3995152
4065579
4109577
4130937
4142673
4074837
3993739
4025034
4064277
3947156
4085978
4420023
4256605
3993739
4128761
3883069
4076510
4162246
4345409
4163885
4134594
4141276
4060067
4055081
4190283
4264479
4065579
4263620
3830773
4011205
4064277
3910981
3940808
4010901
4152413
4188999
4216110
3981509
4123877
4469602
4283102
4320738
4265140
4218254
4002801
4188099
4150835
4046846
4466406
4070625
3995152
4229987
4083784
4168020
3885559
3996568
4211168
3822656
4158949
4039950
3995152
4160966
3922538
3963531
3940955
4330390
4196077
3990292
3947156
4174824
4091462
4116604
4415855
4161103
4021633
4325358
4002801
3954618
4238208
4391872
4123340
4126594
4283102
3822656
3923309
3910981
4078640
4123877
4021000
4015791
4232355
4119882
4160966
3990292
3940955
4104942
4443545
4224300
3996568
3907358
3933359
4032762
4197106
4226380
4641780
4126594
4227081
4067809
3997721
4055081
3785251
4197675
4096684
4011205
4116747
3962253
4263620
4154772
3982303
4135495
4062461
4373528
4115948
4380147
4160966
4307970
4300612
4166723
4100403
3885559
4068539
4233196
4146198
4200084
4319371
4313376
4063413
4074837
3997175
3971868
3883114
4096684
4064277
4269893
4011205
4104409
4297789
3936057
4144234
4313396
4468679
4072557
4104409
4188099
4078542
4296930
4069753
3968659
3822314
3990292
4104409
3930174
3922499
4087706
4218183
4063413
3990292
4043212
3994956
4130824
3907358
4229987
4065579
3927916
3988961
4104025
4087706
4295738
4109990
4127882
4176494
3822656
4050254
3968659
3822656
3963376
4051974
4126594
4233196
4033017
4296170
4127149
3729431
4213898
3988961
3969038
3907358
4121495
4130458
4104292
4241172
3945760
4162384
3940955
4091783
4338459
4163885
4065253
4162246
4224300
4025034
3884803
4635016
4091462
4262580
3885559
4041696
4132079
4134663
4060067
4068539
3729431
4264479
4203243
4115808
3963376
4163885
4039950
4104025
4360053
4021000
3940955
4116604
4149821
4329644
3969038
3962253
4028587
4060014
3922499
4259550
4241172
4127654
3822314
3906353
4263049
4064277
4213898
4135495
4221771
4055081
3954618
4008549
4107446
4232055
3936057
4091794
3949311
4274255
3945760
4072557
4131835
4137695
4015791
4203313
4118886
4232355
4306079
4213160
4051974
3961587
4037648
4226380
4213160
3953583
4229987
3910981
4130235
4010901
