26807858
16398459
12532331
10640642
9714657
8607758
8102011
7654119
7243784
6872150
6700487
6728916
6363825
6298829
6131567
6026058
6197667
5988851
5769921
5604834
5521968
5421916
5132911
5489044
5532934
5145348
4779630
5285307
5119298
5098879
5389887
5043970
5154230
4856604
4856415
5105999
4894052
5238715
5046815
4629039
4737978
4996391
4968876
4916101
4833830
4826489
4737428
4699173
4845916
4661827
4785736
4811577
4856826
4667015
4861418
4715946
4713109
5003833
4739423
4764806
4749143
4526176
4540326
4484570
4665346
4689749
4890636
4419227
4680316
4781550
4773958
4493454
4536905
4763576
4639480
4506670
4754694
4353272
4577367
4412860
4572860
4615630
4514308
4358427
4680747
4579690
4571912
4340172
4484985
4536999
4462677
4647134
4475413
4478811
4262544
4522104
4461927
4367143
4415057
4475749
4479938
4461675
4219684
4739659
4420113
4643901
4287292
4576896
4426080
4517194
4406308
4495509
4392830
4353653
4407185
4272994
4250006
4605528
4385770
4384758
4507721
4438105
4274226
4532693
4219394
4571967
4379649
4262850
4149794
4296423
4364580
4729755
4437791
4213319
4675286
4481984
4787056
4409821
4479251
4319354
4185156
4404219
4628975
4487139
3962270
4564317
4448097
4560296
4364360
4517307
4430316
4365991
4341553
4425480
4218256
4366720
4397347
4348072
4331998
4388765
4344001
4359946
4302080
4312456
4214505
4585891
4127895
4314809
4300912
4549625
4364390
4162227
4444440
4384864
4455230
4311280
4205308
4348226
4263635
4428635
4176483
4267911
4320662
4366662
4200275
4319464
4114779
4324354
4233624
4341767
4245326
4617295
4074820
4147906
4594762
4441050
4359661
4323496
4268924
4361618
4323496
4386510
4325331
4139345
4190879
4186686
4309139
4170695
4258538
4132127
4216870
4346924
4455230
4238199
4238199
4005973
4166692
4485241
4131007
4141397
4233506
4253743
4054681
4104302
4277895
4466318
4481399
4180224
4278568
3968797
4278915
4431223
4247868
4553742
4306196
4258538
4380383
4380411
4076701
4357054
4322935
4212204
4317162
4176475
4226418
4162243
4143979
4241118
4226418
4527148
4360327
4237985
4229753
4359075
4187049
4433159
4695622
4000759
4230023
4253743
4162861
4415722
4323492
4277895
4233192
4309139
4200048
4080996
4329748
4144265
4128776
4270665
4212204
4307768
4280324
3947507
4158953
4274482
4240820
4586715
3997152
4000759
4336779
4087723
3954273
4188094
4154745
4068527
4259236
4104302
4164596
4204299
4127475
3971108
4241799
4133788
4317680
4345414
4202985
4364580
4246647
4250846
4150875
4324766
4296174
4444252
4255096
4228335
4131007
4189131
4242457
3981675
4190879
4183132
4134669
4257547
4085975
4294851
4214078
4137753
4133892
4413510
4295882
4083916
4233699
4091308
4184233
4451338
4187511
4206153
4174817
4436222
4107330
4126859
4152690
4200787
4181612
4111155
4430322
4317162
4192478
4040201
4497448
4190208
4142827
4142647
4347520
4244404
4235594
4238199
4163135
4232221
4566329
4050255
4163614
4162362
4108848
4350099
4194651
4360836
4555183
4367554
4138230
4316528
4233192
4091861
4176845
4395840
4363085
4367554
4074820
4270665
4085237
4160921
4176817
4511996
4359799
4063638
4448489
4168085
4332971
4474456
4369459
4205195
3994933
4071637
4214078
4228492
4161563
4083781
4057156
4270300
4109997
4130417
4073136
4353269
4141621
4238147
4387140
4217367
4181612
4330123
4249449
4046843
4559405
4288205
4277392
4065577
4123290
4422789
3993640
4500047
4298409
4357979
4235594
4047231
4170695
4292972
4280067
4201493
4224292
4198037
4279827
4033011
4161374
4092978
4008548
4213211
4381611
4126893
4117966
3895345
3883109
4430322
4067785
4139772
4247868
4250846
4343646
4125915
4205308
4096388
4060071
4259858
4234518
4010913
4015791
4228631
4115809
4232055
4054977
4058281
3947004
4248381
4065577
4348072
4162362
4363281
4182074
4176256
4138230
4459821
4518020
4274482
4065577
4115746
4069693
4214698
4054681
4244826
4186686
4067123
4108848
4345900
4240820
4160952
4183427
4006099
4161563
4366720
4341553
4054160
4288808
4274374
4202985
4409821
4091444
4232221
4344332
4184233
4197078
4150000
4244826
3933958
4380878
4064998
4612689
4189088
4054160
4184806
4115746
4060071
3928041
3822580
4062428
3971108
4261507
3927895
4027809
4137753
4118882
4118882
4041877
4297785
4119877
4419958
4244826
4180253
3883008
4135464
4547702
4419961
4532748
4126893
4296423
4002895
4126791
4123290
4109997
4247796
3830777
4255778
4150530
4280324
4109588
4312456
4267911
4205195
4025016
4145819
4055043
4015791
4156601
4228631
4232985
4233624
3902083
4171980
4152555
4054681
4143379
4433159
4162861
4075272
4316528
4047179
4081114
3968597
4135508
4250006
3922501
4138042
4115809
3933366
4221252
4015791
3989169
4359946
4069693
4225722
3954430
4341767
4214362
4139260
4224292
4459821
4206153
4115809
3928041
3923548
4344287
4437789
4135508
4118882
4054681
4250012
4069749
4020914
4126859
4204299
4348072
4421179
4228165
4439822
3922512
4221829
3911004
4214505
4055009
4115849
3982310
3971776
4443528
3923548
4096727
4213158
4241118
4139772
4152555
4073136
4247796
3963372
4417941
3938541
4152555
4176256
4277392
3990259
4359661
4150530
4367143
4134669
4198037
4250006
4356366
4306196
4029923
4060052
4055043
4314208
4256513
4343034
4479938
4140563
4073136
4204031
4096727
4068527
4085237
4056381
3971776
4397470
4118882
4170695
4221772
3928041
3993640
3953565
4211053
4139260
4200275
4184806
4250012
4228335
4227086
4255778
4043242
4056381
3923548
4072578
4301418
4115849
4407901
4278568
4317680
4326248
4213921
4300912
3923325
4043242
3994880
4257547
4057156
4342760
4409821
4060052
4204438
4202269
4456001
4023096
3945728
4512978
4465731
4274955
4276878
4213158
3923325
4234557
4015791
4100396
4376105
4069276
4419745
4200048
4189131
4264433
4298409
4311280
4180253
4235594
4037565
4127895
3968597
4257106
3961580
4115403
3883109
4041877
4033011
4171980
4133892
4427506
4071637
4241123
4184168
4047179
4363571
4237915
4131809
4372269
4183427
4295882
4302374
4161563
4080188
4021626
4391154
3888121
4115951
3949273
4029923
4115403
4213381
4357962
4063638
4317927
4232055
4127895
4269530
4104415
3993640
3962270
4163968
4008548
4060052
4104047
4280800
3886741
4227086
4108848
4021626
4217367
3989169
4217367
4164596
4203180
4375038
4174817
4064998
4116710
4137361
4219612
4141397
4135464
4029923
4226692
4127141
4071637
4140563
4078627
4141276
4127141
4125915
3933358
3994933
4234097
4141276
4127689
4096727
3994880
4001127
4096388
4078644
3922501
4123750
4125915
3995403
4324354
3930178
4150524
3940798
4269874
4117966
3911004
4427506
4272194
3947047
4076701
4050255
4213381
3992139
4163135
4211396
4001127
4285128
4217202
4115403
4083916
4226692
4131007
4176256
3947004
4233506
4264433
4073136
4041877
4269874
4762825
4135464
4183427
4201493
4055195
4184806
4205308
4091861
4116613
4397347
3949273
4166692
4386740
4049918
4021626
4160952
4115746
4407185
3995403
4072578
4055195
4128064
4170695
4310891
4076502
4139772
4147906
4164596
4192478
4357054
4532312
4119877
4009687
4313026
4359661
3953565
4322935
3927895
4183427
4314205
3885595
4200787
4021626
4280515
3930178
4359946
4319354
4126791
4058281
4238876
4060052
4127689
4150530
4287292
4205308
4150530
4032617
4234518
4141621
4241799
4135464
4126893
4150000
4250012
4243517
4151108
4128776
4188094
4067123
4269530
4006099
4166692
4127475
4091444
4232221
3895345
4271749
3933366
4171980
4174817
4361450
4161374
4085672
3940898
4241123
4238105
4126893
3885595
4141276
4290142
4274955
4041877
3885595
3936078
4326420
4345414
4055043
4137753
4232624
4156601
4067123
4352009
4032617
4080188
4067123
3923548
4109588
4115951
4139345
3963578
3907333
4020914
4163135
4283080
4163614
4257547
4069693
4326420
4073136
4067785
4085975
4131809
4131809
4185156
4200048
4256407
3785148
4134669
3982310
4011202
4130230
4183427
4238147
4126267
4010913
4046843
4361618
4043242
4141276
4143979
4311280
4242457
4277895
4083916
4465731
4372269
3963733
4271749
4127475
3954430
4100396
4121421
4234557
4064998
4232985
4307966
4545096
4078644
3947047
4279827
4070594
4071637
4205195
4336764
4063638
3922512
4200787
3822580
4314809
4279707
4126893
4234518
4063638
4701409
4011202
4518020
4105228
4343646
4047179
4359946
4040012
4176483
4021626
3906346
4104047
3982429
4121421
4271749
4228839
4343213
4430969
4346924
3940798
4047179
4115951
4149794
4092978
4217461
4466318
4444440
4309139
4029923
4049918
4028583
4200275
4122467
4137361
4232055
3803284
4240820
3963372
4382963
3930178
4211396
4115849
4057568
3953565
3953565
3947004
4184168
4139260
4072578
4214698
4162227
4228839
4037565
4001127
4218256
4116710
4232502
4020914
4234557
4205195
4341767
4108848
4139345
4087723
4510869
4182074
4187511
3997152
4023096
4317162
4080996
4116710
4092978
4288205
4237118
4459821
4068527
4100396
4115951
4152690
4555393
4011202
4160921
4239046
4126791
4064998
3945728
4091444
4104415
4338312
4436673
4190208
4127689
4001127
4067123
4192478
4142827
4127689
4184233
4187511
4232502
4134675
4133892
4185156
4250012
4006099
4150524
4288778
4228165
4161374
4135464
4274482
4050255
3883008
4221252
4134675
4280800
4220275
4140563
4214078
4087723
4183132
4268924
4326095
3961580
4274139
4158953
4272194
4302627
4078627
4205195
4087723
3982429
4054977
4647134
4192478
4263635
4126859
3982310
4108848
3886741
3971776
3954430
3911004
4196076
4224725
3824836
4205308
4247868
4359075
4171980
4276878
4128064
4302374
4163968
3824836
4076502
4290142
4330123
4150530
4006099
4142827
4326420
4115849
3933958
4234518
4083781
4115849
3911004
4023096
4367143
4091444
4256513
3830777
4100396
4248381
4270665
4272194
4274226
4317927
4150524
4122467
4091444
4384093
4347366
4224725
4085975
4456001
4121421
3785148
3989169
4277873
3940898
4009687
4238876
4047179
4054160
4474456
3940898
3940798
4091308
4237985
4296423
4228165
3995847
4009687
4100396
4063638
4130236
4364390
4141621
4065577
4005973
4055009
3883109
4058281
4233624
3922512
4249449
4064352
4335832
4021626
4201493
4032617
4176256
4176475
4241012
4152690
4083781
4200275
3930178
4140563
4144265
4228631
3961580
4156601
4213381
4037565
4010913
4290530
4069276
4163135
4002895
4385597
4164596
3947507
3803284
3888121
4280800
4323496
4357962
4314208
4068527
4226692
3936078
4127689
4364857
4130837
4134675
4143379
4279827
3997740
3990259
3971776
4176475
4084756
4127475
3963578
4213319
3883109
3995403
4162362
4436815
4085237
4280324
4590453
4054977
3982429
3885054
3963733
3883008
4202269
4074820
4127141
4049918
4182074
4217202
4658258
4085237
4277392
4025016
4594762
4397555
4076701
4107330
4137753
4184168
4063638
3990259
4104415
4084756
4256511
3947004
4203180
4201810
4203180
4279707
3940798
4056381
4140563
4126791
4341241
3982310
4150524
3933366
4405021
3906346
4358427
4037565
4353272
4040012
4462677
4256513
4187049
3989169
4104047
3994880
4127141
4259236
3940798
4122467
3982429
4142427
4047179
4185156
4296423
3997152
4107330
4009687
4142427
4138230
3785148
4096388
4021626
4134675
4347520
4217202
3927895
4060071
4353839
3982429
4285910
4465731
4187049
4068402
4187511
3907333
4158953
4201493
4336764
3933958
4237915
4241799
4028583
4399477
4149794
3886741
4068402
4108848
4081114
3902083
4009687
3911004
4141621
4062428
3885054
4075272
3936078
4392830
4076502
3803284
3888121
4122467
4032617
4046843
4285910
4201810
3907333
4653484
4123290
4100396
4361450
4087723
4096388
3822209
4127895
4070594
4130230
4264433
3930178
4189131
4290142
4047231
4287518
4060052
4116613
4166692
4477909
4050255
4226418
3992139
4228335
4196076
4127689
4204299
4288778
4092978
4028583
3982429
4046843
4215871
4143974
3933366
4130837
3830777
4176817
4204299
4111155
4047231
3936078
4245326
3933958
4005973
4069749
4023096
4300912
4116613
4055009
4127475
4108848
4087723
3885595
3922501
4131809
4237118
4143379
4091308
4228335
4023096
4069693
3949273
4234557
4068527
4232221
4217461
4010913
3982429
3997740
4221829
4238105
4023096
4201810
4134675
4117966
3963733
4128064
4257106
4279707
3995847
4115951
3971108
3911004
3992139
4217461
4199798
4152555
4055043
4078627
4287518
4130837
3971108
4096388
4300677
4215871
4213381
3729412
4070594
4131809
4141276
4130837
4126267
4096388
4055009
4083781
3907333
4216870
4343646
4258538
3830777
4243517
4069693
4295882
4151108
4027809
4224292
4202985
4037565
4440642
4267911
4211053
4283080
4032617
4143974
4143974
4002895
4040201
4080996
4314809
3933358
4285128
3982310
4163968
4336764
4139772
4050255
4054977
4538493
4336163
4163614
4417941
3994933
4091861
3990259
4142827
4488990
4064998
4176845
4065577
4063638
4055195
4091308
4115951
4194651
4343213
4119877
3886741
4271749
4427506
4204299
4151108
3995847
3928041
3822209
4156601
4043242
3907333
4263635
4343646
4261507
4100396
3822209
4057156
4141397
4147906
3996545
4083916
4064352
4200787
4123750
4054160
4123290
4032617
4040201
4206153
4190879
4203180
4130230
4229753
4352009
3982310
3927895
3936078
4200048
3971776
4354036
4214078
4324766
4269530
4274226
4384093
4176475
3922512
4005973
3961580
3885595
4228165
4163135
4277392
4140563
4021626
3963578
4571339
3922512
4220275
4209802
4343213
3949273
4317162
4187511
4232985
4245326
4156601
4232502
4283080
3906346
4386740
4023096
4041877
3954273
4055009
4008548
4091861
4096388
4069276
4064352
4240820
4127475
3963372
4130417
4109997
4122467
4363281
4375339
4168085
4074820
4280800
4724809
4163614
4227086
4143974
4123750
4261044
4408701
4317680
4227086
4075272
4050255
4204031
4317680
4214078
4111155
4221772
4058281
4109588
4296423
4131809
4396610
4104047
4111155
4390204
4171980
4015791
4073136
4072578
3947507
4322935
4064352
4323492
3968597
4011202
4115403
4363281
4121421
3981675
4232624
4150530
3930178
4180224
4067123
4041877
4317680
3968597
4199798
4091861
4070594
4274374
3785148
4135464
4127689
4228839
3888121
4361450
4426080
4104415
4128064
4233637
4241123
4215871
4138230
4069749
4076701
4008548
4238199
4232985
4141621
4163614
4027809
4316401
4192478
4309139
4387140
4189131
4213211
4060052
4085672
4162861
3995847
4133788
4064998
4128776
4234097
4092978
4246647
3949273
4277392
4130417
4054160
4290142
3997152
4277392
4028583
4143974
4138230
4233699
3923548
4150000
3933958
4126859
4230023
4025016
4080188
3933358
4137753
4118882
3954273
3963578
4161374
3824836
4138042
4415057
4248381
4323496
4119877
4074820
4064352
4025016
4072578
4161374
4212204
4085975
4423391
4041877
3963578
4375038
4381639
4163135
3995403
3927895
4356366
4126859
4300677
4137361
4374338
4342760
4068402
4245326
4214078
4417941
4217367
4174817
4131007
4060071
4084756
4067123
3938541
4147906
4011202
4127141
4276878
4270665
4046843
4084756
4479251
4002895
3947507
3906346
4142647
4145819
4140563
4123290
4100396
3945728
4311097
3945728
3963733
4455777
4104415
4009687
4238147
4068527
4105228
4176475
4326095
3947004
4084756
4135508
4033011
4360327
3995847
3954430
4425480
4040201
4201493
4083781
4080188
3830777
4139345
4076701
4211053
4146108
4076502
4240820
4209802
4091444
3923548
4137361
3992139
4228335
4054681
4244404
4213921
4060071
4176845
4087723
3968797
4199798
4163135
4345414
3945728
4336163
4245326
4127475
3885054
4228492
4015791
4540594
4020914
4232221
4078627
3933366
4265333
4119877
4092978
4078644
3922501
4047179
4096388
4219612
4049918
4401503
4126893
4091861
4122467
4203180
4096727
4107330
4144265
4060071
3933358
4264433
4154745
4046843
4085237
3949273
4188094
3949273
4040201
4100396
3994933
4127895
4081114
4055043
4347366
4126267
4270300
4128776
3940898
4274226
3933358
4091444
4200275
4054977
4392771
4232221
3954430
4000759
4243517
4185156
4006099
4139260
4145819
4138042
4500500
4046843
4158953
4109588
4137361
4137753
4176256
4162362
4142427
4257865
4219612
4221772
4162227
4328440
4143974
4241118
4239046
4302080
4111155
3953565
3968597
4010913
3963372
3945728
4092978
4127895
4198037
4126859
3922501
3785148
3830777
3824836
4131007
4056381
3989169
4259583
4341553
4168085
3981675
4134675
4211053
4238876
4359661
4115746
4128064
4146108
4133892
4347520
4163135
3947507
4261044
3933366
4040201
3961580
4064998
4180224
4051868
3927895
4142827
4274226
4444252
4189131
3947004
4005973
4392771
3822580
4184806
4213319
4046843
4123750
4274226
4226692
4302080
3902083
4218256
4168085
4466401
4502605
4104302
3822580
4176483
3883008
4069749
3803284
4043242
4085975
4185156
4140563
3947004
4176483
4509167
4221829
4348072
3996545
4217461
4096727
4008548
4134669
4237118
4096388
4256407
4067785
4457386
3824836
4126267
4111155
4183427
4226692
4068402
4069276
4413510
4314208
4057568
4192478
4277262
3994880
4460457
4096727
4214362
4119877
4127689
3940798
3940798
4270300
3938541
4147906
4008548
4151108
4150000
3888121
4201810
4055195
4170695
4599076
4107330
4241123
4141621
4076502
4023096
4166692
3830777
4057156
3938541
4000759
4312456
4141276
4143379
4312456
4274955
4111155
3995403
3989169
4163968
4078644
3954430
4009687
4135464
4025016
3981675
4461927
4080188
4070594
4353269
4070594
4209802
4247868
4083916
4218256
4181612
4054977
4150524
4356366
4105228
4104302
4122467
4187511
4397347
3997740
4033011
4085672
4386510
3945728
3963372
4269530
4171980
4068402
4055195
4202269
3930178
4139345
4069749
4092978
4104047
4190879
4423391
4425480
4431065
4006099
4359799
4055195
4187049
4152690
4422789
4134669
4229753
4051868
4209802
4128776
3981675
4183132
3992139
4353269
3933958
4116613
4023096
3822580
4194651
3963372
4163968
3945728
4143979
4055009
4127141
3883008
4219612
4166692
3729412
4166692
4096388
4237915
3945728
4274139
4108848
4150875
4104415
4025016
3954273
4427379
4257865
4217367
4069276
4219684
4142427
4217461
4336779
4132127
4058281
4278915
4058281
4023096
4401967
4081114
4092978
3927895
4277262
4137753
4046843
4463306
4201493
4162362
4080996
3996545
4143979
4144265
3930178
4109588
4055195
3933358
4020914
4091444
3830777
4199798
4485165
4071637
3933366
4285910
4068527
4324766
4261507
4134675
4386027
4115809
4060071
4091861
4204031
4188094
4147906
4070594
4152555
4279827
4356366
4057156
4085672
4232624
4070594
4040201
4070594
4176845
4353839
4062428
4363571
4028583
4420113
4008548
4005973
4091308
4050255
4249449
4051868
4096388
4118882
4360327
3933358
4382963
4202269
4357979
4283080
4142427
4040012
4020914
4119877
4084756
4096727
4060052
3968797
4000759
4544025
4010913
4139260
4572486
3883008
4115809
4202269
4162861
3968797
4265333
4192478
3947507
4050255
4104302
4000759
4060052
4051868
4054977
4065577
3785148
4023096
3885054
4001127
4043242
4067123
4051868
4121421
4121421
4117966
4141276
4144265
4006099
4130230
4085672
4080188
4221829
4201493
4069276
3963733
3888121
3933366
4330123
4419745
4247796
4122467
3981675
4055195
4228165
4144265
4290530
3971108
3963372
4238876
4436673
4078644
4073136
3936078
4075272
4051868
4009687
4011202
4161563
4085237
4344287
3922501
3830777
4190879
4150530
4137361
4020914
4133788
4214698
4144265
4185156
4298409
4011202
4040201
4126859
4230023
4183132
4040201
3824836
4269530
4182074
4336163
3954273
4204299
3961580
4221829
3895345
4376105
4069276
4070594
4247868
4131809
4062428
4085975
4056381
4140563
4080996
4009687
4055195
4047231
4363085
4054977
4141397
4104415
3982310
4076701
3822209
4057568
4032617
4182074
4468299
4299044
4121421
4217367
4217367
4058281
4205308
4328973
4051868
4274374
4307966
4060052
4130230
4571967
4160952
4071637
3824836
4318843
4162362
4054977
4308559
3906346
4072578
4057156
3997152
4263767
4117966
4359946
3883109
3907333
4233699
4115951
4050255
4446708
4200787
4075272
4332971
4310891
3968797
4011202
3947004
4234518
4324354
4081114
4156601
4245326
4234518
4241012
3940898
4054160
4040012
4158962
4338312
4037565
4163135
3995403
4100396
4051868
3947047
3990259
4142647
3996545
4139260
4189088
4055043
3938541
4126791
4214078
4456001
4237985
3940898
4067785
4060071
4080188
4163135
4272194
4133788
4192478
4081114
4107330
4190208
4060052
3993640
4028583
4104302
4263767
4259583
4181612
3971776
4135464
4076502
3936078
3940898
4123290
4571339
4277262
4114779
4364360
4135508
4109588
3906346
4196076
4085672
3997152
3885595
4126791
3981675
4067785
4272194
3911004
4025016
4146108
4117966
4064352
4183427
3945728
4232985
4242457
4069693
4069276
4190208
4126859
3996545
4080996
3994880
4162227
4115809
3940798
4168085
4070594
4076502
3981675
3824836
4226692
4130230
4194651
4356366
4111155
4415216
4127689
4375339
4271419
4200048
3824836
4000759
4085672
3883109
4115746
4143379
4115746
4158962
4084756
4006099
4535560
3994933
4166692
4119877
4072578
4109588
4037565
4008548
4221252
4411773
4006099
4182074
4146108
3997740
3982429
3930178
3923548
4146108
4126893
3997152
4270665
4126791
4375339
4142647
4183132
4176845
4277895
4127475
4058281
4138042
4126267
4049918
4058281
3933358
3990259
4027809
4100396
4115951
4080996
4115849
4227086
3963372
4058281
4162362
4168085
4154745
4134669
4376105
4085237
4211396
4320662
4199798
4142427
4241012
4201810
4213921
4330123
4130417
4232624
4040012
4248381
4217461
4436683
3885595
3996545
4213921
4130230
4181612
4123290
4047231
4277262
3947507
4347366
4152555
4141397
4171980
4160921
4145819
3949273
4206153
4027809
4051868
4055009
4168085
4234518
4104047
4211053
4412860
3947047
3895345
4150530
4073136
4585891
4150524
4357962
4405021
4020914
4081114
4211396
4028583
4131809
4115809
4292972
3885054
4060071
4421179
4050255
3923325
3927895
4119877
4487139
3902083
4060052
4258538
4083781
4199798
4083916
4152555
3968797
4278915
3940798
4025016
4115403
4080996
3822209
3953565
4126893
4040012
3902083
4141397
4063638
4163968
4160921
4284674
4237118
4162243
4075272
4200275
3961580
3907333
4200275
4309139
4115403
4141397
4028583
3885595
4138230
3995847
4116710
4064998
4032617
4345900
4115809
4150000
4152555
4296925
3940898
4274482
4078627
3981675
4104302
4311280
4118882
4006099
4130236
4233637
3995403
4056381
4141397
4104415
3922512
3933958
4060052
4497593
4083916
4126267
3997740
4104047
3906346
3902083
4140563
4250846
4329748
4119877
4316528
4152555
4104302
4224725
4064352
4247796
4029923
4060052
4140563
4404314
3923548
4202985
4431223
3923548
4114779
4200787
4029923
4126859
4115849
4188094
4111155
4127895
4068402
4131809
4078644
4091861
3997740
4184806
4152690
4091444
4131007
4121421
4256511
4391755
4009687
4532748
4369459
4149794
3888121
3954430
4244826
4115849
4156601
3885054
4194651
3729412
4115746
4002895
4116710
3993640
3907333
4033011
4002895
3994933
4109997
4054681
4080188
4085672
4325331
3971776
4128776
4635043
4247868
4277895
4161563
3992139
4176483
4367143
4056381
3902083
4391755
4199798
3992139
3888121
4346924
3971776
4141276
4214505
4243517
3993640
3922512
4221772
4043242
4163614
4204438
4186686
4055195
4143979
4244826
4341553
4068402
3947004
4072578
4354036
4046843
4009687
4074820
3994880
4221772
4183132
4244404
3961580
3994880
4141621
4115809
3906346
3886741
4360836
3911004
4150875
4288808
4265333
4027809
4055043
4141621
4002895
4047231
4135464
4257106
4140563
4248381
4143379
4161374
4028583
4241123
4154745
3997740
4269530
4046843
4080188
3995847
4085975
4060052
4085237
3968597
3971776
4197700
3928041
4158962
4163968
4011202
4348226
4055009
4076701
4115849
4161563
3997740
3886741
4158953
4150524
3822580
4242457
4122467
4246647
4164596
3997740
4221772
4233192
4162362
3995847
4176845
4176475
4162861
4181612
4051868
4272994
4055009
4183427
4032617
4130417
4067785
4060071
4295882
4096388
4274139
3906346
4176845
3968597
4033011
3993640
4142647
4134669
3785148
3895345
4051868
4285128
3954430
4278915
4041877
3963733
4047231
4040012
4050255
3961580
4158953
4436815
4184806
3824836
3963733
4006099
3996545
4228335
4241012
4040201
4033011
3968797
3994880
4008548
4347366
3938541
4142827
4021626
4104047
4256513
4047231
4247796
4108848
3785148
4314205
4150524
3902083
4270665
4257106
4246647
4002895
4176483
4151108
4152555
3922501
3994880
4180224
3907333
4183427
4228631
4067123
4037565
3990259
3936078
3995847
4115403
3930178
4069276
3785148
4057568
4404314
4078644
4139260
4057568
4163614
4008548
4127689
4228631
4144265
4158962
3963372
4063638
4296925
4233506
3947047
4437791
4250846
4084756
4713038
3947047
4107330
4051868
4139260
4054160
4041877
4161374
3933366
4361450
4115951
4072578
4065577
4123750
4069693
4058281
3968797
4288969
4240820
4184168
4186686
4037565
4028583
4072578
4062428
4232985
3940898
3962270
4152555
4232985
4141621
4317162
4060071
4054160
4117966
4051868
3933958
4204299
4067123
4416412
3992139
3982310
4399477
4232055
4204299
4441508
4125915
4054681
4096727
4190208
4176475
4068527
4481984
4068527
4080188
4460457
4128776
4198037
4104302
4228839
4073136
4051868
4025016
4049918
4187049
4121421
3953565
4096727
4085975
4069749
4091861
4215871
4270300
4448097
4064352
4064998
4147906
3997740
4028583
4300912
3947507
4069276
3883109
4032617
3968597
4128776
4046843
3963578
4049918
3949273
4064352
4051868
4139772
4152690
4104047
4194651
4062428
4150875
3928041
4176475
4078627
4182074
4280515
4028583
4140563
4141276
4083781
4078627
4203180
4143979
4109997
3785148
4115403
4109997
3981675
3963578
4336764
3997740
3824836
4080188
3961580
3830777
4015791
4109997
4271749
3886741
4037565
4457386
3954273
4068402
3911004
4055009
4147906
4009687
4008548
4332971
4161374
4214698
4139260
4180224
4050255
4006099
3954430
3888121
4247868
4271749
4071637
4015791
4201810
4161374
4096727
4081114
4287518
4278915
4278915
4190208
3922512
3963733
4130236
4040012
4040012
4078627
3993640
4578726
4211396
4116710
4070594
4387140
4280800
4109588
4123750
3971108
4130236
4423391
4021626
3995847
4117966
4194651
3902083
4233624
4115403
4060071
3902083
4126859
3963372
4126893
4078627
4384093
4233637
4219394
4238876
3971108
4085672
4071637
4140563
4140563
3922512
4025016
4123290
4023096
4163135
4237915
4187511
3997740
4144265
4041877
4182074
4078627
4227086
4160921
3990259
4276878
4205195
4213211
3922501
4382963
4126893
4224292
4211053
3968797
4259236
4313026
4055009
4212204
4213921
4347366
4344308
4183427
4276878
3822209
3936078
4160952
3994880
4091308
4104415
4250846
4344149
4228492
4071637
4221829
4040012
4107330
4051868
3940898
4271749
3886741
4492149
4067785
4336163
4140563
4213158
4532312
4325331
3824836
3945728
4265333
3940898
4032617
4344001
4133892
4201810
4146108
4366720
3885054
3982429
3971108
4080188
3997152
4078644
4343646
4072578
4109588
4163614
4081114
4050255
4130837
4065577
4241123
4219684
3971108
4272994
4115951
4060071
3940898
4200048
4171980
4300912
4151108
4134675
4116710
4123750
3930178
4011202
4115849
4138042
3822580
4132127
4078627
4132127
3997740
4021626
4232624
4262544
4162227
4989968
3933366
4144265
4025016
4115809
4232502
3963578
4344332
4158962
4221772
3963733
4245326
4425480
4108848
4149794
4374338
4162861
4040201
3895345
4107330
4078627
4269530
4096388
4234097
4001127
4211879
4206153
4051868
4091861
3954430
4056381
4141276
4184806
4069276
4176475
4033011
4028583
4201493
4352009
4139772
3824836
4116710
4119877
4158953
4460457
3885595
4054977
4188094
4204438
4141397
4058281
4404219
4228335
4430969
4489100
4154745
4122467
3822209
4025016
4253743
3962270
4306196
4176256
4158953
4176475
3996545
4335832
3785148
4302627
4161563
4415858
3997740
4067785
4109997
4068402
4062428
4138042
4277392
4020914
4058281
4123290
4228631
3994933
4056381
4138042
4265333
4176483
4256407
4274482
4247796
4069749
4067123
4028583
4020914
4214362
3895345
4217202
3895345
3990259
3936078
4324354
4158953
3981675
4041877
4149794
3997740
4118882
4268924
4116710
3902083
4385770
3895345
4256511
4096727
4263767
4080188
4104047
4064998
4218256
4234557
4201493
3729412
4243517
4259583
4202269
4015791
3995403
4216870
4250012
4131007
4184233
4300677
4028583
3954430
4508007
4233699
4196076
4244404
4309139
4347520
4176817
4233637
3933366
4075272
4324655
3933958
3922501
4206153
4085237
4069693
4074820
4054977
3947507
4037565
3936078
4032617
4186686
3824836
3885595
4346924
3947047
4126267
4065577
4076502
4115951
4115849
3947047
4063638
3933958
4415057
4233506
4104047
4025016
4029923
4345414
4130837
4141621
3995403
4436815
4202985
4359799
4128064
4118882
3992139
3945728
3933358
3928041
4076502
3895345
4353839
4218171
4194651
4069693
3888121
4115951
4242457
4115849
4069693
3803284
4170695
4144265
3996545
4020914
4073136
3933366
4069693
4468817
3729412
4219684
4046843
3911004
4131007
4047231
4127141
4006099
4228631
4448097
4142647
4151108
4135464
4011202
4385597
3933366
4126893
4076701
4343847
4211396
4221772
4308559
4359799
3938541
4297785
4057568
4020914
4057568
3930178
4171980
3886741
4184168
3930178
4025016
4023096
3996545
3822580
4064352
3933358
4162243
4237118
4130230
4137753
4265198
4083781
3895345
3947507
4314208
4228839
4158962
3962270
4143974
4116710
4307768
4516690
3997740
4214362
4466117
3923325
4115403
4189088
4126893
4083916
4324655
3927895
4143974
3936078
4001127
4217461
4105228
4228165
3971108
4257547
3963372
4240820
3968797
4104047
4425480
3885054
4152690
4232624
4277873
4213921
4232502
4127141
4130417
3963733
3830777
4206153
4127475
3923548
4328973
3968597
4085672
4130230
4015791
4189088
4083781
4064352
4203180
4192478
4279707
4204438
4221252
4336764
4069693
4128776
4364390
4037565
4069276
4126267
4135464
3968797
4126267
4027809
3933366
4156601
4055043
4051868
4049918
3907333
4105228
4051868
4009687
4388726
4176475
4235594
4051868
4028583
4043242
4314205
4238199
4277392
3968597
4040012
4091444
4392077
4078627
4350099
4020914
4125915
4006099
4020914
4142427
3729412
3938541
3938541
4040201
4005973
4105228
4130837
4233192
4477909
3989169
4141276
4314208
4301418
4300912
4360836
4123290
4232502
3997152
3938541
4134675
4134669
4133788
4184168
4043242
3885595
4080188
4080996
3830777
4162227
3888121
4043242
4058281
4247796
4224292
3953565
4027809
4008548
4141397
3923548
4072578
4069693
4168085
4280067
4229753
4147906
4753351
4171980
4317680
4336764
4213158
4150000
4251370
4130230
4047231
3922512
4142427
4138042
4041877
3885054
4184233
4211053
4475749
4330123
3995847
4248381
4127895
4211879
4121421
4250006
4043242
3989169
4083916
4069749
4269874
4265198
4123750
3922512
4049918
4128776
3886741
4257106
4109588
4354036
4002895
4047179
4416412
4314205
3990259
4240820
4041877
4299044
4285910
3963578
3940798
4244404
4200787
4357962
4020914
3993640
4126859
3886741
4359799
3990259
4032617
4043242
4149794
4226418
3822209
4001127
4055009
3922501
4143979
4214505
3945728
4069693
4083781
3822580
4131007
4069749
4185156
4253743
4100396
4080996
3933366
4199798
4233637
4176845
4096727
4156601
4288205
4228492
4277873
4123750
4143979
4001127
4141397
3936078
3933366
4163614
4180253
4127689
4213381
3803284
4137361
4272194
3997152
4342760
3995847
4081114
4078644
3922501
4068527
4386027
4057568
4508523
4161374
4183427
4130236
3933958
4492149
4274482
3947507
4468077
3962270
4199798
4161374
4170695
3947507
4202269
3938541
4232055
4092978
3947004
4213921
4081114
4105228
4257865
4122467
4250012
4280515
3933958
4182074
4150524
4199798
4084756
4072578
4115809
4084756
4152555
3971776
4029923
4238147
3927895
4005973
4280324
3729412
4514806
4121421
3971108
4311280
4162362
4040201
4307768
4027809
4176845
4163135
4139772
3803284
4244404
4162227
3885054
4100396
3945728
3968597
4299735
3933358
3968597
4141397
4076701
3982310
4117966
4002895
4054160
4109997
3953565
4130837
3971776
4021626
3940898
4139345
4043242
4228631
4076502
3906346
4047179
4145819
4356366
4212204
4233192
4040012
4055009
4180253
4001127
4040012
4237985
3906346
4105228
4021626
3982429
3954430
4080188
3822580
4241012
4162243
4054160
4194651
4072578
4142427
3996545
4202269
3886741
4135464
4114779
4310891
4213319
4466117
4109588
4353269
4412860
4085672
4116710
4152555
4049918
3997152
4126859
4126859
4083781
4050255
4118882
4064352
4199798
4287292
3885054
4047179
4360327
3922501
3954430
4069693
4221772
4001127
3885595
3947047
3922512
4033011
3982429
4257106
4176483
4189131
4218256
3947004
4047179
4081114
4262850
4297785
4241123
3922512
4064998
4002895
4257547
4326095
4181612
3933366
3994933
3933958
4261507
4068402
4029923
4225722
4041877
4176256
4375038
4080996
4158962
4285128
4096727
4062428
4392077
3954430
4176475
3954430
4344287
4303150
3963733
4033011
4091861
3907333
4350099
3982310
4145819
3936078
4354036
4109588
4251370
4109588
4057156
4163614
4122467
3824836
3989169
4011202
4324354
4114779
4219394
4056381
4130837
4353269
3902083
4056381
4083916
3729412
3922512
4198037
4075272
4288808
4085237
4025016
4076701
4067123
3885595
4131809
4213319
4050255
4130230
4264433
4118882
4126791
4139260
4085672
3992139
4213319
3963578
4104302
4135508
4176817
4058281
3785148
3927895
3990259
4256407
4009687
3922512
4084756
4115849
3997740
4104415
4608052
4060052
4265198
3927895
4302627
4415216
4130417
4272994
4135508
4142427
4202985
4218171
4256513
4138230
3888121
4212204
3992139
4060052
4202985
3907333
3961580
4104415
4055009
4037565
4096727
4244404
3923548
3883109
4285910
3883008
4216870
4091444
4234097
4121421
4111155
3895345
4040201
4323492
3902083
4142827
3938541
4176483
4244404
4001127
3822209
4096727
3954430
4166692
4054977
4141276
4109588
4047231
3923325
4182074
4064352
4251370
3928041
3922501
4176817
3982310
3938541
4244404
4213921
4189088
4249449
3981675
4146108
3947047
4000759
4122467
4288808
4062428
3888121
4032617
3982429
4104415
3940798
4073136
4288969
4188094
4524345
4342760
4255778
4069276
3729412
3928041
3996545
4068402
4176845
3949273
4111155
4085975
4005973
3963578
3883008
4343847
4139345
4428635
4420113
4067123
3922501
4091308
4213158
4015791
4002895
4302627
4128776
4015791
4073136
3993640
4009687
4127895
4265333
4142647
4160952
4047179
3947004
4060052
3933958
4125915
4147906
4104415
4041877
4162362
3933366
4032617
4085237
4078627
3968597
4074820
4137753
4078627
4245326
4133892
4232624
3885595
4244826
3997740
4209802
4067785
4029923
3963372
4197078
4037565
4326420
4046843
4326248
4126859
4150875
4265333
3982429
4484891
3961580
4197078
4033011
4091861
4162243
4171980
4109588
4115746
4262850
3886741
3994933
4143979
4021626
3996545
3911004
4197078
3927895
4141276
4345202
4062428
3927895
4002895
4069693
3928041
4430322
4091444
4162362
4397555
3971108
4186686
4139772
4091861
4238147
4184168
4105228
4057568
4162243
4344287
4060052
4080188
4143379
3885054
3902083
3982310
4263635
4162243
3995847
4313026
4058281
4104415
4054681
4114779
4117966
4485165
4145819
4021626
3940898
4080996
4047231
3803284
3940898
3822209
3911004
4211396
4033011
4300677
4176256
3971108
4141397
3982429
3990259
4384758
4000759
4055043
4069693
3907333
4067123
4049918
4238147
4196076
4297785
4130417
3949273
3989169
4069693
4142647
4146108
4200787
4391154
4188094
4139260
3963733
4176845
3968597
4058281
4221829
3785148
4184168
4205308
3933358
3947507
4138230
4163614
4133892
4206153
4230023
4199798
4119877
4081114
4125915
4021626
4364390
4108848
3822580
4180253
4054160
3994880
4218171
4228165
4160952
4084756
4493466
4245326
3895345
4196076
4068527
4131007
3886741
4228839
4069749
4188094
4375038
4138230
4212204
4072578
4285128
4067123
4139345
4060071
4011202
4143379
4142827
3962270
4184233
3997152
4392830
4215871
4000759
4203180
4221829
4228839
4292972
4128776
4314208
4276878
4125915
3883008
4162227
4064352
4078627
4386027
4176845
3963372
4160952
4202985
3938541
4237985
4119877
4127689
3803284
4046843
4049918
4006099
3947004
4150000
4237985
4025016
3824836
4318843
3949273
4154745
3785148
4115746
4408701
4187511
4184806
4005973
4040012
4033011
3883008
3886741
4131007
4050255
4073136
4104047
4228335
3990259
3885054
4020914
4330123
4074820
4055043
4250012
4233637
4188094
4192478
4197078
4116613
4128776
4421179
4318843
3927895
4360836
4116710
4126267
4028583
4352009
4131809
3996545
3883109
4326420
4127689
4121421
4058281
4190879
4130837
4005973
4051868
3990259
4485165
3906346
3933366
3933366
4356366
4073136
4116710
4228631
4215871
4028583
4041877
3886741
4213921
4049918
4029923
4127895
4354036
4070594
4201493
4323496
4125915
4219684
3945728
4025016
4265333
4105228
4139772
4073136
3963372
3938541
4216870
4075272
4025016
4008548
4049918
4269530
4064352
4092978
3885595
3895345
4054681
4135464
4137361
3803284
4043242
3971108
4150000
4047231
4211396
4127689
4078627
4005973
4211879
4115951
4058281
4040201
4040201
4280067
3954273
3996545
4127475
4317927
4047231
4200787
4105228
4064352
3997740
4146108
4058281
4091444
4010913
4274374
3907333
4299044
4319354
4200787
4054977
4176483
3947004
4184806
3992139
4062428
3933358
4311097
4085237
4323496
4190879
4435157
4119877
4197078
3996545
4057156
4084756
4280800
4135508
4202269
4150875
3888121
4109588
4341767
3824836
4228492
4040012
4176475
3785148
3906346
4174817
4128064
4025016
4302080
3963733
4226418
4096727
4237985
4123750
4189131
4277895
4274374
4341553
3922512
4065577
4441050
4184806
4481399
4001127
4008548
4384093
4483655
4069749
4198037
3885054
4107330
4302374
3933358
4040012
4269874
4069749
4261507
4047179
3902083
3911004
3997152
3995403
4428305
4234557
4578726
4384758
3947047
3927895
4078627
4212204
4200275
4046843
4161563
4064998
4000759
3947047
4156601
4184168
4054160
4141397
4055043
3803284
4128064
4241012
4249449
4204299
4126791
4143379
4492717
4127689
4147906
4150530
4126791
4109588
4150000
4306196
4146108
4201810
3885595
4190208
4111155
3902083
4130837
4009687
3995403
4219612
4326248
4119877
4142647
3895345
3982310
4380411
4011202
4080996
4263767
3994933
3994880
4388765
4174817
4197700
4069749
4050255
3989169
4130837
4176256
4143974
4138230
4067123
4069749
4156601
4070594
4214078
4080996
4300677
4047179
4490320
4205308
3923325
4217367
4104047
4020914
3995847
3936078
4200787
4040012
4552190
4143974
4387140
4025016
3803284
4051868
3911004
3940798
4100396
4115746
3923325
4171980
4008548
3968797
4116710
3947004
4083916
4141276
4237915
4008548
4092978
3928041
4250846
4115951
4274482
3940898
4085975
4138042
3962270
3992139
3933958
3940798
3940798
4126859
4130837
3963578
4180224
3961580
3936078
4137361
4143974
3911004
3963733
4074820
4084756
4076502
4225722
3947047
3993640
4104302
3940898
4263635
4141397
4027809
3907333
3993640
4147906
3971776
3954273
3954430
4503673
4243517
4238147
4158962
3923325
3945728
4232985
4197078
4532748
4055043
4116613
3982429
4132127
4002895
4054160
3947047
4064352
3947047
4244826
4198037
4478730
4142427
3922512
3968797
4130236
4141276
4070594
4006099
3947507
4043242
4408701
4353269
4104047
4219684
4049918
4256407
4203180
4147906
4324766
4176483
4259583
4027809
4005973
3928041
4506670
3971776
4132127
4433014
3922512
4067123
4348226
4280515
4163968
4084756
4150524
4142647
4372269
3902083
4096388
4130230
4263767
3961580
4160952
4009687
4277895
4134669
3922501
4365991
3923325
3940798
4253743
4221252
4227086
3927895
4123750
4107330
3961580
4145819
4100396
4216870
4329748
4056381
4242457
4055043
4069276
3949273
3982310
4142427
4143979
4028583
4184168
4068402
4134669
4085975
4447968
3803284
3933366
4313399
4027809
4433159
4133892
3938541
4241799
4051868
3902083
3888121
3940898
4047231
3963578
4021626
3989169
3947047
3930178
4194651
3911004
3995847
4303150
4142647
4147906
4344332
4308559
4015791
4247796
4119877
4147906
3947507
4062428
4385770
4447968
3885054
4198037
4116613
4122467
3954430
4324655
4047179
3886741
4067123
4211396
3996545
4220275
4055009
4288808
4205308
3963578
3936078
3982310
4228839
4158953
3997740
3968597
4047179
4184233
3996545
4057568
4219394
4137753
4111155
4182074
4357962
4064998
4238105
4127141
3994880
4347366
4081114
4125915
4197700
3953565
4104047
4160921
4116613
4118882
4083781
3963578
4069276
4554558
4133788
4162861
4163614
4285910
4166692
3729412
4170695
4057568
4109588
4040201
4135464
4234097
3928041
4257106
4054160
4233699
4143979
4068527
4137753
4158953
3940798
4057568
4343213
3982429
3911004
3963372
4054977
4127895
4224292
4161374
3997152
4235594
4299044
4009687
3930178
4154745
4256513
4135464
3949273
4186686
4200787
3940898
4021626
4300912
4054681
4115403
3922501
4005973
4234518
4072578
4127689
4240820
4298409
4011202
4144265
4127689
4263767
3729412
4278568
4115403
4152555
4256511
4060071
4109997
4330123
4060071
4386510
4137361
3923548
4384093
3911004
3989169
4133892
4091308
4232502
4126267
4518032
4183427
4188094
4096388
3886741
4078627
3785148
4085237
4023096
4322935
3883109
4043242
3953565
3968597
4176817
4161563
3928041
4324354
4158962
4216870
4387140
4338923
3996545
4187511
4142427
3953565
4287518
4147906
4047179
4116710
4123750
4054977
4344001
4255096
4108848
3963733
4121421
4224292
4271419
4411773
4143974
4062428
3982310
4009687
3940798
4160921
4285910
4213319
3927895
4302627
4137753
4137361
4258538
4068402
4043242
4342760
4201810
3982310
4354036
4230023
4162861
4363281
4085672
4212204
4115951
4187049
4047231
4185156
4135508
3803284
4041877
3989169
4125915
4126267
4150000
4054160
4047179
4486567
4221772
4130230
4313373
3824836
3822209
4011202
4311097
4407901
4300912
4135464
3945728
4056381
4284674
4204438
4087723
4226692
4122467
4005973
4390204
4232985
4238876
3989169
4151108
4206153
4054160
4274139
3803284
3968597
4078627
4488527
4250012
4138042
4067785
3997152
4271749
4085975
4245326
4176817
4062428
3885054
3968797
4143979
4130837
4115746
4055009
3922512
4057568
3923325
4127141
4127895
4130417
4126859
4344332
4125915
3963733
4237915
3940898
3982429
4057156
4421179
3933358
4163968
4005973
4319354
4123750
4083781
4216870
4104047
4075272
4174817
4233192
3923548
4241118
4011202
4115849
4060071
4204438
4219394
4083916
4141276
4033011
4150530
4317680
4116613
4027809
4300677
4126893
3822580
4141276
4047179
4108848
3989169
4126893
4184168
3995403
3933958
4487264
4274955
4227086
4068402
3927895
4180253
3830777
4287292
3971108
4069276
4174817
4238199
4202269
3923325
4253743
4255096
4122467
4091861
4085237
4274139
4062428
4058281
4278568
4144265
3923325
4302080
3995403
4200787
4021626
3830777
4145819
3822209
4484066
4069693
4240820
4300677
4318843
4213921
4160952
4068527
4130236
4188094
4006099
3927895
4209802
3990259
4008548
3729412
3947004
3997740
4233506
4176475
4404314
4313026
4084756
3992139
3729412
4084756
4317927
3989169
4069276
4063638
4233637
4111155
4226692
3994880
4189088
4379649
4186686
3947004
3907333
4241012
4123750
3822209
4091861
4064998
3923325
4096388
4345414
4141397
3995403
4049918
4141621
4143974
3922512
4128776
4343034
3923548
4397555
4071637
3947004
4492850
4069749
4162861
4217367
3947004
4073136
4105228
4130236
3883109
3994933
3822580
3997740
3940898
3830777
4302627
4328440
4142827
4133892
3968797
3947004
4114779
3963578
4365991
4006099
3947004
4128776
3971108
4357054
3995403
3992139
4064352
4152555
3954430
3961580
4200048
4243517
4040012
3886741
4021626
4170695
4444440
4183132
3995403
4201493
4114779
4139772
4008548
3994933
3982310
4076502
4237915
4104302
3883008
4213319
4109997
3954273
4417941
4381611
4151108
3947004
3961580
4227086
4479251
4117966
4213211
4087723
3902083
3822580
4486567
4081114
4168085
4105228
4070594
4043242
4323496
4265198
3947047
4187511
4211879
4055195
4125915
4010913
4343646
4150530
4141276
4188094
3995847
4158953
4182074
4130230
3990259
3947004
4133788
4027809
4381639
4047179
4049918
3971108
4069276
3989169
4041877
4171980
4292972
3922501
4197700
3906346
4116613
4001127
4658258
4196076
4357979
4063638
3953565
4204438
3971776
4300912
4139345
4144265
3993640
3994933
4143379
3968597
4152690
4141621
4130230
4073136
4318843
3968597
3822209
4083781
4096727
4180253
4232055
4211879
4141397
4060071
4353839
4317162
4006099
3996545
4250012
3963578
3994880
4133788
3982310
4190208
4043242
3933358
3971108
4143974
4067123
4162243
4239046
4080188
4244404
4054681
4123290
3981675
4311097
4298409
4244404
4290142
4244826
4238199
4518020
3933958
3930178
3906346
4069276
4300912
4126893
3923548
3933366
3883109
4076502
4423391
3902083
4015791
4237915
4125915
3930178
4524345
4201493
3927895
3906346
4162861
3902083
4115849
4386510
4198037
4119877
4324655
4200275
4130417
4069693
4214505
4064352
3997152
3906346
4261044
3822580
4160952
4151108
3961580
4085672
4357054
4087723
4324655
3994933
4380383
4245326
4128776
4143979
3945728
3933958
4164596
4214078
4146108
4111155
4123290
4353653
4047179
4054160
4323492
4080188
4233637
4032617
4047179
3993640
3895345
3947047
4187049
4040201
4010913
4233506
3993640
4189088
4241799
4067785
4037565
3949273
3830777
4183427
4032617
4176845
4146108
4040012
4134675
4028583
3963372
4213211
3885595
4209802
4029923
4138230
4115403
3981675
4211879
3990259
4001127
3997152
3923548
3907333
4344001
4359946
3945728
4189131
3995847
4138230
4142827
4104415
3963372
4009687
4226418
4213381
3824836
4160921
4240820
3981675
4671111
4228165
3885595
3992139
3994933
3995403
4057568
4104302
4123750
4213211
3963578
3940898
4319464
4237915
3940798
3933958
4168085
4123290
4232985
3729412
4064998
3971108
3994880
4135464
4163614
4160921
4032617
4130236
4050255
4002895
4143979
3886741
4115809
4126893
3971776
3963372
4027809
4057568
4040012
3945728
4033011
4373407
4214362
4001127
4343034
4302374
4288205
3888121
3994933
4158962
3922512
4297785
4062428
3995847
4385770
4085672
4164596
4274139
4118882
4256513
4650284
3911004
3888121
3994880
4021626
4055043
4064998
4197078
4244404
4311097
4116710
4071637
3902083
4300677
4225722
4538493
4214505
4309139
4127689
4280067
4068402
3922501
4114779
4401503
4341553
3971776
3947047
4162362
4144265
3729412
4184168
4189088
4180224
4060071
4359661
4083781
4006099
4316528
4058281
4071637
3830777
4317162
3830777
4043242
4096727
3954273
4002895
4137753
4104047
4182074
4234097
3962270
3933358
4109588
4220275
4067785
4190208
4228165
4204299
4187511
4127689
3963578
4560455
4121421
3902083
4331998
4065577
4385770
3883008
3997152
4131809
4054681
4158962
3996545
3961580
4250012
4040012
4055195
4047231
4126267
3989169
3885054
4118882
4234097
3995847
4104415
3883008
3933366
4218256
4132127
4121421
3936078
3936078
3906346
4146108
4360327
4028583
4176817
4150530
4277873
3883109
4390204
4232985
4104415
4127475
4160952
3995403
3963578
4114779
3963578
4158953
4075272
4213319
4382963
3992139
3947047
4020914
4225722
4187049
4138042
3923325
4264433
4696555
3982429
4037565
3729412
4143974
4309139
4001127
4216870
3968797
3803284
4083781
4043242
3996545
3996545
4241123
3824836
4568975
4166692
4176845
4123290
4096388
4054977
4010913
4475749
4307966
3803284
4128776
4130236
4085237
3822580
3971776
4021626
4176475
4025016
4057568
3968597
4037565
4343646
4069276
4122467
4047231
4284674
4206153
4217367
4069276
3953565
4134669
4233624
4080188
3947004
4104047
4127475
3989169
4078644
4163968
4204299
4625921
4183427
4028583
4160952
4176256
4125915
4050255
4067785
3953565
4200275
4015791
4047179
4244404
4029923
4055009
4176256
4180224
4658738
4062428
3992139
3994933
4023096
4055009
4085237
4215871
4460457
3997152
4232221
3968597
3911004
4194651
4228492
4204031
4217202
4475749
4164596
4324766
4083781
3824836
3907333
4205308
4126791
3962270
4313026
4081114
4078644
3822580
4214505
4164596
4180253
4239046
4049918
3933958
3981675
4064998
3933366
3822209
4229753
4232985
4162227
4284674
4128776
4285128
4130417
3949273
4070594
3945728
4134669
4069276
4219684
3933366
3933366
4133788
4205308
3954430
4047231
4313399
3997152
3822580
4130837
4257547
4091444
4343213
4143974
3996545
3907333
3923325
4287292
4002895
4162227
3990259
4040012
4047231
3888121
3940798
4228839
4312456
3922512
4189131
4040012
4065577
4006099
4269874
4001127
3830777
4028583
4064998
3907333
4151108
4392487
4161563
3923325
3947004
3933958
4373407
4292972
4164596
4009687
4025016
3949273
4300912
3982310
4131007
3885595
3995847
4237118
4029923
4107330
4122467
4142827
3954430
4163614
3947004
4060052
4115951
4128776
3785148
3729412
3994880
4182074
4698188
4033011
4319354
4142827
3968597
4227086
4054681
4330123
4143379
4201493
3994933
4051868
4132127
4133788
3968597
4241012
4040201
4134675
4224725
4184168
3922512
3933358
4069276
3954430
4324655
4054681
4116710
3947047
4255096
3995403
4204299
4041877
4149794
3885054
3995847
4029923
3940798
4121421
4232221
4214362
3997152
3886741
3824836
4074820
4163135
4285128
4143974
4269530
4364857
4269530
4085237
4184168
4564265
4029923
3982310
4201810
4085975
4168085
4115809
4068402
4154745
3933358
4135464
3945728
4062428
4033011
3883109
4192478
4171980
3990259
4138230
4180224
4198037
4163614
4232055
3945728
4029923
4057568
4118882
4085975
3990259
4091861
4119877
4067785
4265333
4050255
3982429
4057156
3922501
3885595
4084756
3954430
4237915
4277392
4130417
4080188
4078627
4040201
4128776
4055043
4055195
3888121
4219612
4230023
4029923
4322935
4040201
4228165
4131007
4117966
4037565
3954430
4072578
4232624
4015791
3922501
3803284
4057568
3996545
4063638
4140563
3936078
4092978
4202269
4063638
4232624
4228631
4033011
4002895
4164596
4292972
3997152
4134675
3947047
4491718
3945728
4217461
4263635
4133788
4189088
4011202
4416412
4326095
4158962
3997740
3923548
4062428
3911004
4107330
4037565
4268924
3923548
3982429
4233637
4002895
3949273
4176483
4037565
4419745
4250846
4412435
3981675
4069276
4040201
4071637
4021626
4065577
3822580
3927895
3995403
4056381
4202269
4126791
4115403
4192478
3954273
4114779
4133788
4115403
4361450
3954430
3954273
4107330
3933366
4209802
3830777
4206153
3963578
3954273
4051868
3883008
4261044
4111155
4243517
4133892
4143979
3883008
4235594
4176845
3940898
4237985
4341767
4343847
4011202
4074820
4028583
4162243
4162861
4328440
3907333
4055195
4218256
3785148
4310891
3883109
4128064
4176845
4203180
4204031
4515207
4353269
4056381
3989169
4033011
3940798
3822209
4123290
4213319
4041877
4010913
4119877
4062428
4078627
4041877
3906346
3907333
4083781
3990259
4203180
4029923
3907333
4130417
4160921
3949273
4055043
4200787
4123750
4386740
4211053
4075272
3803284
3940798
4000759
4105228
4041877
4072578
4213158
3803284
4248381
4040201
4213319
4202985
4143974
4133788
4068527
3907333
4154745
3963733
4141276
4284674
3947507
4461675
4083916
4134675
4109997
4141621
3885054
4160921
4187511
4336764
4189088
4233192
3923548
4316401
4161374
3981675
4063638
3923548
4117966
3923325
4142647
4197700
4183427
4071637
4069693
4263635
4213921
4085237
4115849
4115849
4343034
4023096
3902083
4233637
3954273
3886741
4198037
4189088
4062428
4228631
3940798
4047231
4049918
3993640
4161563
4092978
4213211
4142647
4194651
3933358
4324655
3990259
4139260
4200787
4142427
4441508
4326420
4057568
3962270
4176256
4076502
4078627
4001127
4100396
3992139
4163614
3982310
3938541
4184168
4471485
3902083
4064352
4063638
4127895
3995847
4180224
4243517
4448489
4046843
4104415
3971108
3923325
4135508
4181612
4151108
4033011
4141621
4092978
3963578
4141621
4382963
4271749
4091308
3885595
3947507
4307768
4116710
3822209
4130417
4189131
4128776
4326420
3968797
3949273
4385597
4005973
3997152
4216870
3992139
3997152
3954430
4028583
3992139
4080996
4138042
4028583
3993640
4057156
4268924
3995403
4256407
4176256
3982429
4096727
4300677
3945728
3922512
4085975
4055195
3963372
3911004
4215871
4010913
4091861
4076502
4287292
4005973
4269874
3923548
4161374
3963733
4256407
4156601
4041877
3968797
4116613
3994880
4127475
4261044
3936078
4054160
3906346
4009687
3895345
4043242
4151108
4056381
4460457
3993640
3824836
4134669
3902083
4028583
3962270
4217461
3994880
4058281
4085975
4057568
4080188
4068402
4176475
4256513
4115951
4219684
4051868
4055009
4142827
3961580
4342760
4130417
3803284
4241118
3885595
4168085
4211396
4047179
4229753
4233506
4023096
3902083
3961580
4336779
3927895
4057156
4023096
4028583
4075272
4078627
4423391
4342760
4064352
4055043
3933358
3895345
3885595
4233637
4092978
4096388
4535560
3930178
4213211
4365991
4416412
4142647
4343213
4084756
3729412
3938541
3938541
4126859
4261044
4206153
4123750
4143379
3933358
4009687
3928041
4232985
4455230
4213319
4461927
3947047
4067785
3962270
4078627
4058281
4483655
3785148
4115746
3953565
4197700
4115809
4139260
4081114
4142827
4071637
3886741
4423391
4005973
4041877
4168085
4091861
3883109
4519784
4054160
4181612
3938541
3961580
4126791
3923325
4142427
3993640
3993640
4009687
4009687
3729412
4215871
4127141
4000759
4237915
3961580
4272194
4050255
4010913
4104302
4058281
3947507
3994933
3922512
3933958
3830777
4257547
4085237
4228839
4394728
3940898
3947507
4002895
3883109
4075272
3989169
4055043
3927895
4182074
3885054
4228165
4608882
3981675
4055043
4073136
4137361
4096388
4015791
3995847
4104047
4343847
4126791
4047179
3995847
4265333
3994933
4080996
3947047
4064352
4264433
4033011
4162861
4100396
4130236
4002895
4132127
4180253
4517477
4071637
4078627
4143979
4202985
4407185
3994880
4142827
4006099
4115809
4149794
4119877
4150530
4144265
3961580
4343034
4122467
3933358
4057568
4054977
4111155
4069693
3971108
4025016
4115403
3968597
3911004
3933366
4001127
4015791
4064352
3906346
3990259
4238105
4085237
3995847
4145819
4117966
4033011
4263767
4200787
4125915
3911004
3995403
4217461
4133788
4226418
4126859
3923325
4054160
4065577
4083781
4391755
4224292
3994933
3885595
4150530
4257106
3982310
3953565
4244826
4161563
4115809
3963578
4000759
4085237
4021626
4386510
4189131
4156601
4163614
4011202
4134675
4131007
4156601
4204031
3994880
4142427
4204299
4025016
4199798
4531030
3885054
4116613
4535560
3922501
4202985
4262850
3994880
4219394
4122467
3936078
3928041
4237985
3885054
4001127
4322935
3953565
3954273
4183132
4123290
3803284
3963733
3996545
4122467
4041877
4091444
4069749
3938541
4116710
4068527
4141397
4065577
3971108
4137753
4407901
4189131
4069693
4313373
3968597
3883008
3923548
4072578
3997152
4274374
4233624
4008548
4070594
4176845
4091444
3947047
3907333
3940898
4076701
4055195
4201810
4384864
4314205
3822209
4056381
4130230
3995847
3992139
4184806
4206153
3997152
3886741
4070594
4135464
4190208
3729412
4115809
4027809
4130417
3885595
4127141
4139345
3990259
4062428
4127895
4209802
4010913
4130236
4398263
3830777
4068527
3961580
3885054
4083781
4033011
3947507
3963733
4115746
4395840
4133892
3949273
4277262
4313026
4163614
4161563
3994880
3961580
4050255
4271749
4135464
3940898
3729412
3907333
4151108
4206153
4116613
4229753
3907333
4229753
3822209
4029923
4133892
4056381
4040201
4200787
4023096
4067785
4046843
4072578
3982429
4256407
4345900
4141276
4060071
4213211
4092978
4054977
4040012
4205195
4135508
3996545
4084756
4239046
4259858
4234097
4269874
4408701
4057568
3981675
4358427
3947507
3830777
4057156
4200787
4010913
4055195
4176817
3885054
4316401
3940898
4341241
4238199
4041877
4139345
4203180
4070594
4143974
4133892
4055195
4096388
4006099
4020914
3968797
4215871
4143974
4087723
4183427
4085975
4076701
3997740
4109997
4271749
4199798
3990259
3961580
3923548
4132127
4114779
3883109
4130230
4137361
4123750
4040012
4104047
4133892
4104047
4324655
4342760
4084756
4142427
4054977
3954273
3982310
3940798
3954273
4091308
4204031
4200787
4080996
3895345
4302374
4064998
4180253
4111155
3962270
3963733
4140563
4080188
4109588
4139345
4002895
4238105
4020914
4127895
3968597
3907333
4244826
3968797
4212204
3989169
4126893
3822209
4571339
4130837
3911004
4139260
4357054
4027809
3961580
4317927
3895345
3971108
4118882
4085672
4008548
4258538
4025016
4163135
3989169
4135464
4047179
4233506
4388726
4025016
4183132
4138230
4395840
4122467
4108848
4425480
4132127
3963372
3922501
3785148
3982429
4150524
4200787
3971108
4049918
4109588
4064998
3885595
4043242
3928041
3963733
3963372
4156601
3888121
3995847
4122467
4074820
4130230
4070594
4025016
4116613
3989169
4163135
4303150
4277262
4323492
4069693
4105228
4294851
3902083
4183132
3888121
4076502
4272194
4049918
3883008
3895345
4278915
4164596
3961580
3994933
4096388
4141621
3928041
4189088
4264433
4130236
4109588
4190208
4000759
4128064
4127895
4211879
4001127
3729412
4141621
4180253
4080996
4225722
4056381
3936078
4056381
3922501
4204299
4135508
3940798
4085975
4184806
3996545
4010913
4344332
4431223
4154745
4189131
4091861
3968597
3963578
4128776
4145819
3990259
3938541
3822580
4091444
3922501
3895345
3992139
3785148
4205308
4162243
4072578
4001127
3885054
4091444
3997740
4211053
4057156
4239046
4126267
3971108
4217202
4228165
4051868
4040201
4233506
4170695
4071637
4015791
4057568
4072578
3883109
4064352
3933366
4200275
4096727
3953565
3907333
4372269
3938541
4232624
4127689
4011202
3992139
4325331
3906346
4047231
4060071
4220275
3949273
4081114
4422789
4058281
4154745
4073136
4062428
4069693
4010913
3888121
4033011
4029923
4182074
4285910
4256513
4056381
4162227
4344287
4160952
4314208
4076701
4070594
3990259
4214078
4116613
4100396
4145819
4196076
4143979
3989169
4214362
4140563
3968597
4005973
4055043
4466117
3968597
4083916
3963578
3927895
4245326
4141397
4127475
4083781
4150530
4067785
4020914
4107330
4054681
3953565
4116613
4213319
4104302
4116613
4041877
4087723
4228492
3947507
4217367
4247868
4198037
3940798
4008548
4115849
3992139
4037565
4256513
4105228
4228839
4301418
4070594
4237985
3927895
3830777
4041877
3962270
4447968
4500178
4228335
4057568
4074820
4255096
3940898
4027809
4433014
4217367
4000759
4277873
4184806
4127689
4127895
4055009
4051868
3949273
4060052
4233192
3997740
4181612
4100396
4141621
3981675
4239046
4279707
3982310
4353269
4274139
4134669
4049918
4011202
3954273
4126791
4338923
4029923
3936078
4125915
4054160
4174817
4130230
3923325
4109588
4067785
4054160
4091861
3992139
4283080
4080996
3803284
4029923
4138042
3997152
4068527
4119877
3968797
4049918
3923325
4068527
4205195
4518537
3992139
3961580
4130236
4049918
4023096
4130417
3996545
3971776
4033011
4386510
4118882
4314205
4054681
4162243
3971108
3923548
4219394
3994933
4233506
3954273
4072578
4142427
4233637
4134675
4184168
4423608
3963372
4160952
4091444
3923325
3968797
4361450
3997152
3971108
3949273
4409821
4214362
3906346
4040201
4357054
4115403
4134669
4069693
4085975
4180224
4235594
4087723
4028583
4324766
4064998
4005973
3930178
3923548
4162362
4219612
4081114
3971776
4268924
4006099
4160952
4137753
4078644
4054160
3982310
4116710
4115849
4183132
4248381
4144265
3822209
4160952
4096388
4069749
4241118
4131809
4244826
3885054
4056381
4213158
4204438
4415216
4258538
4010913
3994880
4219612
4067785
4228631
4415722
4070594
4002895
4433014
3822209
4299044
4256511
4202985
4142427
3885595
3961580
3923325
3883109
3803284
4123290
4204299
3968797
4047179
3996545
3990259
4233192
3922501
4023096
3922501
4054977
4139772
4176483
3968597
4083781
4023096
4248381
4047179
4243517
3822209
4404219
4115849
4117966
4156601
4005973
3907333
3922512
4547515
4244826
3954273
4083916
4065577
3895345
3923325
4139772
4204031
4233637
3945728
4356366
4055009
4152690
3911004
4244404
3982429
4234097
4125915
3947047
4204438
4263767
4067785
3947047
3981675
4359075
4204299
3982429
3971776
3888121
4492149
4161374
4184168
4170695
4083781
4054977
3911004
4277873
4274482
4104047
4069749
3982429
3968597
4055195
3729412
4310891
4064352
4163968
4314205
4141621
4422789
3968797
3992139
3936078
4096388
4105228
4361618
4156601
4128776
4156601
3947047
4226418
4134675
4115951
4122467
4025016
4277873
4314809
3997152
4104302
4187049
3997152
4255096
4140563
3963372
3996545
3945728
4441050
4217202
4064998
4214698
4187049
4115951
3994933
4353269
4081114
4262850
4117966
4078627
4161563
4055195
4085672
4194651
4232055
4117966
4037565
4131809
3954273
4057156
4115403
3953565
4138042
3947004
4015791
3947047
3954273
4128064
3922512
3997740
4132127
4078644
4156601
4257106
3982429
4265333
3883109
4107330
4080996
4080188
4164596
3993640
3886741
4415722
4299735
4043242
4219684
4116613
4216870
4451338
3886741
4109997
4049918
4055043
3981675
3962270
3930178
4069276
3824836
4375038
4202985
4205195
4133788
4023096
3963372
3997152
3940898
4182074
4023096
3785148
4204438
4081114
4527148
4027809
4142647
4123290
4076502
3883008
3990259
4056381
3906346
4218171
4115809
4002895
4049918
3992139
3949273
4162362
4617295
4232055
4139260
4140563
4163614
4064352
4184168
4244404
4055043
4040201
4160921
4001127
4115746
4068402
4232624
4143974
3824836
4116613
4363085
4513870
4118882
4069749
4271419
4067785
3961580
3922512
4228165
4250012
4201493
4162362
4488527
4276878
4381639
4399477
3907333
4151108
3938541
4047179
3928041
3992139
4105228
3928041
4342760
4269874
3940798
3989169
4302627
3982429
3996545
4080996
3997740
4054681
4054681
4050255
3922501
3902083
4226692
4081114
3933958
4176845
3997152
4109588
4277895
4314205
4000759
3992139
4138042
3822209
3883109
4137361
4288205
4143979
4262544
4073136
4127689
4204438
3982310
3961580
3886741
3907333
4104302
4633228
3997152
4002895
3971108
4127475
3907333
4123750
4000759
4152690
3933358
4241123
3933358
3933358
3994933
3938541
4284674
4134675
4069276
4150530
4141621
4202269
4326248
4184233
4130837
3994933
4214698
4074820
4217367
4085975
4272194
4213211
4213158
4204031
4214505
4220275
4067123
4436673
3954273
4069693
4140563
3928041
4117966
3997740
4075272
4232985
4246647
4126893
3947047
3947004
3963372
3922501
4277873
4134669
3933958
4359075
3981675
4084756
4133892
4280067
4189131
4062428
4109997
3982429
3922501
4228335
4139345
4020914
4737428
3990259
4041877
3940898
4183132
4096727
3922501
4404314
4267911
3922501
3990259
4419961
4032617
4074820
4015791
4083916
4020914
4188094
4401503
4076701
4423391
4147906
3940898
3885595
4069693
4115403
4118882
4174817
4115403
4091444
4158953
3886741
4257865
4272994
4158953
4162227
4060071
4162243
4054681
3953565
4213921
4199798
4237915
4302080
3963733
4109997
4047231
4081114
3992139
4131007
4072578
3947047
3824836
4295882
4243517
4040012
4069749
4320662
4051868
4232055
4257865
4232055
4158962
4201493
4326248
4131007
4352009
4144265
4117966
4054681
4128776
4440642
4197700
4117966
4224725
4130230
4409405
4271749
4021626
4166692
4080996
4373407
4126859
3885595
4258538
4288969
4180253
3996545
4248381
4130236
3997152
4241123
4206153
4142427
4118882
4047179
3962270
4115746
4150000
4230023
4190879
4232221
4005973
4284674
4288969
4272994
4104047
4484570
4115951
4037565
4345900
4122467
4233637
3947507
4202269
4025016
4359075
4117966
4068527
4076502
4015791
4213921
4001127
4237985
3822209
3963372
4067123
4214698
4064998
4122467
4406308
4232221
4214362
4108848
4267911
4144265
4237985
4182074
4043242
4122467
4270300
4104047
4217367
3961580
4256513
4269530
4186686
4214362
4176817
4550184
4047231
3886741
3981675
4151108
3949273
4256407
3995847
3971776
4143974
4078627
4126267
3947004
4214362
4050255
4176256
4182074
4033011
4152690
4161563
4214505
4054681
4065577
4454024
4163614
3963372
4214505
4001127
4336163
3989169
4108848
3885054
4228631
4047231
4176817
4213211
4360327
4122467
4224725
4142647
3729412
3992139
4300677
4055009
3933366
4245326
4043242
3968597
3994880
4043242
4147906
4270300
4274374
4215871
3785148
4107330
4116710
3883008
3933366
3992139
4047231
3971776
3947507
3824836
4006099
4131809
4385597
4133892
4025016
4380411
3888121
4379368
3949273
3803284
4162861
3996545
3963372
4259858
4244404
3997740
4135508
4072578
4214505
4202269
3945728
4551861
3996545
4298409
4174817
4183132
4081114
4126267
4235594
3923325
3923548
4332971
3906346
4083781
4297785
4040012
4183427
3940898
4122467
4139772
4205195
3945728
4237118
3930178
4125915
4008548
4123750
4009687
4069749
4055195
4123290
4021626
4184233
4190208
4280324
3888121
3982429
4096388
4189088
3971776
4108848
3997152
4130417
4204299
4140563
4176817
4162243
3906346
4111155
4280067
3911004
3907333
3997152
3982310
4176483
4083781
3963733
4201810
4218171
4183427
4238147
4272994
4154745
4326095
3902083
4152690
4057156
4395840
3883008
4250006
3954273
4262850
4146108
4237915
4259858
4158953
3971108
3928041
4028583
3963578
4027809
4009687
4359075
4239046
3822580
4058281
4117966
4072578
4133788
4160921
3933366
4196076
4256511
4158953
3927895
4150875
4020914
4162362
4081114
3949273
4115746
4119877
4506670
3982310
4021626
4232055
4104415
4188094
4280324
4245326
4428635
3996545
4176483
4069276
4104415
4115746
4041877
4047231
3803284
4176483
3963733
4253743
4316401
4060052
4137361
3940898
3906346
4151108
3947047
4158962
4162362
4040012
4085672
3923548
3824836
3997152
4524345
3933366
4083916
3981675
4234557
3883008
4117966
4130417
4262544
4256511
3930178
4078627
4430969
3971776
4149794
4127141
3922512
4073136
4127141
3822580
3997152
4294851
4398263
4133892
4156601
4297785
4055043
3963372
4067785
4073136
4001127
3902083
4119877
4239046
4040201
4322935
4163135
3902083
4313026
4131809
4096388
4135508
4198037
4139772
4274139
4257106
4285910
3888121
4118882
3785148
3883008
4192478
4162362
4076502
4049918
4068527
3922512
3996545
3995847
4009687
4071637
3949273
4115809
4037565
3822209
3883008
4271749
4319464
3963733
4200048
4198037
4160921
4015791
4403386
4220275
4150875
4067785
3993640
3992139
4270300
3947047
4274226
4021626
3824836
4593812
4091444
4185156
3923325
4069749
3954273
4265198
4150000
4150000
4215871
4058281
4105228
4184806
3947047
4288778
4218171
4140563
4049918
4083916
4398263
4150875
4023096
4111155
4010913
4152555
4115403
3963733
3803284
4058281
4029923
4119877
3954273
4096727
3803284
4054977
4054977
4085975
4224725
4142427
4203180
4069276
4104415
4047231
4032617
4244826
4041877
3907333
4187049
4204299
4047179
4064352
4011202
4138042
4154745
4123290
3729412
3923548
4202985
4274374
4104415
4067785
4116710
4057156
4232055
4263635
4006099
4382963
3982429
4211396
4160921
4076701
4234518
4139772
4257547
4067785
4096727
4450574
4265198
4342760
4047231
3961580
4002895
3961580
4232624
3922501
4307966
4130236
3785148
3888121
4062428
4259236
3947004
3888121
4345900
3822209
3963372
3830777
3982429
4062428
4050255
4373407
4280515
4005973
4521972
4122467
4054160
4139772
4067785
4142827
3785148
4145819
4168085
4009687
4116613
4076701
4127141
3994880
4115951
3971108
4065577
3947047
3883109
3911004
4043242
4076502
4247796
3923325
3933958
3971108
4069693
4196076
4381639
4131809
4274226
4032617
4430322
4085975
3947004
4055009
4176483
4062428
4360836
4205195
4067123
4232985
3895345
4058281
3996545
4056381
4087723
4127895
4143979
4131007
4158962
4054977
4162861
4141276
4176256
4182074
4164596
4029923
4046843
4415216
4037565
3997740
4143979
4238876
4261507
4055009
4361450
4217367
4133892
4213158
4091444
4221829
4055009
4078644
3824836
4121421
3906346
4057568
4125915
4050255
4298409
4364360
4078644
4213381
4100396
4054681
3947507
3995847
4121421
4054160
4244404
4290142
4250846
4123290
4062428
4255096
3883008
4415886
4005973
4311280
4182074
4091308
4115403
4228631
4027809
4020914
4047179
3947004
4158962
4156601
4060071
3963578
3961580
4211396
4359075
4301418
4271419
4118882
3830777
4128064
4073136
4069749
3883008
3963372
4160952
4160921
4199798
4130837
4176845
4147906
3885054
4162227
4069276
3923548
4067785
3933366
3971776
4075272
4251370
3785148
4187049
4006099
4111155
3885595
3995847
3953565
4228839
4166692
4357979
4070594
4126791
4128064
4055043
4109588
3995847
4057156
4343213
3945728
3947507
4075272
4202269
4319464
3923548
4047231
4011202
4270300
4288969
4139260
4115403
4135464
4142427
4047231
3895345
4118882
3928041
4108848
4186686
3953565
4143974
4117966
4111155
4144265
4115746
4055195
4060052
3822209
4224725
4162243
4128064
3930178
3933366
4213381
4032617
4221252
4047179
3922501
4029923
4115849
4232624
4228165
4288808
4187049
4111155
3830777
4028583
3883008
4298409
4161374
3883008
4127689
4123750
4141621
4049918
4010913
4259858
4078627
4162861
4069276
4180253
3994880
4374338
4218171
4415722
3822209
4187049
4008548
4105228
3906346
4116710
4314208
4608882
4055043
3907333
4255778
4067785
3928041
3994933
4162362
4085672
3994880
3922512
4279707
4176475
3981675
4064352
3923325
4162243
4238147
4142647
3961580
4302627
4128776
4137753
4285910
4084756
3940798
4105228
4524482
4091308
4121421
3936078
3922512
4554558
4302374
4538383
4233637
4247868
3729412
3947507
4075272
4137753
3940798
4054681
4221772
3907333
4025016
4050255
4234518
4259583
4274955
4068527
4126859
4078627
4057156
4702895
4137753
3785148
3883008
3927895
3922512
4299735
4138230
3907333
4122467
4083781
4218256
4204299
4270665
4279707
4288808
4176475
4180224
4345900
3953565
4047231
3883109
3963733
4555662
4154745
4028583
4324766
4263635
4055195
4109588
4270300
4076502
4060052
4313026
4461815
3996545
3981675
4126859
4068527
4214078
3994880
4251370
4232502
4232624
4158962
3906346
4105228
4060071
4078627
4126267
4139345
4608882
4141397
4123750
3949273
4311280
3995847
4194651
3961580
4023096
4433014
3803284
4217367
4083781
4115849
4311097
4228492
4214698
3971108
4071637
4057156
3940798
4379410
4080188
4076502
3938541
4163968
3830777
4183427
4182074
4160921
4185156
3822209
3997740
4313399
3785148
4127895
4123750
4040201
4075272
4008548
4032617
3883109
4257547
3949273
4329748
4081114
4043242
4152555
4171980
4161563
4111155
4002895
4592755
4154745
4111155
4237118
4320662
4126267
4080996
4319464
4258538
3803284
4137361
4198037
3945728
4057568
4010913
3947507
4269530
3822209
3963372
3961580
3933958
3947004
4196076
4071637
3911004
4126791
3888121
4197078
4202985
4109997
3940798
3993640
4278568
4047179
4127475
4054977
4259858
4111155
3927895
3906346
4114779
3968797
4367554
3996545
4202269
4001127
4040012
4041877
4047179
3923325
3785148
4006099
4232055
4162227
4126267
4263767
4078627
4057156
4011202
4216870
4232624
4232985
4091308
4256407
4133788
4115951
3906346
4433014
4011202
4228839
3963372
4015791
4105228
4055009
3886741
4217461
4029923
4134669
4076701
4049918
3906346
3995847
3930178
4344001
4230023
4033011
4162362
4023096
4150875
3993640
4010913
4078627
4564317
4364360
4114779
4128776
4041877
3822580
3824836
4043242
3940898
4091308
4040012
4466117
4068527
4051868
4375339
4217202
4316401
3982429
4150524
4211396
4161563
3938541
4238147
4080996
4050255
4214078
3981675
4202269
4205195
3936078
4085237
4228839
4115849
4096727
3822580
4320662
4055009
4257106
4054160
4054977
3968797
3997740
4123290
4058281
4412860
4140563
4076701
4189088
3928041
4078644
3906346
4046843
3911004
3982310
4190879
4040201
4412860
4218171
4080188
4176845
4487210
3938541
4163968
4126893
4100396
4296925
4171980
3947004
4228839
4317927
3895345
4221772
4091444
4130417
4091861
4435157
4166692
3961580
3803284
4015791
4348226
3994933
4128776
4171980
3994880
4121421
4211879
4256407
4054681
3888121
4228492
3945728
4008548
4055195
4096388
4054160
4205195
4213211
4219684
3923325
4023096
4166692
4091308
4139772
4201810
4054977
4150000
3982310
4130837
3994880
4126791
4211396
3902083
4126791
4132127
3996545
3982429
3995403
3963372
4388726
4078627
4062428
4397347
3933958
4080188
4080996
4264433
3822580
4126791
4074820
4143979
4259236
4233699
4055195
4096727
4020914
4037565
3981675
4118882
3928041
4347366
3785148
4064352
4185156
4130837
3962270
4127141
3982310
4091861
3895345
4069276
4348072
4192478
3992139
4506670
4083781
4037565
4308559
3971108
4054977
4228839
4040012
4211396
4256407
4182074
4055043
3923548
4092978
4076502
4156601
4126791
4001127
4076701
4245326
3971776
4227086
4015791
4180253
4421179
3803284
3885054
4009687
4595842
4065577
4232221
4055009
4091308
4043242
4091308
3936078
3981675
4233506
4127895
3928041
4203180
3992139
4277262
4091308
4055043
4160952
4069276
4162362
4137361
4484891
4221252
4011202
4133788
4111155
4259236
3822209
4190879
4058281
4054160
4127141
3949273
3992139
3994933
3895345
4115746
4005973
4006099
4002895
4313026
4205195
4356366
3729412
3989169
3922512
4142647
4091444
4180253
4105228
4214505
3895345
4263635
4372269
4123750
4062428
4238876
4314809
4415722
4055043
3883109
4230023
4364857
4130837
3997740
3940898
4279827
3992139
4194651
4151108
4217202
4028583
3830777
4262850
4096388
4200048
4054160
4225722
4050255
4057156
4200048
3883008
4078644
4126859
3995403
4199798
4379368
3997740
4658738
4096727
3883109
4225722
3902083
4206153
3994880
4073136
4021626
4213381
4401503
3906346
4694321
3885595
4214505
4158953
4104415
4342760
4311097
4108848
4084756
3981675
4015791
4076502
4380383
4226418
4076502
4068527
3996545
4127895
4049918
4091308
3963733
4182074
4139345
3954273
4299044
4040012
4176817
4386510
4130230
4127475
4062428
3907333
4143979
4009687
4118882
3922501
4137361
4232624
4158962
4234557
4123750
3803284
4037565
4069276
4000759
4127895
3927895
4160952
4257547
4078644
4326420
4134669
3927895
4118882
3923325
4050255
4154745
4008548
4067785
4328440
4115746
4109588
4069276
4213158
4158962
4288808
3982310
4087723
4133788
4040201
4232624
4218256
4288205
4108848
4111155
4259236
4068527
4202985
4176256
4213158
4324655
4091861
4625126
4049918
3968597
4132127
4057568
4056381
4264433
3911004
3994933
4054681
4043242
4214505
4287518
3922501
4071637
4163968
4364360
4096388
4000759
3885054
3997740
3785148
4447968
3997740
3729412
4184233
4128064
4011202
4201493
4071637
4185156
4380383
4040012
4204438
4068402
4051868
4200275
3963578
4054160
4115951
4023096
3830777
4264433
4043242
4174817
4002895
4104415
4170695
4307768
3922501
4441050
4122467
3996545
4080188
4150524
3922501
3963578
3911004
4381611
3927895
4109588
4436673
4625921
4540594
4021626
4058281
3996545
3933958
4133788
4233192
4133788
4028583
3940798
4166692
3971776
4138230
4114779
4150875
4069276
4126267
4047179
4051868
4135508
4028583
4127475
4147906
4074820
4091444
4033011
3989169
4144265
4213921
4139772
4229753
4250006
3940798
4115746
4058281
4127895
4075272
4006099
4118882
3922512
4437998
3936078
3947004
3933366
4187049
4087723
3822209
4060052
3997740
4069276
4130417
3824836
4083916
3902083
4091444
4050255
4068527
4051868
4145819
4204438
3906346
4009687
4127141
4127895
4220275
4369459
4197078
4037565
4433159
4228165
3963733
4115951
3997740
4141621
4074820
4168085
4342760
4087723
4280067
4025016
3945728
4497593
4057156
4091308
3923325
3982310
4062428
4142827
4232055
4062428
3785148
3938541
4010913
4232624
4040201
4040201
4241012
4001127
4416412
4108848
4084756
3911004
4357979
4040201
4391154
4040201
4130837
4115809
4150524
3954430
3895345
4105228
4062428
4214505
4317680
4083916
4008548
4115951
4006099
4215871
4043242
4224725
4055009
3822209
4237985
4348072
3911004
4233506
4021626
4152555
3885054
3963733
3729412
4228335
4202269
3963733
4218171
3922501
4064998
4244404
4283080
4250846
4359946
4317680
4134675
3963372
3995403
4104415
4041877
3822209
3923325
4235594
3997152
4131007
4055009
4388765
3994880
3962270
4211879
3971776
4460457
3949273
4219612
4071637
4028583
4062428
3954273
4069749
4161563
4054977
4232502
3928041
4187511
3940898
4043242
4027809
3981675
4200048
4213211
4074820
4010913
4176845
4160952
4065577
4128064
4234518
4057568
3995403
4133892
4069749
4241012
4238147
3923325
4417941
4118882
4073136
4238105
4083916
4170695
4142827
4341767
4075272
4076502
4091861
4285910
4064352
4219612
4194651
3995403
4060071
3989169
4156601
4128776
4055043
3968597
4139260
4458190
4150000
4386740
4256511
4147906
4115809
4412435
4033011
4330123
4116613
4041877
4092978
4317162
4197700
4051868
4046843
4100396
4158953
3822209
3803284
4250846
4115809
4027809
4380383
4143974
4074820
3907333
4163135
4054977
4163614
4176475
4226418
4032617
4109997
4134675
4123290
4058281
4040012
4440642
4265333
4115849
4008548
4267911
4054160
4062428
4186686
3968597
4046843
4069749
4375339
4141276
4181612
4134675
4081114
4213158
4107330
4139260
3995403
4186686
4150000
4064352
3936078
3822209
3922501
4139772
3906346
3933366
4028583
4214362
4002895
4115951
4269874
4054977
4290142
3927895
4006099
4229753
3803284
4280515
4054160
3729412
4092978
4069276
4091308
3995403
4069693
4130837
4067123
4174817
4049918
3883008
4009687
4109997
3963733
4023096
4067785
4068527
4054160
4067123
4057568
4091861
4171980
4296174
4107330
4085672
4250012
4394728
3883109
3990259
4025016
4005973
4117966
4185156
4009687
3954430
3923548
4436683
4142427
3982310
4204031
4006099
4363085
3933958
3785148
4070594
3993640
4237118
4050255
3933358
4221829
3933358
4180253
3822209
3947004
4085237
3883109
4226418
3993640
4436673
3954273
4065577
3907333
4043242
4010913
4069693
4123750
4121421
3954273
4319354
4160952
4060052
4163135
4122467
4069693
4344001
4028583
4085672
4139772
4076502
4087723
4127689
4126859
4221772
4311280
4220275
4451338
4347366
3729412
4206153
4072578
4116710
3883008
3993640
4194651
4069749
4244404
4238105
4057156
4126267
3907333
3962270
4008548
4143379
4142427
4201493
4237915
4105228
4060052
4011202
4288969
4057156
4161563
4232055
4062428
4227086
3923548
4171980
3963733
4285128
4040012
4233699
3930178
4186686
4020914
4487139
3954430
3883109
4001127
4221772
4345900
4150530
4128064
4100396
4055009
4116613
3982429
4277262
4127689
4280324
4316401
3933358
4040201
4063638
3923548
4064352
4083781
4187049
3883109
4324655
4186686
4021626
4241118
4160921
4206153
3963578
4219612
3971776
4002895
3982310
4080188
3927895
3947004
4202269
3911004
3785148
4126791
4200275
4184168
4116710
4241123
3971776
4139772
4043242
3822209
3883109
4386027
3907333
3947047
4130837
4107330
4085237
3994880
3945728
4121421
3945728
3923325
4158962
4162227
4240820
3933358
4257865
4078644
4040012
4338312
4085975
3993640
4109588
4126791
4075272
4151108
4114779
3830777
3883109
4008548
3968797
4263635
3963733
4270300
3994880
3933366
3981675
3981675
4130230
4060052
4143974
4100396
4287518
3824836
4008548
4162243
4032617
3883109
4187049
4137753
4183132
3962270
4268924
4373407
4255778
3961580
4023096
3885054
3995847
4054977
4068527
4111155
4109997
4121421
3997740
4200275
4240820
3997152
3947047
4226692
3922501
4161374
4064352
4055009
4160952
4126859
4058281
3994933
3953565
4233506
4040201
4126791
4021626
3990259
4069276
3953565
4069749
4228839
4080188
4011202
4364360
4168085
4425480
4213158
3954273
4091444
4078627
3785148
3963372
3830777
4532312
3947004
4201810
4296423
4184806
3953565
4132127
4070594
3996545
4300912
4121421
4497593
3885054
4006099
4244826
4119877
4141397
4140563
4033011
4084756
4317680
4015791
4131007
4108848
3995403
3981675
4201493
3928041
4121421
4020914
4049918
3982429
3982310
4068527
4228492
3968597
4080996
3902083
3954273
3968597
4201493
4234557
4142647
3883008
4241118
4161563
4057156
4206153
4237118
4162861
4144265
4392771
4091861
4176845
4130837
4150524
3922501
4253743
3895345
4076701
4599076
4150530
4127141
4011202
3936078
3906346
4138042
4158953
4069749
4135508
4050255
4213211
4162227
3990259
3949273
4338312
4091861
4069693
4152690
4590453
3989169
4310891
4021626
3993640
4149794
4049918
4497593
3886741
3885054
3940898
4083781
4176845
4284674
4064998
3963578
4203180
3785148
4199798
4128064
4190208
4067785
4119877
3785148
3993640
4387140
4154745
3947507
4285128
3803284
3962270
4040201
4386027
4055009
3907333
4060052
3962270
4154745
3923325
4314205
4162227
4408701
4212204
4115746
4050255
4232502
4049918
4083916
4083916
3822580
4074820
4218256
4261044
4137753
4096727
4270665
3927895
3803284
3947004
4133788
4008548
3895345
4009687
3995403
4299044
3885595
4374338
4107330
4200048
3830777
3981675
3962270
3885054
3824836
3954430
4329748
4130417
4076701
4202269
4057156
3885595
4259858
3933358
4192478
4229753
3949273
4055009
4192478
3982429
4395840
4313399
4197700
4287518
4232502
4023096
4060052
4211053
4476256
3968597
3927895
4209802
4171980
3911004
4080188
3996545
4200048
4057568
4180224
4054977
4072578
4108848
4170695
4323492
3824836
4234518
4119877
4119877
4324354
4171980
4224725
4060071
4188094
3895345
4085975
4070594
4392077
4176256
4001127
3803284
4163968
4262544
3963733
4319354
4109997
4060052
4234518
4146108
4092978
3994880
4065577
4109588
4131007
4142647
4074820
3993640
4025016
4064352
3947047
4085975
4419961
4256511
3993640
4128776
3883008
4076502
4162243
4345414
4163968
4134675
4141276
4060071
4054977
4190208
4264433
4065577
4263635
3830777
4011202
4064352
3911004
3940798
4010913
4152555
4189131
4215871
3981675
4123750
4469535
4283080
4320662
4265333
4218256
4002895
4188094
4150875
4046843
4466318
4070594
3994880
4230023
4083781
4168085
3885595
3996545
4211053
3822580
4158953
4040012
3994880
4160952
3922512
3963578
3940898
4330123
4196076
3990259
3947047
4174817
4091308
4116613
4415886
4161374
4021626
4325331
4002895
3954430
4238199
4391755
4123290
4126791
4283080
3822580
3923325
3911004
4078644
4123750
4020914
4015791
4232502
4119877
4160952
3990259
3940898
4105228
4443528
4224292
3996545
3907333
3933358
4032617
4197078
4226418
4641653
4126791
4227086
4067785
3997740
4054977
3785148
4197700
4096727
4011202
4116710
3962270
4263635
4154745
3982429
4135508
4062428
4373407
4115849
4380383
4160952
4307966
4300677
4166692
4100396
3885595
4068527
4233192
4146108
4200048
4319354
4313373
4063638
4074820
3997152
3971776
3883109
4096727
4064352
4269874
4011202
4104415
4297785
3936078
4144265
4313399
4468786
4072578
4104415
4188094
4078627
4296925
4069693
3968597
3822209
3990259
4104415
3930178
3922501
4087723
4218171
4063638
3990259
4043242
3994933
4130837
3907333
4230023
4065577
3928041
3989169
4104047
4087723
4295882
4109997
4127895
4176475
3822580
4050255
3968597
3822580
3963372
4051868
4126791
4233192
4033011
4296174
4127141
3729412
4213921
3989169
3968797
3907333
4121421
4130417
4104302
4241118
3945728
4162362
3940898
4091444
4338312
4163968
4064998
4162243
4224292
4025016
3885054
4635043
4091308
4262544
3885595
4041877
4132127
4134669
4060071
4068527
3729412
4264433
4203180
4115809
3963372
4163968
4040012
4104047
4359946
4020914
3940898
4116613
4149794
4329748
3968797
3962270
4028583
4060052
3922501
4259236
4241118
4127475
3822209
3906346
4262850
4064352
4213921
4135508
4221772
4054977
3954430
4008548
4107330
4232055
3936078
4091861
3949273
4274139
3945728
4072578
4131809
4137753
4015791
4204299
4118882
4232502
4306196
4213158
4051868
3961580
4037565
4226418
4213158
3953565
4230023
3911004
4130230
4010913
