22891286
12232545
8564411
6562422
5403375
4576940
3992119
3498533
3187703
2876549
2657340
2435875
2280980
2132535
2017575
1852083
1794282
1699292
1624450
1536897
1483232
1423430
1362009
1300655
1262999
1221222
1180104
1135967
1110280
1075549
1040955
990375
984937
960860
937133
910088
889417
872719
847069
822837
816832
793707
780485
761306
746791
729570
721446
697317
691787
679462
670204
654113
645595
635562
626018
607603
606226
592846
586659
576452
568119
558218
556881
533255
529466
527465
523985
514449
504390
498756
496828
481992
481117
480250
476814
460573
460229
451679
449903
439531
439406
434005
430552
424429
421490
418186
412682
405228
402712
397548
397541
390216
389171
382749
380008
373853
372178
368398
367855
362775
360926
359007
351272
350435
348634
346393
340504
339597
335801
332911
332607
324407
324186
323671
322894
318132
313361
311817
311461
307259
307038
305910
301604
301596
301102
296371
295928
290628
286543
285243
282035
281951
281689
281453
277812
275366
273894
272717
271957
269766
265028
264995
264022
263980
261258
260418
258688
253643
253465
252807
252363
248652
247465
246203
245812
245766
244056
243127
240750
238179
236135
233494
233445
232275
230928
229568
228755
227313
227095
225861
223937
223273
222761
220480
219561
218355
216915
215207
214978
214763
212331
210224
209926
209014
208483
207606
206974
206520
206089
205151
203873
201934
200045
199405
198038
198011
197848
196053
194919
192589
192224
191993
191745
191321
190698
189988
189356
189057
188927
188091
186208
184793
183026
182801
181837
181423
180543
180062
179783
179337
178547
178194
177069
175749
175673
174332
174226
173560
172683
172209
170802
170758
169522
168658
168451
168433
166494
165980
165355
164711
163838
163484
163198
163145
162461
162406
162011
161638
161298
160094
159976
159959
159052
158067
155756
154874
154774
154612
154172
153988
153965
153429
152755
151866
151173
150290
150278
149826
149267
149221
148220
147678
147577
147236
146839
146257
146038
145664
145142
144552
143801
143297
143256
142275
141388
141043
140775
139615
139192
138916
138377
138293
137380
137142
137051
136795
136716
136673
136435
136266
135074
135055
134833
133697
132174
131962
131810
131381
131304
131220
130637
130225
129952
129591
129489
129083
128880
128013
127722
127624
126924
126551
126256
125886
125824
125210
125156
125129
124926
124809
124057
123606
122782
122701
122258
121453
121113
121066
121064
120978
120277
119952
119649
118900
118853
118728
118452
118425
118178
118053
117717
116719
116658
116454
116208
115980
115403
114946
114748
114423
114285
114272
113743
113660
113558
113220
113157
113029
112991
112292
112118
112053
111491
110916
110880
110813
110799
110271
110162
109512
109199
108672
108510
108420
107991
107959
107900
107001
106809
106732
106429
106172
105969
105636
105461
105219
105118
104196
104010
103649
103398
103307
103255
103234
103178
102978
102823
102698
102554
102242
101850
101745
101453
101415
101268
101235
100831
100605
99590
99382
99377
99037
98990
98626
98593
98456
98446
98175
97964
97716
97557
97515
96853
96752
96536
96519
95869
95858
95849
95765
95747
95648
95583
95201
94626
94607
94461
93900
93680
93494
93261
93159
93109
92882
92868
92630
92552
92160
92115
91978
91499
91475
91455
91310
91275
91019
90876
90800
90727
90577
90348
90163
90130
89826
89496
89377
89310
88662
88652
88428
88420
88312
88248
87975
87732
87628
87624
87360
86943
86887
86625
86443
86172
86006
85902
85835
85584
85580
85538
85481
85445
85399
85361
85359
85313
85272
85253
84739
84354
84005
83923
83461
83314
83255
82793
82581
82564
82534
82380
82375
82258
82219
82177
81829
81808
81649
81555
81541
81294
81234
81101
81056
80961
80700
80653
80370
80320
80134
79992
79927
79844
79809
79366
79180
78951
78906
78883
78790
78701
78657
78550
78476
78375
77909
77844
77686
77669
77666
77421
77224
77195
77124
77105
76740
76650
76597
76496
76454
76453
76158
76134
75757
75667
75618
75135
75011
74370
74306
74268
74206
74177
74054
74040
74039
73954
73803
73733
73577
73386
73343
73287
73240
73154
73047
72692
72629
72591
72513
72463
72236
72120
72094
72056
72032
71730
71620
71548
71418
71368
71270
71233
71187
71133
71073
71018
70952
70898
70862
70823
70770
70762
70509
70319
70220
70052
70049
69858
69806
69691
69396
69279
69263
69175
68972
68906
68736
68684
68669
68612
68604
68526
68495
68311
68176
68080
68058
68015
67856
67788
67671
67075
67054
66926
66892
66836
66809
66740
66725
66713
66678
66617
66420
66247
66233
66130
66078
65788
65674
65423
65378
65337
65284
65215
65110
65095
65079
64967
64917
64850
64743
64741
64709
64621
64514
64358
64319
64212
64167
64011
63912
63846
63844
63812
63747
63736
63667
63574
63475
63342
63295
63231
63181
63126
63052
62734
62641
62610
62590
62555
62548
62546
62437
62309
62195
62175
62155
62061
61919
61895
61832
61790
61741
61706
61604
61487
61452
61443
61428
61303
61052
61011
60806
60515
60358
60186
60084
60074
60060
59970
59704
59699
59588
59580
59567
59547
59486
59359
59349
59323
59162
59112
59075
59074
59033
59004
58969
58965
58602
58599
58410
58379
58170
57992
57940
57927
57922
57917
57905
57847
57787
57699
57699
57640
57621
57589
57489
57470
57341
57280
57197
57194
57173
57101
57024
56875
56742
56607
56601
56529
56450
56370
56343
56116
56090
56072
56020
56008
56007
55963
55848
55843
55830
55823
55740
55712
55632
55629
55568
55424
55418
55338
55264
55203
55186
55117
55076
54982
54975
54773
54694
54682
54552
54550
54467
54432
54398
54250
54191
54049
54007
53956
53915
53839
53762
53755
53746
53741
53551
53525
53433
53393
53360
53344
53329
53291
53266
53201
53016
52966
52955
52915
52779
52718
52703
52648
52580
52580
52531
52382
52284
52256
52157
52130
52108
52063
52029
52013
52012
51945
51937
51932
51827
51808
51770
51756
51731
51705
51642
51641
51629
51592
51534
51459
51450
51390
51281
51211
51124
51108
51059
51025
51008
50956
50845
50659
50619
50438
50433
50429
50427
50375
50257
50245
50133
49953
49951
49921
49911
49888
49819
49817
49622
49556
49474
49376
49371
49315
49246
49185
49134
49127
49107
49094
49086
49007
48978
48941
48930
48842
48839
48834
48767
48752
48642
48618
48601
48441
48427
48370
48338
48333
48200
48158
48128
48128
48118
48081
48077
48076
47974
47966
47831
47821
47798
47793
47738
47734
47712
47696
47570
47570
47555
47455
47439
47429
47326
47316
47298
47284
47254
47147
47065
47049
47039
46995
46978
46950
46874
46794
46769
46622
46620
46601
46488
46455
46381
46259
46117
46066
45999
45990
45988
45827
45777
45766
45731
45728
45718
45712
45696
45696
45617
45575
45526
45480
45457
45441
45408
45374
45348
45308
45285
45237
45235
45226
45191
45180
45134
45113
45076
45034
44999
44991
44935
44879
44806
44789
44765
44708
44664
44631
44546
44470
44424
44389
44346
44226
44132
44113
44102
44032
43948
43930
43913
43828
43780
43775
43752
43752
43667
43629
43624
43551
43536
43524
43523
43461
43418
43345
43317
43296
43281
43202
43167
43159
43155
43136
43061
43031
42980
42966
42931
42920
42915
42855
42839
42825
42723
42684
42677
42651
42637
42574
42505
42499
42390
42386
42384
42368
42297
42164
42151
42146
42139
42131
42100
42084
42038
42037
42035
41969
41939
41902
41856
41790
41767
41766
41670
41510
41497
41473
41431
41384
41382
41380
41304
41301
41298
41289
41285
41283
41270
41236
41230
41189
41181
41167
41150
41136
41114
41043
41040
40939
40870
40818
40793
40789
40670
40597
40581
40510
40503
40491
40491
40478
40465
40463
40362
40357
40278
40255
40211
40195
40185
40169
40159
40085
40084
40069
40052
39975
39910
39874
39847
39828
39747
39711
39707
39680
39676
39635
39595
39585
39569
39509
39504
39490
39356
39348
39315
39306
39278
39270
39231
39223
39208
39204
39171
39139
39097
39051
39046
39036
38989
38987
38981
38859
38840
38839
38808
38787
38786
38776
38737
38731
38688
38673
38601
38598
38559
38555
38545
38537
38512
38500
38494
38487
38448
38427
38369
38344
38344
38304
38295
38215
38192
38167
38138
38085
38034
37985
37984
37949
37948
37908
37903
37898
37884
37871
37861
37861
37779
37773
37772
37765
37712
37673
37655
37637
37585
37521
37472
37451
37437
37360
37360
37351
37242
37185
37119
37107
37079
37072
37032
37030
36994
36953
36933
36928
36919
36871
36870
36823
36810
36800
36772
36761
36747
36735
36720
36645
36630
36621
36573
36552
36543
36535
36482
36458
36445
36352
36348
36324
36301
36285
36270
36241
36178
36116
36068
36021
35995
35974
35960
35955
35951
35922
35920
35900
35864
35855
35840
35808
35806
35788
35743
35718
35698
35627
35612
35524
35511
35493
35436
35418
35371
35367
35359
35319
35277
35259
35219
35147
35132
35129
35110
35093
35081
35041
35026
35015
34997
34992
34949
34933
34924
34920
34915
34904
34869
34808
34800
34798
34794
34787
34776
34739
34707
34677
34639
34613
34563
34551
34544
34532
34473
34461
34460
34458
34419
34388
34348
34327
34310
34305
34297
34272
34247
34217
34215
34214
34197
34195
34100
34084
34047
34025
34003
33989
33985
33974
33944
33937
33923
33917
33909
33890
33881
33822
33786
33723
33718
33658
33628
33628
33625
33615
33585
33577
33573
33536
33533
33444
33397
33365
33335
33314
33311
33309
33268
33253
33212
33205
33130
33120
33112
33111
33105
33095
33086
33053
33038
33033
33010
32975
32966
32933
32901
32896
32893
32892
32888
32888
32877
32868
32817
32789
32774
32772
32758
32731
32725
32716
32716
32695
32680
32676
32653
32626
32600
32580
32572
32564
32494
32486
32480
32478
32384
32383
32376
32368
32359
32355
32354
32346
32324
32318
32281
32240
32225
32189
32107
32103
32086
32026
32025
31977
31974
31931
31895
31889
31887
31884
31876
31857
31842
31827
31819
31815
31810
31806
31793
31762
31735
31702
31658
31637
31578
31570
31566
31523
31495
31473
31448
31421
31410
31364
31350
31339
31338
31338
31319
31302
31300
31250
31224
31215
31203
31175
31146
31134
31119
31107
31098
31090
31088
31063
30975
30949
30940
30924
30907
30904
30898
30891
30887
30879
30865
30840
30826
30785
30770
30742
30723
30706
30694
30677
30668
30645
30634
30628
30626
30624
30610
30579
30572
30534
30524
30519
30509
30499
30490
30487
30465
30438
30433
30379
30375
30358
30357
30349
30307
30295
30289
30288
30266
30260
30260
30232
30194
30122
30103
30056
30036
30033
30033
30032
30026
30011
29990
29980
29954
29952
29947
29943
29927
29911
29850
29818
29782
29782
29762
29753
29739
29739
29732
29693
29691
29673
29643
29625
29623
29616
29614
29604
29553
29492
29491
29474
29469
29452
29426
29423
29422
29397
29393
29361
29358
29337
29302
29234
29234
29221
29217
29214
29205
29193
29192
29183
29176
29174
29171
29163
29076
29075
29054
29032
29022
29015
29009
29005
28991
28989
28989
28987
28961
28947
28947
28936
28927
28892
28890
28885
28866
28831
28815
28810
28749
28749
28747
28729
28711
28701
28682
28637
28632
28595
28589
28559
28539
28539
28497
28485
28479
28477
28432
28410
28389
28378
28377
28370
28320
28290
28282
28273
28265
28210
28190
28151
28138
28133
28109
28100
28099
28058
28057
28054
28009
28006
27994
27989
27958
27944
27919
27916
27899
27897
27883
27873
27871
27843
27833
27810
27810
27801
27776
27772
27763
27749
27746
27732
27728
27724
27723
27714
27668
27666
27655
27653
27649
27643
27606
27599
27599
27581
27572
27571
27553
27538
27534
27528
27523
27502
27485
27473
27472
27470
27461
27365
27362
27357
27332
27304
27302
27290
27277
27270
27242
27220
27207
27201
27193
27191
27101
27095
27073
27042
27038
27038
27028
27025
27000
26980
26970
26964
26964
26960
26929
26906
26906
26868
26862
26851
26842
26834
26832
26815
26800
26780
26780
26779
26740
26737
26723
26722
26701
26699
26692
26684
26682
26663
26663
26658
26655
26653
26624
26601
26578
26559
26554
26544
26538
26536
26484
26476
26474
26461
26431
26406
26384
26379
26373
26365
26364
26323
26320
26318
26301
26300
26287
26281
26277
26270
26267
26244
26224
26206
26201
26197
26183
26161
26154
26148
26122
26120
26119
26119
26104
26099
26098
26087
26086
26080
26077
26071
26070
26051
26050
26046
26031
26025
26019
26018
26018
26011
25945
25944
25943
25941
25938
25923
25912
25861
25855
25822
25810
25806
25804
25803
25793
25752
25737
25722
25692
25674
25672
25669
25657
25637
25635
25625
25617
25593
25584
25581
25575
25568
25529
25522
25513
25449
25445
25443
25424
25423
25396
25387
25357
25355
25350
25336
25332
25310
25309
25287
25279
25271
25246
25242
25237
25235
25183
25161
25156
25153
25146
25135
25125
25124
25088
25069
25044
25029
25015
25008
25007
25006
24993
24983
24972
24971
24966
24962
24952
24947
24941
24935
24920
24897
24882
24845
24830
24829
24820
24816
24806
24805
24777
24762
24759
24749
24738
24737
24721
24718
24710
24706
24681
24663
24646
24636
24631
24621
24608
24594
24575
24547
24538
24525
24505
24489
24488
24476
24467
24466
24448
24448
24441
24439
24428
24413
24402
24399
24392
24389
24386
24375
24360
24352
24333
24324
24306
24300
24293
24292
24267
24259
24257
24246
24239
24235
24214
24212
24202
24174
24160
24159
24147
24145
24138
24122
24114
24107
24104
24092
24078
24075
24042
24033
24021
24016
24010
23995
23995
23957
23956
23939
23918
23915
23909
23898
23892
23891
23884
23881
23878
23877
23871
23866
23821
23808
23792
23784
23782
23780
23771
23762
23762
23761
23757
23750
23734
23723
23717
23703
23694
23680
23677
23664
23662
23661
23647
23637
23637
23587
23576
23538
23505
23498
23494
23494
23483
23466
23455
23451
23451
23450
23423
23408
23395
23387
23370
23343
23342
23341
23336
23332
23331
23312
23299
23287
23281
23281
23244
23191
23189
23182
23153
23152
23145
23141
23134
23130
23114
23099
23097
23072
23068
23042
23026
23011
23002
23002
23000
22996
22981
22977
22965
22942
22919
22913
22904
22892
22883
22883
22881
22866
22853
22847
22844
22828
22827
22816
22809
22808
22794
22793
22789
22755
22746
22737
22736
22734
22714
22711
22698
22691
22665
22664
22648
22644
22630
22622
22620
22610
22594
22578
22574
22572
22568
22567
22560
22558
22557
22552
22542
22538
22515
22496
22490
22469
22464
22461
22457
22437
22426
22413
22406
22398
22375
22369
22356
22341
22329
22323
22323
22323
22322
22304
22285
22283
22267
22261
22260
22259
22256
22252
22251
22249
22244
22231
22228
22226
22221
22219
22209
22196
22182
22179
22166
22162
22128
22124
22122
22120
22111
22099
22097
22089
22080
22067
22036
22034
22029
22027
22024
22020
22019
22001
21983
21981
21976
21957
21954
21945
21907
21902
21901
21897
21897
21890
21886
21884
21879
21860
21860
21829
21824
21824
21801
21798
21796
21790
21786
21769
21768
21747
21742
21734
21733
21724
21723
21716
21707
21697
21685
21680
21670
21669
21662
21636
21631
21627
21614
21614
21604
21604
21603
21603
21591
21589
21584
21567
21565
21561
21558
21536
21532
21501
21487
21474
21473
21466
21464
21437
21431
21423
21417
21410
21400
21398
21396
21386
21374
21369
21366
21364
21359
21346
21343
21342
21340
21323
21314
21302
21294
21280
21279
21271
21265
21258
21256
21248
21215
21212
21205
21199
21197
21163
21162
21161
21161
21156
21130
21127
21125
21121
21093
21079
21076
21075
21068
21047
21042
21041
21041
21037
21035
21030
21017
21012
21011
20980
20979
20976
20972
20968
20967
20959
20954
20952
20949
20911
20903
20901
20892
20878
20878
20875
20863
20860
20851
20838
20834
20815
20811
20794
20794
20789
20783
20772
20772
20738
20726
20719
20712
20710
20710
20685
20678
20676
20675
20673
20673
20666
20653
20649
20641
20634
20624
20606
20604
20589
20574
20570
20568
20568
20556
20555
20549
20546
20542
20519
20505
20504
20475
20464
20463
20457
20450
20448
20439
20399
20398
20393
20371
20354
20352
20351
20345
20342
20340
20327
20316
20308
20299
20298
20293
20292
20278
20271
20270
20269
20259
20252
20249
20244
20238
20225
20218
20215
20208
20181
20178
20177
20164
20163
20156
20155
20140
20135
20134
20131
20127
20122
20119
20106
20102
20084
20069
20068
20065
20063
20037
20036
20027
20022
20022
20018
20012
19994
19990
19987
19979
19967
19957
19945
19945
19940
19939
19938
19933
19929
19919
19913
19906
19904
19890
19870
19857
19849
19849
19840
19837
19825
19815
19810
19806
19800
19780
19780
19768
19760
19758
19742
19739
19715
19711
19710
19703
19693
19683
19679
19664
19658
19639
19636
19635
19623
19618
19606
19597
19587
19575
19573
19571
19549
19543
19542
19540
19524
19522
19517
19512
19508
19503
19500
19490
19486
19484
19483
19478
19474
19469
19465
19427
19426
19403
19376
19376
19372
19371
19370
19370
19367
19365
19357
19339
19328
19327
19315
19309
19306
19291
19289
19287
19276
19259
19258
19247
19244
19243
19234
19211
19202
19199
19195
19192
19190
19190
19185
19184
19179
19165
19164
19161
19160
19151
19150
19150
19145
19142
19141
19136
19132
19121
19114
19108
19108
19104
19097
19093
19061
19049
19048
19047
19043
19035
19035
19034
19032
19026
19026
19014
18999
18966
18966
18957
18954
18951
18948
18948
18940
18936
18934
18927
18923
18920
18890
18885
18881
18879
18863
18862
18852
18852
18849
18848
18846
18846
18846
18843
18833
18828
18826
18825
18819
18810
18801
18799
18798
18790
18786
18772
18765
18760
18756
18747
18740
18736
18725
18724
18717
18710
18703
18689
18686
18674
18673
18673
18669
18665
18665
18651
18648
18645
18644
18643
18640
18638
18635
18634
18633
18625
18624
18616
18614
18607
18604
18592
18585
18581
18581
18578
18570
18563
18562
18551
18537
18537
18533
18518
18509
18495
18491
18478
18469
18469
18467
18465
18457
18456
18453
18442
18439
18431
18429
18426
18419
18403
18389
18378
18371
18368
18365
18349
18336
18324
18312
18309
18307
18299
18294
18292
18287
18286
18283
18267
18265
18259
18237
18232
18226
18224
18223
18223
18207
18206
18200
18199
18161
18159
18154
18154
18146
18144
18139
18131
18127
18111
18102
18090
18089
18088
18080
18080
18079
18079
18056
18041
18025
18023
18008
18007
18005
18002
17997
17990
17975
17967
17963
17958
17953
17953
17951
17949
17942
17941
17933
17932
17927
17926
17923
17923
17922
17917
17911
17905
17903
17901
17895
17885
17885
17882
17873
17860
17858
17853
17849
17840
17840
17837
17836
17835
17833
17832
17826
17811
17807
17801
17795
17786
17785
17784
17774
17773
17758
17754
17752
17751
17733
17728
17728
17726
17719
17718
17699
17695
17693
17693
17691
17676
17668
17652
17651
17648
17645
17634
17631
17620
17617
17617
17615
17613
17604
17603
17594
17592
17590
17590
17589
17578
17573
17565
17564
17561
17560
17556
17547
17539
17535
17535
17531
17513
17512
17505
17502
17488
17480
17473
17471
17453
17450
17448
17442
17424
17423
17423
17420
17416
17413
17413
17409
17393
17380
17373
17373
17364
17354
17352
17352
17346
17345
17330
17329
17326
17324
17323
17318
17314
17301
17273
17272
17264
17261
17260
17260
17258
17217
17214
17213
17208
17202
17202
17202
17185
17181
17180
17170
17167
17158
17157
17154
17152
17149
17144
17140
17136
17134
17130
17127
17127
17122
17115
17112
17111
17108
17105
17105
17102
17089
17085
17082
17080
17073
17065
17063
17060
17059
17053
17051
17050
17042
17041
17038
17032
17028
17021
17012
17001
16999
16977
16975
16975
16970
16967
16959
16952
16951
16948
16941
16941
16936
16932
16931
16931
16928
16923
16918
16918
16917
16913
16911
16910
16909
16909
16899
16898
16892
16892
16886
16874
16861
16859
16859
16853
16847
16831
16822
16807
16806
16793
16773
16766
16764
16762
16760
16752
16751
16744
16743
16742
16741
16737
16727
16722
16713
16713
16703
16701
16687
16681
16674
16672
16662
16655
16650
16631
16613
16609
16609
16609
16592
16587
16585
16584
16583
16582
16572
16571
16571
16567
16562
16560
16555
16551
16549
16548
16543
16539
16532
16522
16522
16513
16511
16507
16506
16505
16503
16500
16497
16497
16492
16483
16479
16476
16468
16468
16467
16462
16459
16452
16435
16433
16420
16420
16415
16407
16405
16403
16396
16395
16393
16391
16389
16388
16385
16381
16379
16375
16372
16369
16362
16360
16354
16351
16351
16339
16335
16335
16326
16326
16318
16315
16314
16314
16303
16294
16288
16287
16283
16281
16276
16273
16272
16266
16259
16254
16251
16249
16248
16246
16237
16232
16232
16229
16219
16218
16217
16216
16210
16204
16198
16196
16195
16187
16185
16180
16176
16167
16163
16158
16144
16141
16127
16117
16117
16112
16105
16103
16101
16099
16095
16091
16083
16082
16069
16068
16068
16066
16062
16060
16057
16052
16047
16042
16038
16036
16020
16017
16016
16009
15999
15984
15984
15984
15983
15972
15970
15966
15961
15958
15947
15941
15932
15929
15904
15902
15901
15900
15898
15897
15896
15896
15892
15887
15883
15877
15875
15871
15867
15863
15861
15843
15842
15821
15814
15813
15807
15807
15807
15805
15803
15803
15802
15793
15788
15770
15752
15750
15746
15744
15734
15726
15722
15721
15720
15719
15705
15704
15692
15688
15688
15682
15670
15669
15669
15666
15664
15663
15658
15656
15648
15642
15601
15597
15597
15596
15595
15583
15582
15579
15576
15573
15560
15559
15558
15556
15555
15544
15538
15533
15525
15522
15519
15518
15511
15510
15510
15504
15502
15496
15488
15485
15484
15484
15482
15480
15480
15479
15477
15472
15468
15467
15465
15464
15463
15462
15460
15458
15457
15442
15433
15420
15419
15416
15413
15411
15410
15407
15405
15400
15391
15386
15382
15376
15373
15370
15367
15363
15358
15350
15344
15341
15334
15328
15323
15316
15313
15310
15309
15303
15302
15299
15288
15283
15280
15278
15275
15275
15272
15271
15265
15264
15255
15252
15252
15251
15240
15235
15230
15227
15222
15220
15217
15215
15210
15197
15191
15189
15188
15185
15184
15184
15183
15183
15181
15175
15172
15172
15172
15169
15163
15158
15156
15156
15148
15147
15139
15131
15131
15130
15124
15123
15120
15120
15114
15112
15104
15103
15099
15096
15096
15093
15092
15088
15087
15083
15069
15068
15061
15048
15048
15044
15043
15041
15037
15037
15032
15029
15028
15023
15018
15014
15012
15010
15005
15003
14998
14997
14989
14987
14969
14968
14959
14950
14941
14941
14938
14937
14937
14934
14926
14923
14923
14922
14917
14917
14912
14908
14899
14899
14893
14890
14887
14883
14881
14877
14875
14872
14871
14868
14867
14864
14861
14856
14855
14853
14845
14840
14839
14836
14836
14832
14829
14823
14822
14820
14809
14808
14807
14804
14800
14799
14795
14789
14785
14776
14773
14772
14770
14767
14763
14762
14746
14741
14737
14734
14733
14726
14725
14722
14719
14712
14701
14691
14691
14690
14688
14681
14680
14679
14678
14678
14677
14669
14665
14656
14656
14647
14644
14644
14642
14640
14640
14617
14614
14612
14609
14606
14604
14603
14602
14597
14596
14596
14595
14592
14590
14583
14573
14573
14570
14568
14568
14565
14563
14561
14558
14557
14551
14550
14548
14542
14540
14539
14537
14537
14535
14530
14528
14523
14514
14503
14498
14496
14495
14493
14490
14478
14465
14463
14462
14461
14457
14457
14449
14449
14440
14439
14434
14431
14430
14427
14417
14415
14412
14399
14397
14397
14394
14392
14390
14385
14380
14375
14374
14370
14369
14368
14361
14356
14354
14348
14344
14339
14338
14335
14332
14331
14327
14327
14324
14323
14320
14317
14313
14308
14306
14299
14294
14294
14291
14290
14285
14279
14274
14273
14249
14241
14239
14236
14227
14227
14226
14221
14219
14218
14215
14215
14213
14212
14204
14202
14200
14198
14195
14191
14185
14183
14183
14169
14162
14161
14158
14155
14152
14151
14143
14141
14140
14136
14135
14135
14134
14127
14125
14123
14122
14122
14117
14112
14111
14111
14103
14102
14101
14099
14099
14088
14086
14085
14084
14081
14081
14079
14079
14076
14069
14064
14060
14060
14057
14048
14047
14047
14047
14046
14044
14037
14034
14019
14017
14010
14002
14001
14000
14000
13993
13992
13977
13970
13966
13965
13961
13959
13959
13958
13958
13954
13951
13949
13939
13932
13930
13927
13922
13921
13915
13915
13913
13912
13912
13911
13901
13900
13899
13897
13897
13896
13893
13892
13891
13889
13883
13883
13882
13882
13879
13876
13868
13865
13862
13861
13857
13852
13844
13841
13840
13829
13827
13827
13804
13802
13801
13800
13793
13792
13789
13784
13784
13783
13773
13763
13761
13761
13751
13749
13746
13742
13741
13739
13738
13733
13733
13729
13727
13723
13722
13713
13711
13709
13706
13700
13698
13697
13688
13683
13679
13675
13673
13665
13658
13655
13655
13654
13650
13640
13637
13635
13633
13633
13631
13629
13628
13623
13616
13614
13613
13610
13606
13605
13598
13598
13591
13590
13586
13586
13579
13574
13574
13571
13568
13567
13553
13550
13550
13545
13545
13537
13534
13531
13518
13503
13503
13498
13494
13492
13488
13488
13487
13483
13478
13477
13464
13462
13461
13457
13457
13453
13453
13451
13444
13443
13441
13437
13435
13433
13432
13430
13422
13421
13420
13416
13415
13413
13412
13411
13408
13407
13405
13403
13399
13399
13397
13395
13392
13377
13374
13372
13369
13367
13367
13365
13365
13362
13358
13358
13357
13355
13347
13347
13346
13343
13343
13342
13335
13335
13328
13322
13319
13316
13314
13313
13309
13309
13303
13298
13287
13285
13284
13275
13269
13268
13263
13263
13263
13262
13260
13259
13252
13243
13242
13237
13229
13226
13226
13224
13219
13218
13217
13217
13217
13216
13215
13212
13206
13200
13192
13191
13184
13184
13182
13181
13179
13173
13172
13171
13154
13152
13151
13148
13138
13137
13136
13122
13115
13110
13108
13107
13103
13102
13098
13095
13091
13083
13082
13081
13077
13075
13073
13069
13066
13063
13059
13058
13057
13055
13053
13051
13050
13049
13049
13048
13047
13045
13045
13043
13043
13042
13042
13036
13035
13035
13032
13028
13026
13022
13020
13020
13019
13018
13017
13016
13014
13013
13012
13007
13003
13002
12999
12999
12996
12988
12982
12980
12979
12975
12975
12973
12970
12969
12968
12967
12961
12961
12960
12956
12955
12955
12952
12950
12949
12946
12946
12934
12934
12932
12931
12925
12918
12914
12912
12909
12906
12906
12906
12906
12904
12903
12898
12898
12898
12898
12895
12894
12889
12888
12888
12881
12875
12864
12863
12861
12860
12854
12853
12846
12845
12837
12835
12835
12831
12823
12820
12816
12815
12814
12810
12808
12806
12806
12805
12803
12803
12799
12795
12789
12787
12786
12782
12780
12780
12777
12775
12773
12769
12764
12754
12749
12749
12749
12745
12737
12733
12733
12732
12731
12723
12720
12714
12711
12711
12708
12708
12703
12703
12702
12695
12694
12688
12684
12683
12682
12681
12680
12679
12678
12677
12676
12674
12666
12662
12661
12658
12657
12655
12655
12654
12649
12645
12644
12640
12640
12638
12636
12635
12633
12632
12628
12625
12620
12619
12616
12616
12615
12613
12600
12596
12595
12594
12592
12590
12589
12585
12584
12582
12580
12575
12574
12574
12572
12569
12562
12560
12560
12556
12555
12551
12551
12550
12545
12542
12542
12542
12541
12538
12538
12536
12535
12534
12533
12533
12532
12530
12525
12516
12510
12507
12500
12496
12487
12487
12483
12482
12482
12482
12481
12472
12472
12470
12470
12470
12467
12466
12466
12462
12462
12460
12459
12459
12455
12453
12451
12449
12447
12438
12435
12432
12426
12422
12417
12415
12413
12405
12401
12399
12395
12386
12383
12382
12381
12378
12378
12374
12371
12371
12363
12358
12346
12346
12346
12346
12343
12342
12338
12325
12318
12317
12317
12316
12314
12309
12305
12304
12304
12299
12298
12297
12297
12293
12293
12291
12290
12289
12286
12284
12279
12278
12275
12275
12274
12270
12266
12258
12257
12257
12254
12251
12250
12248
12243
12242
12235
12231
12229
12228
12226
12222
12218
12215
12198
12197
12196
12189
12189
12184
12184
12182
12175
12173
12171
12170
12166
12163
12162
12160
12160
12155
12151
12144
12144
12142
12141
12136
12132
12129
12125
12120
12117
12117
12115
12112
12110
12110
12109
12106
12106
12105
12104
12103
12102
12102
12101
12093
12092
12086
12084
12079
12074
12070
12068
12066
12066
12058
12055
12047
12047
12044
12043
12042
12041
12039
12037
12031
12025
12025
12017
12016
12014
12012
12011
12009
12008
12005
12005
12003
12000
11999
11998
11993
11992
11992
11990
11990
11979
11975
11971
11971
11970
11965
11961
11959
11955
11953
11952
11949
11948
11944
11941
11936
11933
11932
11932
11926
11926
11924
11921
11921
11918
11918
11917
11915
11915
11914
11912
11910
11906
11906
11901
11901
11899
11896
11895
11892
11883
11882
11881
11881
11880
11880
11878
11877
11874
11868
11865
11862
11859
11858
11856
11855
11852
11852
11849
11848
11843
11843
11841
11841
11839
11837
11836
11834
11831
11831
11830
11828
11828
11827
11824
11824
11822
11820
11819
11816
11814
11806
11805
11804
11801
11800
11798
11795
11795
11795
11795
11794
11792
11784
11776
11773
11766
11764
11762
11758
11756
11754
11753
11752
11751
11747
11746
11744
11742
11742
11737
11735
11732
11730
11727
11723
11717
11714
11714
11710
11709
11709
11708
11701
11698
11695
11692
11690
11688
11688
11687
11686
11685
11683
11680
11679
11677
11676
11673
11671
11670
11669
11667
11667
11666
11664
11662
11658
11656
11655
11654
11652
11651
11651
11647
11646
11644
11639
11639
11638
11636
11626
11625
11625
11624
11623
11620
11619
11618
11618
11613
11609
11607
11606
11606
11604
11604
11604
11601
11600
11599
11596
11596
11595
11592
11591
11590
11588
11588
11585
11584
11583
11582
11581
11580
11579
11579
11577
11574
11574
11572
11572
11568
11565
11564
11562
11560
11560
11557
11554
11552
11550
11549
11547
11545
11542
11542
11534
11527
11523
11521
11520
11518
11517
11516
11514
11512
11500
11499
11497
11494
11494
11491
11485
11483
11482
11482
11479
11477
11476
11470
11469
11467
11467
11467
11466
11460
11460
11460
11459
11456
11452
11449
11448
11448
11444
11442
11441
11434
11429
11421
11416
11412
11406
11399
11397
11394
11391
11390
11389
11389
11382
11382
11382
11381
11378
11378
11374
11372
11371
11364
11363
11362
11360
11360
11356
11353
11352
11350
11343
11338
11334
11332
11332
11318
11317
11317
11316
11315
11313
11312
11306
11301
11297
11296
11295
11294
11293
11290
11284
11279
11278
11276
11268
11268
11266
11261
11258
11255
11255
11253
11252
11252
11251
11251
11245
11245
11242
11241
11239
11238
11232
11230
11230
11229
11227
11221
11221
11220
11217
11214
11212
11211
11208
11206
11202
11201
11200
11194
11189
11188
11188
11186
11181
11178
11178
11176
11174
11169
11168
11162
11161
11157
11157
11157
11155
11153
11153
11152
11149
11149
11141
11140
11137
11133
11131
11131
11131
11130
11128
11128
11124
11124
11123
11122
11121
11118
11116
11116
11116
11115
11111
11111
11108
11106
11104
11103
11102
11098
11095
11095
11094
11094
11093
11092
11087
11087
11086
11084
11084
11083
11082
11081
11079
11078
11078
11076
11074
11074
11074
11069
11068
11066
11063
11063
11062
11061
11061
11059
11057
11056
11054
11052
11046
11040
11036
11035
11035
11032
11032
11030
11028
11025
11025
11024
11023
11023
11018
11018
11017
11015
11011
11009
11008
11001
10997
10997
10995
10990
10990
10987
10985
10982
10977
10974
10973
10972
10971
10969
10965
10964
10964
10963
10960
10957
10957
10952
10951
10950
10948
10946
10943
10943
10940
10939
10938
10936
10936
10935
10935
10934
10933
10932
10930
10929
10927
10926
10925
10924
10915
10914
10911
10906
10902
10902
10901
10899
10895
10893
10882
10881
10881
10879
10879
10878
10875
10874
10869
10869
10865
10862
10856
10856
10855
10855
10853
10852
10850
10850
10848
10846
10845
10841
10841
10837
10830
10826
10824
10824
10822
10818
10813
10812
10812
10812
10811
10810
10809
10804
10802
10801
10798
10791
10788
10787
10787
10786
10782
10779
10778
10774
10770
10768
10766
10764
10758
10757
10757
10755
10751
10750
10746
10742
10740
10740
10739
10737
10737
10737
10735
10735
10735
10734
10734
10725
10725
10724
10724
10721
10719
10719
10717
10717
10716
10714
10714
10714
10713
10712
10711
10709
10707
10702
10702
10702
10702
10701
10694
10692
10692
10689
10687
10682
10678
10673
10672
10672
10671
10671
10668
10665
10663
10662
10654
10652
10651
10648
10647
10645
10643
10641
10641
10641
10641
10635
10635
10633
10630
10629
10629
10628
10628
10627
10624
10622
10621
10620
10619
10618
10613
10611
10611
10609
10607
10606
10605
10605
10603
10602
10601
10601
10598
10598
10597
10589
10588
10587
10587
10586
10586
10584
10583
10583
10581
10579
10579
10578
10576
10571
10571
10570
10569
10568
10568
10565
10565
10563
10562
10561
10561
10559
10557
10554
10550
10542
10541
10538
10535
10533
10532
10531
10523
10522
10519
10519
10518
10517
10516
10510
10508
10506
10506
10502
10500
10498
10498
10498
10495
10493
10492
10480
10477
10475
10473
10467
10464
10463
10461
10460
10459
10457
10454
10454
10452
10452
10451
10446
10444
10444
10443
10443
10442
10441
10439
10438
10437
10434
10429
10426
10424
10419
10419
10419
10415
10412
10404
10404
10402
10402
10400
10396
10395
10392
10388
10383
10376
10376
10375
10373
10369
10369
10369
10368
10368
10367
10365
10365
10365
10363
10363
10362
10356
10354
10353
10352
10351
10350
10349
10347
10347
10343
10342
10339
10336
10331
10331
10329
10329
10329
10327
10326
10321
10317
10314
10311
10311
10310
10308
10306
10306
10306
10297
10293
10293
10292
10292
10291
10291
10290
10288
10286
10285
10284
10282
10281
10281
10279
10278
10273
10271
10270
10270
10260
10257
10256
10256
10256
10253
10251
10249
10243
10236
10236
10230
10230
10229
10228
10228
10227
10227
10223
10222
10222
10214
10213
10212
10208
10206
10204
10199
10199
10195
10191
10190
10187
10187
10185
10185
10183
10183
10181
10181
10180
10176
10176
10173
10170
10168
10168
10165
10165
10163
10159
10159
10157
10155
10155
10153
10152
10151
10151
10149
10148
10146
10145
10144
10142
10141
10139
10136
10136
10134
10134
10130
10129
10126
10123
10123
10123
10122
10120
10118
10116
10116
10114
10112
10109
10109
10108
10107
10105
10104
10102
10101
10101
10100
10099
10098
10096
10096
10094
10092
10091
10091
10088
10088
10086
10086
10086
10084
10083
10082
10081
10080
10075
10075
10074
10071
10068
10067
10067
10065
10064
10063
10056
10052
10051
10051
10051
10049
10048
10045
10041
10034
10033
10031
10029
10028
10027
10027
10025
10021
10020
10018
10018
10018
10010
10009
10008
10007
10007
10006
10006
10005
10002
10001
10001
9998
9996
9992
9989
9988
9988
9983
9983
9981
9978
9977
9976
9974
9974
9973
9972
9971
9971
9963
9963
9962
9961
9960
9958
9957
9956
9955
9954
9953
9953
9952
9948
9945
9944
9943
9942
9940
9939
9939
9939
9936
9933
9931
9929
9928
9927
9926
9925
9924
9923
9922
9920
9916
9912
9911
9910
9909
9909
9909
9908
9906
9903
9902
9902
9901
9901
9900
9900
9898
9896
9895
9895
9894
9893
9893
9887
9886
9886
9884
9883
9882
9877
9877
9873
9872
9870
9869
9868
9866
9866
9864
9861
9860
9859
9857
9856
9853
9853
9852
9850
9850
9847
9847
9845
9843
9843
9841
9840
9840
9839
9839
9839
9836
9835
9831
9829
9829
9827
9824
9823
9822
9821
9820
9820
9818
9817
9812
9812
9807
9806
9805
9805
9804
9801
9798
9797
9796
9790
9785
9785
9784
9784
9783
9782
9780
9779
9777
9777
9776
9774
9773
9771
9768
9768
9763
9762
9761
9760
9756
9755
9752
9752
9751
9751
9749
9746
9743
9743
9743
9742
9738
9738
9736
9735
9734
9734
9733
9733
9729
9728
9724
9723
9723
9721
9720
9720
9720
9720
9719
9714
9713
9712
9712
9710
9709
9705
9704
9701
9701
9700
9699
9698
9692
9691
9691
9691
9691
9691
9688
9680
9679
9678
9676
9674
9674
9669
9669
9668
9667
9665
9662
9658
9657
9652
9652
9652
9652
9651
9650
9650
9650
9649
9649
9648
9648
9647
9644
9640
9639
9639
9639
9634
9633
9633
9632
9632
9630
9629
9625
9622
9615
9606
9605
9602
9602
9601
9595
9595
9593
9588
9587
9585
9585
9583
9580
9580
9580
9577
9577
9575
9574
9573
9573
9572
9572
9571
9570
9569
9569
9568
9568
9566
9566
9565
9557
9554
9552
9552
9552
9551
9548
9546
9546
9544
9542
9542
9541
9539
9539
9538
9538
9538
9536
9533
9532
9531
9526
9526
9522
9521
9520
9518
9517
9516
9515
9510
9506
9505
9504
9502
9501
9500
9500
9495
9495
9494
9493
9492
9487
9486
9486
9482
9482
9481
9479
9479
9476
9476
9474
9472
9471
9470
9470
9468
9468
9467
9465
9465
9464
9462
9462
9459
9453
9452
9450
9449
9449
9448
9447
9447
9444
9438
9437
9431
9431
9430
9429
9429
9426
9424
9424
9424
9423
9421
9419
9418
9415
9413
9412
9412
9412
9411
9410
9408
9405
9405
9401
9399
9398
9397
9395
9395
9394
9391
9388
9387
9385
9383
9383
9381
9378
9377
9373
9372
9371
9370
9368
9368
9366
9365
9363
9363
9360
9360
9360
9357
9353
9352
9350
9349
9349
9349
9349
9343
9343
9342
9334
9332
9332
9330
9330
9324
9322
9321
9321
9318
9317
9316
9316
9309
9308
9308
9306
9305
9305
9304
9303
9302
9302
9295
9293
9293
9289
9286
9283
9283
9282
9282
9281
9279
9278
9278
9277
9276
9276
9275
9274
9274
9272
9272
9269
9268
9267
9267
9267
9263
9262
9259
9258
9257
9257
9253
9252
9252
9252
9251
9250
9247
9246
9245
9245
9241
9236
9236
9234
9233
9232
9232
9231
9229
9228
9225
9225
9224
9224
9221
9221
9218
9217
9215
9212
9208
9207
9207
9206
9205
9204
9203
9200
9199
9198
9198
9194
9192
9192
9192
9191
9189
9189
9185
9183
9180
9176
9172
9170
9170
9169
9163
9163
9162
9162
9160
9160
9157
9157
9156
9149
9147
9145
9144
9143
9141
9140
9140
9136
9135
9135
9135
9134
9133
9130
9129
9128
9128
9125
9124
9123
9120
9120
9118
9118
9116
9115
9114
9113
9112
9111
9110
9110
9109
9108
9108
9107
9107
9107
9103
9102
9101
9101
9100
9098
9098
9096
9093
9093
9092
9087
9086
9086
9086
9085
9084
9084
9082
9081
9080
9077
9076
9075
9073
9071
9070
9066
9066
9066
9065
9064
9063
9062
9061
9059
9059
9057
9056
9054
9054
9053
9049
9049
9047
9045
9043
9042
9041
9041
9039
9039
9038
9038
9037
9035
9033
9033
9033
9033
9031
9031
9029
9026
9026
9024
9023
9023
9021
9020
9019
9017
9017
9017
9014
9014
9014
9013
9012
9012
9009
9009
9007
9006
9005
9002
9001
9000
8998
8997
8996
8995
8994
8993
8993
8993
8992
8992
8990
8989
8989
8988
8986
8985
8985
8984
8982
8981
8981
8980
8980
8977
8977
8976
8973
8970
8969
8966
8965
8964
8961
8961
8960
8958
8958
8957
8955
8954
8954
8954
8953
8952
8950
8950
8946
8946
8946
8943
8941
8941
8939
8938
8937
8936
8935
8935
8934
8934
8933
8933
8931
8931
8931
8928
8925
8925
8924
8923
8922
8921
8920
8920
8918
8918
8917
8915
8914
8912
8912
8910
8907
8907
8907
8904
8904
8901
8899
8896
8894
8894
8891
8891
8889
8887
8887
8881
8881
8880
8880
8878
8877
8877
8876
8876
8875
8875
8874
8874
8874
8872
8871
8871
8868
8867
8866
8859
8858
8858
8857
8857
8855
8855
8852
8851
8850
8850
8849
8849
8847
8847
8843
8843
8842
8837
8830
8829
8829
8827
8826
8825
8825
8824
8823
8823
8821
8819
8819
8819
8815
8814
8814
8814
8812
8812
8810
8810
8809
8808
8808
8808
8804
8803
8802
8801
8801
8800
8799
8796
8793
8791
8790
8790
8788
8788
8788
8788
8787
8786
8786
8785
8785
8784
8782
8780
8780
8780
8776
8774
8771
8768
8765
8765
8764
8763
8763
8762
8759
8758
8757
8755
8755
8755
8753
8752
8751
8749
8747
8747
8747
8746
8745
8744
8743
8742
8740
8739
8739
8739
8738
8737
8735
8732
8730
8728
8727
8726
8725
8722
8718
8716
8716
8709
8708
8708
8708
8707
8705
8704
8703
8699
8698
8698
8697
8695
8687
8685
8685
8683
8682
8680
8680
8679
8678
8676
8676
8675
8673
8673
8672
8672
8670
8670
8667
8664
8663
8663
8662
8662
8660
8660
8659
8659
8657
8652
8652
8651
8650
8645
8645
8644
8641
8641
8640
8637
8637
8636
8633
8631
8630
8628
8625
8624
8623
8623
8623
8622
8622
8620
8620
8618
8617
8615
8615
8615
8613
8613
8610
8609
8605
8604
8602
8600
8599
8599
8596
8596
8595
8595
8595
8595
8594
8593
8592
8591
8591
8591
8589
8588
8588
8587
8587
8587
8587
8587
8586
8585
8585
8584
8583
8583
8583
8582
8582
8581
8581
8580
8579
8578
8576
8576
8575
8575
8573
8571
8570
8566
8564
8563
8563
8561
8559
8558
8557
8555
8553
8550
8549
8549
8548
8548
8547
8546
8546
8545
8544
8541
8540
8539
8538
8537
8537
8535
8534
8533
8531
8529
8529
8528
8527
8527
8526
8524
8524
8524
8522
8521
8520
8519
8519
8518
8517
8517
8515
8515
8514
8514
8513
8511
8511
8510
8510
8510
8509
8508
8508
8508
8508
8507
8505
8500
8498
8498
8498
8496
8491
8489
8486
8485
8484
8483
8483
8482
8482
8478
8477
8476
8475
8474
8473
8470
8469
8467
8466
8465
8464
8463
8462
8461
8460
8459
8459
8458
8457
8454
8453
8452
8451
8451
8449
8448
8448
8446
8444
8443
8441
8440
8439
8437
8437
8436
8435
8435
8434
8434
8433
8431
8428
8428
8427
8425
8425
8424
8423
8418
8418
8417
8413
8411
8410
8410
8408
8408
8406
8405
8401
8399
8399
8399
8398
8398
8397
8397
8396
8396
8395
8393
8393
8392
8391
8390
8389
8389
8386
8385
8385
8384
8383
8382
8382
8380
8379
8379
8378
8377
8376
8376
8375
8373
8372
8371
8370
8370
8370
8367
8367
8366
8366
8366
8365
8360
8360
8360
8359
8359
8358
8356
8356
8351
8351
8346
8345
8344
8343
8341
8340
8334
8334
8333
8332
8331
8329
8328
8328
8327
8327
8326
8326
8325
8324
8323
8322
8320
8318
8318
8313
8312
8310
8310
8309
8308
8308
8307
8307
8304
8302
8302
8301
8301
8300
8300
8300
8299
8299
8299
8298
8298
8298
8298
8298
8295
8295
8295
8293
8291
8290
8290
8288
8285
8283
8282
8281
8281
8281
8279
8278
8277
8276
8275
8274
8272
8272
8269
8268
8267
8267
8266
8265
8263
8263
8262
8259
8259
8256
8256
8255
8254
8252
8248
8247
8243
8241
8240
8240
8238
8238
8237
8237
8237
8236
8235
8235
8234
8232
8230
8228
8228
8226
8226
8225
8222
8220
8219
8219
8219
8213
8213
8213
8211
8210
8208
8208
8207
8207
8204
8200
8199
8199
8192
8190
8190
8186
8186
8185
8182
8182
8182
8180
8180
8179
8178
8176
8175
8175
8174
8174
8174
8174
8174
8173
8173
8171
8169
8166
8165
8164
8164
8164
8161
8160
8160
8159
8152
8151
8149
8147
8145
8145
8142
8140
8139
8139
8139
8139
8137
8136
8135
8133
8133
8132
8131
8131
8130
8128
8126
8124
8124
8123
8123
8122
8122
8122
8120
8120
8120
8119
8118
8115
8114
8113
8112
8112
8111
8110
8107
8105
8104
8103
8103
8102
8100
8099
8098
8095
8095
8092
8091
8091
8091
8090
8089
8087
8087
8087
8086
8086
8084
8082
8082
8081
8079
8078
8078
8077
8077
8076
8076
8073
8073
8073
8073
8072
8072
8071
8070
8068
8067
8066
8065
8065
8065
8065
8063
8063
8062
8062
8061
8059
8057
8057
8057
8056
8054
8054
8053
8052
8050
8046
8045
8045
8045
8044
8043
8040
8040
8040
8039
8039
8039
8037
8036
8036
8035
8034
8033
8030
8029
8029
8027
8025
8024
8022
8020
8019
8016
8016
8016
8014
8014
8012
8012
8010
8010
8009
8006
8006
8004
8003
8003
8001
8001
8001
8001
8000
8000
7998
7997
7996
7995
7995
7995
7995
7994
7992
7992
7987
7987
7986
7984
7984
7984
7983
7983
7983
7982
7981
7981
7980
7979
7978
7978
7977
7977
7976
7976
7975
7973
7973
7970
7970
7969
7968
7967
7956
7952
7949
7948
7947
7945
7944
7943
7942
7937
7936
7936
7934
7933
7933
7931
7929
7929
7929
7929
7928
7927
7927
7926
7924
7922
7922
7922
7921
7919
7918
7917
7915
7915
7913
7911
7911
7911
7908
7908
7907
7907
7907
7907
7906
7905
7905
7901
7901
7899
7899
7899
7896
7896
7895
7894
7893
7891
7891
7890
7889
7889
7889
7887
7886
7885
7883
7883
7883
7882
7881
7881
7880
7880
7879
7879
7879
7878
7878
7877
7877
7876
7874
7873
7873
7872
7872
7872
7872
7871
7871
7870
7869
7865
7865
7865
7864
7863
7863
7862
7860
7860
7860
7859
7852
7851
7850
7850
7850
7849
7848
7846
7846
7845
7843
7843
7842
7840
7840
7838
7836
7833
7833
7832
7831
7828
7826
7825
7825
7824
7824
7823
7822
7821
7821
7820
7820
7820
7819
7819
7818
7816
7815
7815
7814
7814
7814
7814
7812
7812
7811
7809
7809
7808
7808
7807
7807
7807
7806
7806
7804
7803
7799
7799
7798
7796
7796
7796
7796
7795
7794
7793
7789
7789
7787
7787
7786
7784
7784
7784
7783
7783
7782
7780
7778
7778
7778
7776
7776
7775
7775
7774
7771
7770
7768
7768
7767
7767
7767
7766
7765
7765
7764
7762
7760
7759
7759
7756
7754
7754
7754
7754
7753
7753
7752
7752
7751
7748
7748
7747
7746
7746
7745
7745
7745
7744
7744
7744
7743
7743
7739
7739
7738
7738
7737
7734
7733
7730
7730
7729
7729
7728
7727
7726
7726
7725
7723
7723
7722
7720
7720
7720
7720
7719
7718
7717
7716
7715
7715
7715
7714
7711
7710
7706
7706
7706
7706
7704
7704
7703
7702
7702
7702
7701
7700
7697
7697
7696
7696
7696
7694
7694
7693
7692
7690
7688
7688
7686
7685
7683
7682
7682
7681
7680
7680
7680
7678
7678
7677
7674
7673
7673
7671
7668
7667
7666
7664
7664
7664
7664
7662
7659
7658
7658
7658
7656
7656
7654
7654
7653
7653
7652
7651
7650
7650
7649
7648
7647
7647
7647
7646
7644
7644
7643
7643
7640
7638
7638
7637
7637
7636
7634
7632
7632
7630
7628
7628
7626
7626
7625
7623
7623
7622
7621
7621
7619
7619
7619
7618
7616
7615
7615
7615
7613
7611
7610
7610
7607
7607
7605
7604
7604
7604
7604
7603
7603
7602
7602
7600
7600
7599
7599
7598
7598
7598
7597
7596
7595
7595
7592
7590
7589
7589
7588
7588
7586
7585
7584
7583
7581
7580
7577
7577
7576
7576
7575
7575
7575
7574
7571
7570
7568
7566
7564
7564
7563
7562
7561
7561
7560
7557
7557
7556
7556
7554
7554
7554
7553
7553
7551
7551
7549
7549
7548
7546
7546
7546
7545
7543
7540
7539
7536
7533
7533
7533
7530
7530
7530
7529
7528
7528
7525
7524
7524
7523
7523
7521
7521
7519
7519
7517
7516
7516
7516
7516
7515
7515
7513
7513
7512
7512
7511
7508
7507
7507
7506
7506
7503
7502
7501
7500
7498
7498
7497
7496
7496
7494
7493
7492
7492
7491
7489
7488
7488
7487
7486
7485
7485
7485
7485
7485
7484
7483
7483
7481
7480
7480
7480
7480
7479
7479
7479
7478
7478
7478
7478
7478
7477
7475
7475
7473
7473
7472
7472
7470
7469
7468
7468
7467
7467
7467
7467
7466
7465
7464
7464
7462
7460
7458
7457
7456
7455
7453
7453
7452
7451
7451
7449
7448
7447
7447
7446
7446
7445
7445
7445
7443
7442
7442
7442
7442
7441
7438
7437
7436
7435
7435
7434
7431
7430
7429
7429
7428
7427
7426
7425
7424
7422
7422
7421
7421
7420
7419
7416
7416
7416
7416
7415
7413
7413
7412
7411
7411
7409
7408
7407
7407
7406
7405
7405
7405
7403
7402
7401
7401
7400
7399
7399
7397
7397
7395
7395
7392
7392
7392
7387
7387
7387
7386
7384
7384
7384
7383
7382
7380
7380
7378
7375
7374
7374
7374
7373
7373
7371
7370
7369
7368
7368
7365
7365
7364
7363
7363
7361
7361
7360
7358
7358
7355
7354
7353
7352
7352
7352
7352
7351
7350
7348
7347
7345
7344
7341
7338
7337
7337
7336
7336
7333
7332
7332
7332
7332
7331
7330
7329
7327
7327
7327
7324
7324
7324
7324
7324
7323
7322
7322
7322
7318
7316
7315
7315
7313
7312
7310
7310
7310
7307
7307
7305
7305
7304
7301
7300
7299
7299
7299
7299
7299
7298
7298
7298
7294
7294
7293
7293
7292
7290
7290
7289
7286
7286
7286
7285
7285
7281
7281
7281
7280
7280
7280
7278
7278
7277
7276
7275
7273
7272
7271
7271
7271
7270
7270
7270
7270
7269
7269
7267
7266
7266
7265
7265
7263
7259
7259
7258
7257
7257
7257
7256
7254
7254
7254
7253
7253
7252
7252
7251
7250
7249
7249
7249
7248
7247
7247
7246
7246
7246
7246
7245
7244
7241
7240
7238
7238
7237
7237
7237
7237
7237
7236
7236
7235
7235
7234
7234
7233
7232
7231
7231
7230
7229
7229
7227
7226
7226
7225
7225
7224
7224
7224
7224
7223
7222
7222
7221
7219
7218
7217
7216
7215
7215
7214
7213
7209
7208
7208
7207
7207
7203
7202
7201
7200
7199
7199
7197
7197
7196
7195
7195
7194
7191
7191
7189
7186
7186
7186
7185
7183
7183
7181
7181
7180
7180
7180
7179
7179
7179
7178
7178
7178
7177
7175
7175
7173
7172
7171
7170
7170
7169
7169
7167
7167
7166
7166
7165
7165
7164
7164
7163
7162
7160
7158
7158
7157
7157
7156
7155
7154
7153
7151
7151
7151
7149
7145
7144
7144
7141
7140
7138
7137
7136
7135
7134
7132
7130
7130
7130
7129
7127
7127
7126
7125
7125
7122
7121
7121
7121
7120
7120
7119
7119
7118
7117
7116
7115
7114
7112
7112
7110
7108
7108
7107
7103
7103
7102
7099
7095
7094
7093
7092
7091
7090
7089
7086
7085
7085
7084
7084
7082
7080
7080
7079
7079
7079
7078
7077
7077
7076
7076
7076
7075
7075
7073
7072
7071
7071
7071
7068
7065
7064
7064
7063
7062
7061
7061
7061
7060
7059
7058
7056
7055
7054
7054
7054
7054
7053
7053
7052
7051
7050
7050
7050
7048
7048
7048
7047
7047
7045
7044
7044
7044
7043
7043
7043
7043
7042
7039
7037
7037
7036
7035
7035
7033
7033
7033
7033
7032
7032
7032
7030
7030
7029
7029
7029
7028
7027
7026
7026
7025
7024
7023
7023
7022
7022
7020
7019
7018
7017
7017
7017
7016
7015
7015
7013
7012
7010
7007
7007
7007
7006
7006
7005
7005
7004
7003
7003
7003
7003
7002
7001
7000
6998
6996
6995
6995
6995
6994
6994
6993
6993
6992
6992
6992
6991
6991
6991
6990
6990
6989
6989
6988
6988
6987
6987
6987
6987
6986
6986
6986
6986
6986
6985
6983
6981
6977
6976
6976
6975
6973
6973
6972
6972
6971
6969
6967
6967
6966
6964
6962
6961
6960
6960
6959
6958
6958
6958
6957
6955
6955
6955
6953
6951
6950
6948
6948
6947
6947
6946
6945
6945
6945
6945
6945
6943
6942
6942
6941
6941
6940
6940
6939
6938
6937
6937
6935
6935
6935
6934
6933
6932
6932
6932
6929
6929
6929
6929
6928
6928
6928
6927
6926
6926
6924
6924
6923
6922
6922
6917
6917
6917
6917
6916
6915
6915
6915
6912
6912
6911
6911
6910
6908
6908
6905
6905
6903
6903
6902
6901
6901
6901
6901
6901
6900
6900
6899
6899
6899
6898
6897
6897
6896
6895
6895
6895
6895
6894
6894
6894
6893
6891
6889
6888
6888
6888
6887
6887
6885
6884
6883
6883
6883
6882
6882
6881
6878
6878
6878
6878
6878
6877
6875
6873
6873
6873
6872
6872
6871
6871
6871
6871
6870
6870
6870
6869
6869
6869
6864
6861
6860
6857
6857
6857
6857
6857
6856
6856
6854
6853
6852
6852
6851
6850
6850
6850
6850
6849
6849
6848
6848
6848
6847
6847
6846
6846
6844
6844
6844
6843
6838
6837
6833
6832
6832
6832
6831
6830
6829
6826
6826
6825
6824
6823
6823
6822
6822
6821
6821
6820
6820
6819
6817
6816
6816
6816
6815
6815
6815
6814
6814
6814
6814
6813
6813
6812
6812
6812
6812
6812
6811
6811
6810
6810
6809
6807
6806
6805
6805
6804
6803
6802
6802
6800
6799
6799
6798
6797
6797
6795
6795
6795
6794
6794
6794
6794
6793
6792
6792
6792
6791
6791
6791
6790
6790
6790
6789
6788
6787
6786
6785
6785
6785
6784
6783
6782
6780
6780
6780
6778
6777
6776
6776
6776
6776
6776
6775
6775
6774
6774
6773
6773
6773
6772
6772
6770
6767
6766
6766
6765
6763
6762
6761
6761
6760
6760
6759
6758
6757
6757
6754
6753
6752
6752
6752
6752
6750
6749
6749
6748
6747
6747
6747
6745
6744
6744
6743
6741
6741
6741
6740
6738
6736
6734
6734
6734
6734
6734
6733
6733
6733
6733
6732
6730
6729
6728
6727
6726
6725
6725
6725
6725
6723
6721
6720
6719
6718
6718
6718
6718
6718
6717
6717
6717
6717
6716
6716
6713
6713
6713
6711
6711
6711
6709
6708
6708
6708
6707
6707
6706
6706
6706
6705
6705
6705
6704
6704
6703
6702
6702
6702
6701
6699
6695
6694
6694
6694
6693
6693
6692
6692
6691
6691
6689
6689
6688
6687
6687
6685
6683
6683
6682
6681
6681
6681
6679
6678
6678
6678
6676
6675
6673
6673
6673
6673
6672
6672
6672
6671
6671
6671
6670
6670
6670
6669
6668
6668
6668
6668
6667
6667
6666
6665
6663
6663
6662
6662
6658
6658
6656
6656
6656
6655
6653
6649
6646
6645
6644
6644
6644
6643
6643
6641
6639
6639
6638
6637
6637
6636
6634
6634
6634
6634
6632
6632
6631
6629
6628
6628
6628
6628
6627
6627
6626
6625
6624
6623
6622
6622
6621
6619
6619
6617
6617
6617
6616
6616
6615
6615
6615
6615
6615
6614
6614
6613
6612
6612
6610
6609
6609
6609
6608
6606
6606
6605
6605
6603
6602
6601
6601
6599
6598
6598
6598
6596
6595
6594
6592
6591
6590
6587
6586
6586
6585
6585
6585
6584
6584
6583
6583
6582
6582
6582
6581
6579
6579
6578
6577
6577
6576
6576
6575
6575
6575
6573
6572
6572
6572
6572
6571
6571
6570
6568
6568
6568
6567
6566
6565
6564
6564
6563
6561
6561
6560
6560
6559
6558
6558
6557
6556
6556
6556
6555
6554
6551
6550
6549
6549
6548
6547
6547
6547
6547
6546
6546
6545
6545
6544
6544
6542
6542
6542
6542
6541
6541
6539
6539
6538
6536
6532
6532
6531
6531
6530
6530
6529
6529
6529
6528
6527
6527
6527
6527
6527
6526
6526
6525
6525
6524
6524
6523
6522
6522
6522
6521
6521
6521
6519
6519
6518
6518
6518
6518
6517
6517
6516
6515
6515
6515
6514
6514
6514
6513
6513
6511
6511
6511
6511
6509
6507
6507
6506
6506
6505
6505
6505
6504
6504
6503
6503
6503
6501
6501
6500
6499
6498
6498
6497
6496
6496
6496
6495
6494
6494
6494
6492
6492
6490
6490
6490
6490
6489
6488
6488
6488
6487
6485
6484
6484
6483
6483
6483
6483
6483
6482
6482
6481
6479
6479
6478
6478
6477
6477
6475
6474
6474
6474
6472
6472
6471
6469
6469
6469
6468
6468
6467
6465
6464
6463
6462
6461
6461
6461
6460
6460
6459
6459
6459
6458
6458
6458
6458
6457
6457
6456
6456
6455
6454
6454
6453
6453
6452
6451
6449
6449
6449
6449
6449
6448
6448
6446
6445
6445
6445
6444
6444
6443
6443
6442
6440
6440
6439
6438
6438
6437
6436
6436
6436
6436
6435
6435
6434
6434
6433
6433
6431
6430
6430
6430
6429
6429
6429
6428
6428
6427
6426
6426
6426
6425
6424
6423
6423
6423
6423
6423
6423
6422
6422
6421
6419
6419
6417
6416
6415
6415
6414
6413
6412
6412
6411
6411
6410
6410
6410
6410
6408
6408
6408
6407
6407
6407
6406
6406
6405
6404
6404
6404
6404
6401
6401
6401
6400
6400
6400
6400
6400
6399
6396
6396
6395
6395
6394
6394
6394
6393
6391
6391
6391
6391
6390
6390
6389
6389
6389
6389
6388
6387
6386
6386
6386
6385
6384
6384
6384
6384
6383
6383
6381
6381
6380
6380
6379
6379
6379
6379
6378
6378
6377
6376
6376
6375
6375
6374
6374
6374
6371
6370
6370
6369
6369
6369
6369
6368
6367
6367
6366
6366
6366
6364
6364
6364
6363
6362
6362
6361
6360
6360
6360
6359
6357
6356
6355
6355
6355
6354
6354
6353
6351
6351
6351
6350
6349
6346
6346
6346
6344
6343
6343
6342
6341
6341
6340
6340
6340
6338
6338
6336
6336
6335
6335
6334
6334
6334
6333
6333
6333
6332
6331
6330
6330
6330
6329
6328
6328
6327
6327
6327
6326
6326
6326
6325
6323
6323
6322
6322
6321
6321
6321
6320
6319
6319
6319
6319
6318
6318
6318
6317
6317
6316
6316
6316
6315
6315
6314
6314
6314
6314
6314
6314
6314
6311
6311
6310
6309
6309
6307
6305
6303
6303
6303
6303
6302
6302
6302
6301
6300
6300
6298
6297
6297
6296
6296
6295
6295
6294
6293
6292
6292
6292
6291
6291
6287
6287
6287
6284
6283
6282
6282
6282
6282
6280
6279
6278
6278
6278
6277
6276
6276
6273
6273
6272
6272
6271
6270
6270
6270
6269
6269
6269
6268
6267
6266
6266
6266
6265
6264
6263
6263
6263
6262
6261
6260
6259
6258
6257
6257
6256
6255
6255
6255
6255
6254
6254
6252
6252
6251
6251
6250
6249
6249
6248
6247
6247
6243
6243
6242
6242
6241
6240
6240
6239
6238
6238
6237
6236
6232
6231
6231
6231
6229
6228
6226
6226
6226
6225
6224
6224
6223
6222
6222
6222
6222
6222
6221
6221
6219
6219
6219
6219
6218
6216
6216
6214
6211
6210
6209
6208
6208
6207
6206
6204
6203
6203
6203
6202
6200
6199
6198
6198
6196
6195
6195
6194
6194
6193
6193
6193
6192
6191
6190
6189
6188
6187
6187
6187
6186
6186
6186
6184
6184
6183
6182
6182
6181
6180
6180
6179
6177
6177
6176
6175
6175
6175
6174
6174
6173
6169
6168
6168
6168
6168
6168
6168
6168
6167
6166
6166
6165
6165
6164
6164
6164
6163
6162
6162
6162
6161
6160
6160
6160
6159
6159
6158
6157
6157
6156
6156
6156
6156
6156
6154
6151
6151
6151
6150
6149
6149
6149
6149
6145
6145
6145
6144
6144
6143
6143
6142
6141
6141
6141
6140
6140
6140
6138
6137
6137
6137
6136
6135
6134
6131
6131
6129
6127
6126
6126
6125
6125
6124
6124
6123
6123
6123
6123
6122
6122
6121
6119
6119
6119
6119
6118
6118
6117
6117
6116
6115
6115
6115
6114
6113
6113
6112
6112
6111
6110
6110
6110
6109
6109
6108
6107
6107
6107
6107
6106
6106
6105
6105
6105
6105
6105
6104
6103
6103
6101
6100
6099
6099
6099
6099
6098
6096
6096
6095
6095
6095
6094
6094
6093
6093
6093
6093
6092
6091
6090
6090
6089
6088
6088
6088
6088
6088
6088
6086
6086
6086
6085
6085
6085
6085
6085
6085
6083
6082
6082
6081
6080
6080
6080
6080
6079
6079
6079
6079
6079
6078
6078
6078
6078
6078
6078
6077
6077
6077
6077
6076
6076
6076
6075
6074
6074
6073
6073
6073
6072
6071
6071
6070
6069
6069
6068
6068
6068
6068
6067
6065
6064
6064
6062
6062
6062
6061
6061
6061
6061
6061
6061
6060
6058
6057
6056
6055
6053
6053
6053
6053
6053
6051
6051
6049
6048
6046
6045
6045
6044
6044
6043
6043
6043
6042
6042
6041
6038
6038
6038
6036
6035
6035
6035
6035
6034
6034
6034
6033
6032
6032
6032
6032
6030
6030
6030
6030
6030
6029
6029
6027
6026
6026
6026
6025
6025
6025
6024
6023
6021
6021
6021
6021
6021
6021
6020
6020
6019
6019
6019
6019
6019
6018
6018
6018
6017
6016
6015
6014
6014
6012
6012
6012
6012
6012
6012
6011
6010
6010
6009
6009
6008
6008
6007
6006
6005
6004
6004
6004
6003
6001
6001
6001
6000
5999
5999
5999
5999
5999
5999
5998
5997
5997
5997
5996
5995
5995
5994
5993
5993
5993
5992
5991
5991
5991
5990
5990
5990
5989
5989
5989
5988
5988
5988
5986
5986
5985
5985
5984
5984
5983
5983
5982
5982
5981
5981
5981
5981
5980
5980
5979
5978
5974
5974
5973
5972
5972
5972
5972
5972
5972
5971
5971
5971
5970
5969
5968
5967
5966
5966
5966
5966
5966
5966
5964
5963
5963
5963
5963
5959
5959
5959
5957
5957
5957
5957
5956
5956
5956
5955
5954
5953
5953
5953
5953
5952
5950
5950
5950
5948
5948
5948
5947
5946
5946
5946
5945
5945
5944
5944
5944
5944
5942
5941
5941
5940
5940
5938
5936
5936
5936
5935
5935
5935
5934
5934
5933
5933
5931
5930
5929
5928
5928
5926
5926
5926
5926
5925
5924
5924
5924
5924
5921
5920
5919
5919
5919
5919
5917
5917
5917
5916
5916
5915
5914
5914
5914
5914
5913
5913
5913
5913
5912
5911
5911
5910
5909
5908
5907
5906
5906
5906
5905
5905
5904
5904
5903
5903
5903
5903
5901
5900
5899
5898
5898
5898
5897
5896
5896
5896
5895
5895
5895
5894
5894
5893
5893
5893
5892
5892
5892
5891
5891
5890
5890
5889
5889
5888
5887
5887
5886
5886
5886
5886
5885
5885
5884
5884
5884
5883
5883
5883
5883
5882
5881
5879
5879
5879
5878
5878
5878
5877
5877
5873
5873
5873
5872
5872
5872
5871
5871
5867
5867
5866
5864
5864
5863
5862
5862
5862
5862
5861
5861
5860
5860
5860
5860
5859
5858
5858
5858
5858
5857
5857
5857
5856
5856
5856
5855
5855
5853
5851
5850
5850
5849
5849
5847
5847
5846
5845
5844
5843
5843
5843
5842
5842
5842
5841
5841
5840
5840
5840
5839
5839
5839
5838
5838
5838
5838
5838
5836
5835
5834
5833
5832
5830
5829
5828
5827
5826
5826
5826
5825
5823
5823
5822
5822
5821
5819
5819
5818
5817
5817
5815
5815
5815
5815
5814
5814
5814
5814
5814
5813
5813
5813
5812
5812
5811
5811
5811
5810
5810
5810
5810
5810
5809
5808
5808
5807
5806
5806
5806
5806
5806
5804
5803
5803
5802
5802
5802
5801
5801
5801
5800
5800
5800
5799
5799
5798
5798
5797
5797
5796
5796
5795
5795
5794
5794
5793
5792
5791
5791
5790
5789
5788
5787
5787
5786
5785
5785
5785
5785
5784
5783
5783
5782
5782
5782
5781
5781
5781
5780
5780
5779
5779
5778
5778
5777
5777
5776
5776
5776
5776
5775
5775
5775
5774
5774
5773
5772
5772
5772
5772
5772
5772
5771
5770
