1105620
598206
417183
324942
264479
227712
198312
178036
161545
145243
137394
127715
119868
112793
105119
98944
93459
90441
86564
85036
80803
76846
75402
71684
69501
67787
66156
64581
64289
59892
57594
58032
54587
56411
53442
52918
52863
49874
49390
48800
47627
47591
45126
44020
44719
42634
43499
44676
42074
39697
39223
42587
38966
40245
39555
39038
37197
36817
37861
37231
37064
37126
34165
35026
35048
35033
33102
32892
34722
32688
32886
33574
32065
32681
32413
29256
32064
30749
30530
29969
31736
29703
29210
28110
27832
30022
27902
29300
27153
28403
27114
27195
28575
27702
26045
26074
25863
27530
28414
27351
26452
25578
25614
25665
27272
24597
24430
25543
24300
24591
24672
24533
25102
24196
23718
25975
24198
23403
25149
24202
24412
23390
24178
23103
23565
23433
22801
24802
22245
21705
24024
23600
21046
21758
23198
22810
23634
21854
21301
21427
22656
20341
23907
21992
20586
19590
20704
22454
21415
21046
21342
21648
22160
20592
20795
19006
20625
21598
21119
20817
19703
20639
20321
22382
20090
20902
18894
19851
21147
19202
21866
19725
20333
18986
19688
19497
19202
20292
21301
18476
19594
18746
19644
19889
19589
19861
18491
20213
19750
19674
19859
18681
17612
18452
19015
19412
18186
19889
21644
19315
18211
17929
17792
17506
18289
18107
19277
18848
17917
18454
18588
18119
16675
16141
16976
17112
18837
17485
17369
16976
16527
17759
16873
17849
18805
16142
17363
17911
17575
18718
18427
18146
17682
16728
17497
17506
17401
18273
17943
17888
19670
17639
16297
18296
17066
17018
16401
15703
18999
19985
15613
14209
16651
17119
16368
15695
16048
16306
16772
16478
17364
14823
19247
19237
16469
16899
15656
16015
16733
17506
16398
17313
16683
15784
15517
16634
15193
16849
16187
16166
16331
16381
15064
16446
17241
16499
14197
16006
15088
13738
15210
15982
14530
15941
16622
14835
17007
16842
14507
15975
16035
15600
17560
16360
15670
16080
15784
17394
15427
15211
15786
15604
13875
15383
15338
15209
15839
16111
13632
14560
13433
16088
15418
16226
14773
14503
14513
14372
17482
15252
16896
14313
14147
16585
14749
15606
15598
14453
16454
14948
14075
15578
15205
15909
14403
17391
15532
15433
13183
15935
14469
15332
13839
13964
15150
14846
14184
13916
13878
16604
13640
14599
14935
14455
14176
15462
13164
14606
15173
14657
17468
15262
16031
13378
14848
13049
14136
13772
13613
13883
14169
15185
13630
15241
13493
14716
13713
14723
13996
16741
16257
14405
13782
15546
15171
14285
14565
13092
15113
15086
15158
14549
14376
14378
12934
14602
14359
13137
13914
14600
13921
12752
13175
13999
15219
12793
14510
14474
17130
12952
13787
14099
14361
13579
13864
13731
13852
14580
14192
13737
13206
12487
13192
14057
14233
14436
12005
14859
14938
13306
11886
13822
12260
12189
13230
14073
13564
14482
13707
13501
12736
14776
13775
12344
15027
15880
13066
13009
12511
12215
12670
12959
13301
14433
14000
13356
13503
13654
13236
14579
13121
14699
14499
13495
14092
14274
12583
13389
12727
14644
15981
13823
13082
13298
12755
14334
13184
14230
13161
13114
13224
13538
14248
13941
13923
12740
12221
13101
13270
13606
13032
13443
14152
12470
12403
14733
13887
13676
14862
13074
12837
12169
14885
15571
12497
13076
12608
14610
12471
15075
11022
13382
14170
13838
12300
13101
13955
13153
11087
13376
12822
13601
14561
13912
13655
13595
12959
12287
12917
12951
11845
11831
12670
12406
11105
11029
13842
11997
13337
13108
13581
14146
12145
12953
13698
12390
13414
13424
12288
13058
14316
13528
11273
12473
12774
12660
11528
14034
13611
12923
13470
12688
12146
13062
12688
13148
12795
10846
13046
12922
13076
11004
12154
12260
13442
11651
12108
12205
13099
13209
11644
12311
13629
11843
12329
12825
11603
12358
14010
13617
12997
11890
12777
12093
12143
13789
12470
11742
11994
12154
12333
12923
15236
11603
11982
11373
13635
11842
13650
12509
12599
13742
10209
12352
13340
12969
12632
13241
14148
12909
12934
12699
13690
11701
12974
13221
13087
13081
11229
11522
11548
12731
11748
11506
12538
13578
13068
14154
11655
11575
15136
14567
12324
11758
12251
12706
11518
12510
11528
12004
13909
13133
11921
12383
13326
13307
12596
12559
12069
13134
11794
12677
12120
11805
12026
12530
14206
12802
14344
12692
11168
13156
14583
11574
10712
13249
12551
14146
13304
12891
14818
13838
12495
11803
10744
12579
11040
12109
11989
12165
12515
12275
12174
11570
12325
11725
13855
13418
13593
12848
13136
11455
11831
11679
11018
12066
11154
11600
12905
12966
12069
12629
12099
11306
10288
11583
12456
11634
12264
12097
12242
10838
10888
15407
12586
11616
11255
11049
12359
11595
11086
10934
10148
14632
12062
12647
12178
12745
11034
11606
12513
12093
12105
12790
12817
12843
10895
12081
11541
12028
12706
11872
13555
13081
11826
11447
11313
13126
11921
12132
11669
11516
9435
12496
11337
11688
11138
10988
12091
12744
10989
11939
12820
13015
13590
10785
13716
11977
11059
11824
13469
11802
11439
12633
13425
11042
11981
11638
10402
14129
11786
9847
12245
12278
12522
10859
11002
14135
9998
11824
11520
10812
11661
12133
12376
10820
12380
11883
13510
12412
10582
11326
11874
11595
10022
10575
10552
10445
11401
11269
13843
11996
11568
11809
11204
12705
13347
12272
10739
12606
10590
11666
11231
11978
12212
9755
12137
10858
10049
11843
12722
11245
11829
10681
11428
11194
12288
11793
12014
11329
11900
13188
11238
12454
11207
11743
12158
12308
12403
10592
9416
10851
12338
11846
12435
12562
11303
11937
11828
11081
9710
11749
11708
9679
9333
13867
10346
11467
10594
12527
11063
11888
10500
12807
9786
11983
10615
11005
12083
10852
11298
11535
12990
11171
12726
11818
11108
11779
12137
12516
10724
11696
9532
11094
11776
10631
10081
11767
11269
13928
10609
10602
10426
12992
11881
9781
10761
13231
10699
11303
10188
11060
10179
12402
11243
11429
13388
12054
10474
13462
11077
10775
11987
11325
11122
13647
13014
10621
11261
11943
9994
12120
12172
11074
12062
12144
10562
11572
11376
12197
12068
10320
11316
11788
9889
10358
12206
11706
9295
12433
10498
12056
11728
11248
12752
10547
11049
12759
11897
11266
11792
9988
12716
11881
12796
11559
10947
10761
9249
12708
11771
9979
12712
12595
11583
9827
11452
11997
11504
11860
11821
11416
11686
11868
9468
11436
11604
11028
10774
11944
11268
11350
9311
13730
12997
11312
10304
10695
11580
12022
11747
10658
12776
10177
11353
11923
11586
11697
12012
12079
10615
10324
11576
11460
10922
9576
12946
12690
11746
10847
11727
11993
11906
11288
11467
11246
10708
10296
10877
11785
11083
11904
12103
13306
9984
9755
11818
10550
13664
11909
10557
9926
10515
13064
10329
11372
9386
10405
11836
11309
11641
12016
10901
11502
11533
13241
10616
10937
13751
12482
9444
10580
12113
10261
10369
11173
10632
11924
10857
11686
10120
14564
12621
10666
11810
12551
12565
11741
11921
11151
9747
10937
11802
11439
9687
11929
11211
11158
9257
10654
10403
11132
10337
10613
11385
11498
11858
12165
11082
11669
8745
10359
11205
8946
10098
13296
10152
10578
10736
10502
10104
10980
11142
10315
12312
11448
10234
11752
10474
11427
11257
11018
9736
12202
11135
10605
11370
11065
11249
9696
12968
11222
10151
11973
11830
11592
12108
11407
10738
10694
11137
9612
10746
10120
10677
10749
11674
10342
10664
11097
10334
9614
11203
11370
11477
10461
12180
11612
11308
9385
11202
10594
11441
11768
14493
10571
10616
10465
9449
10933
13905
11530
12124
13259
12371
10227
10906
9761
9821
10760
10828
11123
10099
10188
12689
11598
11416
10379
10107
11623
14527
12581
11256
11782
9584
10802
11165
10099
12478
10924
10447
11668
10105
11186
9524
10700
10618
10687
11574
10867
12508
11038
10090
10327
11397
11503
11443
10955
11010
10276
10948
11365
11283
9893
11245
11026
10670
10592
11811
9811
10557
10298
10810
9184
10270
11293
11506
10719
9777
11634
10099
10140
9986
10203
10900
10986
11136
11864
11245
10220
11831
12472
10224
10881
10201
10731
11219
11082
9820
11240
10479
11149
12233
11799
11168
10722
10571
11578
9794
11593
9819
12283
8850
11779
11385
11047
10442
11066
11914
11383
10085
10405
10668
11084
11135
10957
11137
11054
11084
9831
10754
9861
9455
10954
10711
9494
13232
10724
10652
9882
8740
10265
10584
11261
13448
11002
11832
11007
12702
9829
10304
11537
10383
10516
11885
10878
12564
10437
10530
10617
13447
11973
10315
10239
10276
9819
11949
12541
8888
10297
11450
13000
11453
10116
11713
12153
11055
11724
10639
11848
10984
11035
11247
10577
12410
9541
12313
10181
8713
10471
10196
10514
10606
10789
11482
9853
11744
10683
11516
10483
10761
10896
10319
10250
11563
11397
9863
10095
12155
11107
9585
11246
10921
9689
9993
12183
9544
9955
10839
9534
12582
11639
10696
8744
13109
11049
10929
11169
9272
10966
9086
10697
9741
10551
10503
12201
11315
10000
10957
9621
10639
10666
10440
10652
10934
9842
10392
10452
10503
11757
10529
9409
11094
10577
10852
11321
12231
9418
10829
9255
11300
10171
10669
9477
13686
11880
8762
11306
11242
11097
10382
11803
10957
12691
10719
10110
11235
9723
10140
11541
10136
11905
9578
10722
10704
9967
10455
10875
10984
10271
11465
10792
11253
9253
9885
10622
10698
11314
10546
11242
10679
10561
8629
9768
10479
9645
10827
11267
10760
11170
10526
8339
13962
9586
11149
11629
10622
11490
9997
9559
11969
11598
11208
9339
10115
11376
11384
9514
10640
10610
10076
11167
11822
10735
11535
9880
10641
10924
10530
9571
8223
9412
10774
10834
10017
10208
8892
9688
9575
11135
12066
10892
12762
10622
11753
10174
10532
8795
9623
11798
10333
11224
10125
10639
10141
10298
10721
10149
11021
11506
10133
11674
9822
10719
9473
10879
10436
12195
11490
10989
9947
10754
10664
8961
11039
9331
11323
10274
10815
10896
10595
11058
12378
9880
12197
10156
11607
9158
10419
11541
10881
11384
10364
10348
9377
11080
10988
10744
8400
11742
10502
10198
10818
9199
9292
10425
9567
10953
11017
10190
12478
10651
11952
11290
10221
12269
10445
10225
10257
10461
10312
10584
10432
10360
9753
10743
12545
10514
9228
9931
11331
10114
11805
10275
10301
10254
9607
11304
10327
10916
10552
11353
10414
12828
9214
9789
10099
10739
10463
9473
11558
11385
10820
10368
10447
9799
10016
10737
10697
10451
12360
10754
9550
8545
10065
11343
11599
9807
10651
11443
10858
10473
9548
12125
10019
11952
11436
10222
12895
11630
12088
9072
10059
8638
10555
12058
10606
9923
10691
9689
11070
12129
10095
12635
11796
12423
9721
9325
10416
11251
9989
12469
10119
12796
10376
10398
9782
10160
8947
11694
12890
10295
9680
11108
11075
10875
9789
10067
10024
11125
10323
9358
10113
10494
10135
10874
11327
12083
9903
10893
11466
12203
10418
10065
10712
9931
11163
10863
10298
9671
9401
8826
9692
11202
10974
11535
9971
11691
9714
11751
9972
9961
9661
10877
9516
11363
9624
10010
11120
10305
10803
12010
12125
8575
10360
11945
10084
10838
10060
12082
12396
10948
8975
12139
10384
10114
11145
11101
10681
9272
9821
10735
9273
10676
11172
10621
10242
12515
9533
10378
11589
10543
10883
9265
9491
9833
9351
13637
12232
9801
8965
10053
11460
11310
11064
8589
9020
8924
11140
10393
10117
11763
9506
9866
10667
9968
11289
9804
8982
12102
12846
11384
10181
9728
10529
11366
9206
9796
10445
10387
11760
11020
11762
10171
9695
10598
10201
11010
11919
9618
9825
11206
9720
11533
10095
11829
9532
10554
9925
9812
12037
10930
12766
10278
12703
12239
11485
10746
11933
11536
9805
9317
10162
10550
10903
10553
12609
9954
9862
8341
10731
10208
10279
11159
11777
11055
11886
11823
9909
10156
10532
10781
11262
10568
10518
9217
9444
11876
10926
9914
10267
10642
10773
10683
10274
10903
10327
10094
11945
10817
11179
10876
11027
10093
9729
9904
11570
9359
9955
9244
10542
10130
9937
10846
12277
8849
10224
11997
9814
9746
10827
9547
10954
10184
11434
9694
10480
10422
10541
9711
10222
10124
10086
9756
11049
12218
11071
9993
9326
9212
9782
11434
8580
10123
9757
10395
9501
10388
10127
9452
9742
11762
10009
9840
9933
9841
10192
11106
9619
10759
12106
10256
10040
9497
10874
12096
9746
10416
9754
9041
10293
11528
9848
11384
9374
12283
8341
10359
9092
9742
13503
11535
11224
11027
10974
8824
8708
11983
9159
10324
11840
8887
9819
11004
10092
10381
10573
10873
12916
10585
8884
9448
10372
11336
11383
9920
12705
9064
10295
10418
12486
9469
10903
11305
10432
9390
10928
10047
10841
9942
9970
9618
10299
11090
10249
10176
9817
9767
11197
10925
9954
9564
10802
10059
10249
11725
10225
11217
10275
9920
9609
10278
10386
9297
11573
10179
10974
9684
10643
11768
9175
9524
9974
9366
10350
11142
9798
10987
10297
8335
10130
10617
10119
11088
12391
10396
11635
9349
11252
9383
9875
9670
9533
11695
10539
9039
10444
10823
10316
10133
9254
9896
11289
10787
10038
8660
10310
10442
9851
10874
11373
8954
9711
9455
9353
9168
10465
9939
10583
9287
10484
10408
12106
11110
9978
13184
12781
11441
10145
10390
12786
9561
10853
10186
11196
9940
11178
10654
9552
9743
9512
11893
10237
8613
9622
10063
9603
10682
9691
10642
9776
10103
9281
9615
10931
11049
9978
11385
10416
9847
8448
10596
9470
10414
9573
10205
9714
10140
9642
9916
10900
10890
11082
14854
11035
10568
9983
10443
11278
9731
9604
9775
11832
11364
9991
10357
9409
10167
9985
10718
9349
10485
10498
10008
11157
10770
9726
10876
10507
11081
10142
9476
10450
10082
10370
11408
9695
10420
9101
10220
12369
9804
9588
10166
8465
11792
10083
9397
12285
11170
11280
9631
10256
11070
9067
10326
8557
11580
8148
11368
10284
10822
9640
9728
11232
11057
9757
9527
9097
10420
10694
11567
9249
11102
9950
9553
8047
9983
9605
11457
10691
10469
10181
9983
10578
11781
11492
10144
9297
10823
11339
10662
9777
8154
10476
10678
9447
10390
10536
10363
9415
9334
11112
10531
9888
9720
11871
10706
9427
10272
9431
9899
9738
8126
10465
10047
10531
9623
10116
9995
9567
10396
9400
9962
8072
11149
10420
9481
11380
12371
11385
11038
8326
9452
10104
9911
10259
11737
9444
10331
9984
10605
9044
10677
13719
10329
10875
11165
10295
10779
9541
9249
10910
8687
10294
12586
9701
8773
9433
10488
10651
8059
11394
11292
11604
9978
9848
9905
11955
11003
10161
11106
9409
11811
10356
10463
9686
10324
9476
9431
8763
8254
10674
9105
10881
10174
9183
10405
9979
8998
10248
12201
10218
8920
10526
11188
10030
10036
10878
11553
11255
12885
9547
9680
8738
11293
11036
8464
10664
9395
11500
11251
8759
8765
11742
10108
9472
9825
10221
11935
9088
10596
9970
10972
11826
10048
10694
10140
11345
9751
10232
9956
10865
10739
9066
9092
9839
10718
10155
9850
10377
9269
11137
9551
9769
10636
10566
9934
10510
8911
8465
10036
11008
11120
10566
11279
10102
10251
10354
9713
9911
10532
10659
8740
10848
9605
9635
9257
10056
10543
9683
10124
8825
10879
10313
9659
9658
10732
9263
8957
10784
10392
9497
10843
8899
9170
9804
9630
11247
9275
9334
9912
9229
10306
11002
10778
8448
10115
10546
10136
10301
8599
10551
10502
10071
10191
8761
9220
8681
10115
9553
10176
9337
9966
9711
11746
8446
11104
8691
11637
10313
9426
11156
10839
10077
9625
9234
10633
9254
10622
10334
12813
11728
8805
10622
12091
10760
11174
10379
11880
11403
10548
9785
9911
9771
10555
10955
10599
9194
9711
10233
10651
10891
8843
10115
10413
12131
10046
8702
10312
9164
10153
11741
10504
10299
9330
10532
9805
8903
8705
10342
9896
8907
12327
9815
12081
10012
8509
10352
9471
10597
12259
9825
10710
9766
10931
11107
10363
10081
9961
9495
10428
11943
11828
9694
9536
9367
9488
11488
10082
10037
9961
11494
10635
9304
12353
11387
9729
10201
10011
9883
13556
10061
11259
8547
9027
9711
9779
10656
8799
9409
10592
11954
10971
10812
10224
9255
9930
10463
11384
10458
11271
11567
9934
10564
9501
9970
9692
9676
9191
11347
10837
10481
10368
10483
10277
10087
9977
9153
9648
9567
8329
9916
10712
10480
10922
11004
9619
10924
10546
8790
11565
11124
11047
9055
11047
9836
9974
10115
9752
9190
9745
9408
9782
8773
10324
11029
11484
10172
11258
9254
10676
8036
9181
9796
8098
11434
8659
10092
8862
10452
10053
9894
12091
9624
9880
9238
8472
9009
10318
10994
10815
9908
10208
9740
11547
9746
10012
11606
9069
9078
10491
10401
9331
9480
9983
10347
9950
9594
10745
9521
10135
8993
8857
10666
9141
9336
11406
9896
9706
11004
8312
9370
12153
10873
9933
9913
13300
9765
9617
8577
10985
10651
10010
10186
10829
9613
10323
9868
10334
9892
8857
11837
10114
9207
10745
9414
9465
10308
10589
13758
9727
9941
9779
9330
10666
9753
9727
10340
11054
9729
7854
9841
10207
7546
9582
10923
9998
9810
9857
10491
8606
9475
9386
10242
9464
8817
12047
10067
8965
10544
9732
11563
9633
10292
8132
9866
10997
11390
8739
10435
9790
12391
8715
9913
9805
9910
11232
10116
10138
11386
9461
8576
11092
10225
8229
9743
9607
8846
8288
10007
10336
11856
10420
11392
8786
11460
10468
9015
11099
10342
9175
10209
10895
10482
9730
9297
10318
10860
9817
10090
10852
9976
11210
10737
9851
8372
11845
9784
9188
11547
10142
10450
10463
10923
9384
9393
10434
10209
10100
10754
9229
9698
9879
9096
10393
9603
11859
10090
11856
8552
10892
8622
9412
11931
10671
11056
10341
9025
10469
9707
11244
11788
10039
11674
10535
9656
10847
10051
10296
9251
8755
10438
9000
11282
9498
10877
9693
10203
9065
10115
9974
9512
10366
10903
9858
10018
10109
9715
10670
9455
9715
10721
9152
10042
9080
10463
12184
8317
11394
10327
9979
8866
9278
9658
10709
10028
9847
9175
9034
10163
9860
11258
9287
9988
9633
10209
11318
11170
13232
9241
11587
10093
9252
12125
9735
9744
9639
10358
11150
9163
8719
9613
9443
10983
10643
8480
9025
9002
8760
10298
8677
10239
11947
11066
8295
9859
9444
9723
9813
9438
9850
9109
9179
8531
10020
9857
9879
8740
9152
9174
9721
9350
10357
10518
8026
9149
12134
11073
10044
10027
10002
10318
9088
8820
8593
10569
10488
9823
10056
9317
12065
9156
10266
9822
9800
9941
9974
9918
10040
10110
10603
10518
10014
8347
10600
12317
10125
10106
9497
10393
9817
10610
11521
10661
9677
9840
9201
9718
9169
10758
12083
9292
10979
9482
11559
10687
8957
10387
9387
10734
10528
8745
8432
11943
10419
11840
9243
11326
9092
9214
9554
8787
10230
9557
10642
9332
10022
10090
9445
9956
9328
9547
11119
10959
9848
9472
10604
12134
9594
10654
10700
10826
10748
9501
9888
13356
9831
9514
10403
10316
10322
10176
8942
10662
10530
9520
8753
10145
10737
10439
9209
10656
9594
9705
10549
10205
9607
11877
9894
8075
9633
9683
10448
11061
9760
8377
10253
9234
10651
9508
11114
10895
10990
9672
9822
9874
9664
9152
9463
10965
10709
11142
9434
9480
9163
9144
11231
9809
9254
10145
8949
9281
11052
8708
7938
9732
9625
8982
10555
9508
9889
8840
9611
10881
9205
9314
13202
10408
9815
10136
8686
11449
9022
10713
9698
8132
9956
10396
8824
9774
8725
7394
9954
9339
15379
11253
9723
10088
10370
9156
9478
10624
9959
11155
9145
10452
8934
9148
10080
9493
9837
8747
8791
11423
11028
9169
10481
10816
10104
10909
9623
8656
10236
11198
10464
10144
10977
10426
12301
8319
8251
10368
8711
8783
8542
9069
8846
12291
9441
10102
10889
10207
9803
9687
10889
10415
10018
10192
9854
9296
8559
10034
9675
9721
11406
10914
8977
10538
9114
10223
10233
10348
10285
10067
10573
10014
8282
11002
10745
9028
9746
8760
9600
9771
10105
9727
8665
11230
10718
8811
10721
8590
9662
9628
9932
12509
9655
10938
11342
9683
8575
12190
8797
11883
9450
9826
10099
12069
9477
10990
9850
9429
9509
10458
10241
11667
11560
10677
9264
9338
10139
8705
11667
9713
9933
9447
9755
10352
9520
10655
10914
9624
10514
9571
9654
8671
8933
10815
11012
9372
9846
11640
10159
10618
9745
11036
10312
10526
9563
10751
13448
9090
9450
9377
11433
9269
9793
9579
10195
9715
9466
9790
8244
8518
9106
9893
11295
10541
11470
9994
10454
10294
9498
9522
8819
10717
10347
9950
8733
12478
11069
12468
8863
10156
9684
12062
9208
8062
11135
9851
9915
10944
9128
8273
9925
11548
9283
10036
9507
9818
9163
9649
9320
10435
10759
10342
10442
9835
9235
10456
9138
9062
9354
9779
9932
10847
10741
10526
9207
10896
10622
11039
10669
9768
10100
11387
10489
10624
9106
9382
10161
11034
10671
8819
11605
12575
10030
12888
9597
9282
10636
9044
10788
9406
11024
8314
10073
8389
11311
8424
11031
11358
10710
9420
9243
10266
9457
8639
11390
10340
8482
10416
9093
10389
9479
9439
8629
11506
9858
9138
10230
10635
10337
9338
10935
9341
10788
10532
9466
9993
9990
8740
9474
9684
9003
10486
10350
9219
9526
9801
9533
9555
9713
9203
11813
9686
8325
9222
11112
9840
9252
10805
11731
10191
9921
10627
9851
10570
9741
11961
9761
10779
9187
11644
8499
8686
9178
9879
9778
10425
9677
10435
9729
8596
9690
10752
9340
9847
10416
10104
9620
8293
11846
11104
8804
10795
9540
9241
9599
9145
9612
10024
10190
9344
8994
9817
11200
13503
12141
11456
8545
11242
8761
9547
9893
10720
11052
9560
9512
10112
9557
10292
9478
8665
10412
9269
10790
9521
9223
12163
8752
11398
9796
11526
9748
11301
8870
7996
10243
10002
10543
10532
10639
11072
10952
8888
8827
11011
11107
9435
10500
11377
10364
10014
8867
11936
12175
8308
12344
8908
9694
10744
9791
9808
11720
9398
9547
11342
9447
10455
10987
10610
10026
9072
8866
8186
12564
10803
10709
9338
9070
10507
10312
9461
9588
9170
9350
9840
8979
10122
10447
8606
8103
9420
11121
11272
10155
8912
9708
11123
9354
11457
9941
8705
9567
8752
10174
9307
8993
8645
10911
8904
9055
11099
8863
9288
10728
11289
10503
9066
8279
12108
12373
10236
9801
9624
9469
9237
8777
9128
8500
9991
12655
7854
10114
9285
8685
9796
9507
8643
9686
8536
9427
9400
9651
11383
10624
11826
10318
10850
9714
10516
7986
10821
8910
8472
9492
8419
9084
10438
9742
10364
10433
10708
10001
10670
9158
8976
9647
11292
9476
9739
10110
8161
9405
9605
10822
9387
8355
9522
8906
12515
9233
9103
10278
9514
9804
8698
9366
9439
9974
9772
10222
10148
11447
9395
11251
11178
10214
7563
9956
10103
10817
9175
9799
9875
8995
9294
8967
9796
9868
8362
10880
11248
8954
10068
9237
11163
9862
9699
10367
11116
11954
12608
10511
9739
10933
8578
9794
10298
9371
9882
9012
9426
10379
7881
10239
9976
9492
9222
9599
10354
10350
8512
9469
11012
9071
10162
10216
10142
10163
9038
9159
9999
11279
11849
8665
9356
8533
8326
8804
9926
11527
11008
8551
11731
11026
10131
9738
9987
9770
8963
11409
10670
12079
10247
9915
11158
9745
11277
10146
9684
9053
9960
8780
9542
9483
11042
10179
10204
11475
8317
10031
9170
9130
7788
10365
9758
10246
9071
9387
11351
10359
9666
8932
9694
11051
9353
8856
9303
11551
10734
9533
10895
11008
8476
11105
9364
8998
9169
10509
9311
10558
9064
9766
10433
8893
11861
10400
9231
10571
8773
11725
10516
9114
9180
9860
11130
11248
10018
8180
8967
9998
10020
9771
9720
9754
9304
9603
8504
10187
10469
9819
9805
10702
9624
9748
10214
10817
9366
10273
10878
9213
9868
9485
10858
10809
7335
9301
10700
10247
9530
8942
10980
9233
9325
8398
9761
9594
10955
10011
9366
8675
9099
9005
9165
10928
11146
8821
11493
10024
9214
10873
9019
9062
11173
11746
9622
10014
10917
8554
8917
9975
10104
10565
10945
10237
8963
9266
9898
8906
9448
8453
9663
9822
9898
9745
10280
10214
9486
11860
9822
8981
8194
9098
9062
10324
8696
10794
10123
8878
9400
12041
10482
11584
9857
9813
8345
9358
11230
9677
10567
7876
9882
8821
11008
8703
9846
8914
10484
9553
9329
10678
9529
9723
10352
10276
9914
11071
10445
9694
11006
9460
8735
9678
9809
10088
10151
10390
8837
9502
9778
9399
11629
10393
11292
9429
9956
9533
8430
10149
11026
8324
9425
10084
10430
10546
12328
11548
11353
10115
8705
8561
10625
10555
9449
9269
10331
8074
9652
9818
10307
9107
11166
8719
9326
7776
9009
10638
10207
10988
9329
10209
9118
9905
10213
9028
8743
10381
9548
10539
9779
9080
8429
8969
8665
11540
10272
10145
9651
10496
8531
9259
8749
10022
10179
9274
9290
9440
9233
9789
9530
9713
9566
8775
9238
8127
11450
9699
9576
10209
9692
9789
9300
9424
8775
7915
10365
9368
10640
10376
8893
9849
9383
8862
9900
9583
10508
10439
9553
11866
9830
10678
8982
9227
9631
10959
10181
12329
9666
9666
8394
8825
10133
9106
9707
9940
9401
11342
10549
9745
9684
7934
9427
9282
9333
10040
11926
8672
9512
9339
11263
10696
10739
9778
10764
9268
11249
9456
9425
11366
9267
8513
11199
11487
8257
7333
10621
10657
8704
10400
9860
9718
10178
9857
10257
10142
10052
9368
8705
9457
10064
11651
9175
9561
8266
10480
9707
8893
9529
9265
11108
8792
10073
9447
9709
9659
10082
10584
9639
11381
10754
12073
10224
9840
10189
9235
8845
8715
10998
8401
7648
10640
9880
12341
9710
8495
10670
9990
9715
10809
10178
10214
8982
8470
9039
10229
10765
8471
11787
10967
11572
10976
9563
8681
10547
9453
8007
9769
10077
10316
9875
8993
9497
10064
8865
9424
9806
10340
7603
10375
9457
11781
8976
8492
8626
9194
10224
9240
9835
10712
11375
9456
9735
9358
8569
10088
9478
9425
9530
11093
10995
11085
9274
8908
10066
9565
8895
9029
9346
9254
11405
9924
10709
10990
10503
9924
8619
8484
8740
9208
7940
9621
9779
9818
9920
10371
8793
10060
9400
10790
9497
9772
10211
8355
11706
10787
11417
10624
8161
7675
9237
9474
9699
9482
8909
8674
11101
9900
7661
8945
9322
8537
11139
10650
9932
9662
9561
9791
9594
9344
9285
9761
10809
9372
9461
9377
8475
12499
9654
10188
10990
11504
11859
8616
9623
10482
10503
8801
9415
9724
10422
10779
10476
9991
8389
9813
10615
9639
11613
9700
10178
10901
9836
11267
8489
10382
9578
10960
9442
10352
10909
10181
11699
9593
7875
12741
8822
9563
8688
9207
10888
10729
10056
11003
9264
10505
9436
10621
9866
9263
12515
10005
9406
10225
9698
8971
10651
9658
10319
11068
9213
10685
9346
9077
10378
11188
10565
11110
10508
9109
9818
10012
10077
10091
9162
9628
10191
8583
10320
11744
13217
9067
11995
10009
10205
11013
11084
9351
10094
9113
10013
9584
8899
10702
9715
8822
9441
10781
10469
9652
11457
8812
10172
9590
11945
9426
9607
9188
9865
9257
8064
9162
9644
8870
9347
11781
10476
8856
10998
10476
12030
9174
10392
9412
9720
8857
9350
9912
10122
9049
11024
10626
9060
11022
8744
10327
10715
9666
9019
10318
9642
11011
8782
8721
10064
11930
10866
10061
8469
10860
11347
8227
7998
9515
8776
8563
10190
9741
9028
9491
9499
9543
9300
7606
9850
8320
8923
10802
9325
10625
8924
7876
9703
8879
9602
10578
10378
9868
10549
9677
10078
8408
8905
8433
10095
9338
9080
8976
9893
9454
9979
9778
10676
8765
10475
10585
9908
10098
10053
9156
10158
11401
9707
11438
8606
10163
10538
10605
9639
8337
8641
8992
9997
8535
9701
9822
10549
9845
8382
10033
10039
9761
10816
11052
8796
9681
7546
9167
8329
10566
9411
8526
9109
9368
11959
10037
8323
9420
8216
10851
8971
11436
10389
10310
9728
9453
9701
9512
11501
10442
10817
9120
9399
8930
10528
9661
11415
8527
9030
10030
10095
9471
9762
10387
9179
10452
8725
9569
9595
9922
9962
9432
10989
11217
8201
8476
9034
10953
10222
10758
10556
9086
9229
9571
10205
8668
8749
10906
10215
11342
10476
9502
7865
9741
9019
9199
11522
8981
9169
9926
9257
8959
10595
9958
8865
11482
8126
8838
9644
9002
11488
8754
9252
8880
10249
9713
10860
7901
9605
9537
8420
9865
10485
10526
11639
8970
9782
8781
8708
9811
8076
10962
9625
9993
9970
10536
9628
10962
9896
9555
10513
10495
9799
12595
11761
10108
9577
9748
10860
11229
10476
8757
8812
10152
13074
8122
9254
9396
8888
8404
8931
8857
10857
9914
7985
9337
8189
10133
8664
8636
9447
8406
10249
7666
10745
10968
10713
8091
8898
10222
9444
8771
10832
9683
9983
9030
9864
10608
10280
10355
10088
8938
10504
9839
10220
9621
10655
10608
9521
9644
8836
9550
8931
8720
8680
9536
10484
10396
8270
11433
8934
10251
9623
8970
11070
9333
9286
9266
9059
10970
10819
8320
9748
8837
8542
9673
9040
8912
8206
9686
12879
9316
9771
8976
11027
10545
9803
9853
9333
10084
9931
8876
9931
9595
8885
9497
10217
9911
9107
8648
9734
10005
9954
9481
8424
9902
8605
9628
9640
8954
10178
9645
10242
9306
9171
10484
9515
10139
10318
10122
9707
9740
10075
8462
8768
8555
9720
11762
9664
9543
9768
10445
8982
9091
9312
11513
11301
9582
9609
10545
11035
10754
11247
9485
10485
11546
10045
9088
8705
11466
9639
10624
9492
9060
8209
9316
9976
10326
12120
10314
8339
10104
10340
9594
7542
10731
10491
9949
9497
11621
11201
9111
9060
9958
11330
10241
10158
8068
8618
8715
11526
9448
9346
8775
10094
8142
9949
10520
10022
9803
8750
9524
11212
9568
8049
10583
10125
9928
9866
9960
9530
10966
10193
9075
9865
9634
10092
9732
9738
11024
10118
9829
9915
9928
10663
10513
8946
8775
9916
8639
8530
9010
10221
10500
9958
9703
13011
9771
9267
10425
8919
9748
11112
8997
8801
9051
11071
9098
8853
8917
9125
8570
10210
12095
8738
9584
10269
10065
9559
9445
9541
10577
10905
8688
9293
9833
10039
9850
9434
9582
9032
10943
9507
8743
8583
7380
9763
9158
7979
9631
11200
8843
10565
7700
9435
9504
9775
8527
8883
10141
10944
9086
9938
8955
12100
9147
8895
10461
10232
10368
9169
9162
10766
10125
8982
9563
10272
10756
11538
9874
9906
11057
7924
9065
9115
9463
8106
8420
8599
10262
9175
8674
10108
8861
9647
7589
8910
10860
9290
9234
9434
7117
9115
9420
8931
10131
10554
10203
9282
10694
10092
10334
9130
9661
10431
9471
9293
9170
9492
9858
10046
9106
8443
11051
9997
12011
10549
10428
10846
8326
7874
9865
8966
9267
11031
9120
8300
8842
10089
10082
10060
11069
10236
10965
9883
11260
9683
10376
10348
9312
9665
9625
10204
8590
9274
10768
8288
11051
10678
9418
9702
7333
9666
10915
10084
9584
9478
10340
11417
9984
9774
10584
11280
10400
9602
8555
9370
11199
10550
9862
7997
11099
8345
10236
9862
8919
10245
8536
9578
10626
12202
9172
9771
11724
10629
8821
9802
9624
8589
8309
9563
8894
10851
8945
9967
8414
10112
9843
10382
8314
8845
8830
9343
10867
9962
8725
8791
11728
9278
9054
11002
10491
11082
10435
8836
8325
8664
10759
11063
9320
9034
9966
8403
10794
10781
11302
10080
10046
10152
8781
9152
9071
10362
9723
12938
10643
10965
10034
9690
9109
10244
9734
12218
11390
10590
8893
9825
11640
8124
10114
9539
9156
10591
10438
9659
9059
10102
11024
10647
9847
10411
9903
10640
10464
10589
10967
9221
9939
9744
10224
10115
10083
8443
9521
8514
9064
9275
11024
11129
8492
8908
8620
10665
8670
11464
9546
8122
11289
9222
9344
10764
9671
9858
9387
9801
11925
10059
8298
9915
8670
9695
10505
8808
10236
9795
10217
9028
10834
8740
9900
9811
11513
9515
9249
8878
9814
10207
8726
10120
9663
9325
9954
10014
9437
11757
9672
8977
9144
9998
10098
7966
10378
9452
10935
9338
10393
9214
8209
10232
9300
9611
12073
9424
9802
10308
9581
9426
9304
8900
9983
10751
9047
9293
9057
9746
10536
10176
10601
9201
10603
10139
10818
10449
8488
11303
10333
10048
11099
10229
9465
11044
10896
11479
12586
8347
9308
9165
9532
10253
10048
9269
10387
9816
8812
8072
9805
12574
8851
10276
11064
9481
10159
9481
9427
8888
10921
10445
9141
10202
10399
11103
9633
10312
10532
8488
11071
8925
8394
9297
8112
9172
11012
11873
8932
10099
9550
10666
9011
11892
10688
9286
8862
9453
10380
10021
10386
7945
9739
8470
10635
8755
8971
11896
10552
10108
10735
9600
9325
10364
10392
9605
9874
9172
10416
10890
9533
9115
9678
8609
8760
9606
9578
10716
10685
8851
9177
8430
8767
8969
8504
9444
9461
9851
9921
8842
8066
9756
8891
10902
9347
10891
11229
10566
10191
9404
10769
10898
8001
9000
9405
9643
9418
10674
9608
10760
8354
11047
9315
8832
10797
10114
9415
9530
10050
9047
9533
9805
12131
9723
10033
9899
8445
9950
8752
9209
10127
11174
9879
9040
10233
10352
9628
9269
9515
9105
10099
9049
9908
9894
10392
11097
11188
11635
9319
8301
9249
9613
10168
8847
8313
9779
11541
9448
8833
10972
8967
10943
11133
10658
10432
10176
8430
10799
9724
9865
9439
10596
9846
9900
8403
9492
9355
8183
9438
10568
10105
10145
11613
11165
9644
8527
9194
11261
10077
9939
8751
9546
8509
10224
9748
10764
8948
10966
8403
9680
9746
10337
10522
7732
8702
9331
8618
10391
8998
10249
9521
9407
10018
11010
9892
10553
10843
9354
9680
8061
9873
10139
11257
10017
10061
10097
10148
9457
10303
9047
8858
9895
9851
9934
9723
9993
11307
11397
8310
9628
10020
11696
9038
8295
9091
8223
9778
10282
9559
9972
11345
10287
9739
10863
9167
10115
9293
8565
9415
9177
9623
8811
10484
8382
9246
9994
8621
9332
10092
8853
6799
9454
9979
10272
9666
9833
10002
9366
11308
10207
7669
9800
8319
9269
9793
8638
9451
9427
9578
9959
7966
10232
9540
9243
11587
9677
10269
9334
9186
9516
9240
11578
9813
9711
10625
10346
9453
10039
9989
10192
9938
7900
11374
9793
7256
7999
10140
9278
9801
10110
9603
10110
8673
8473
8586
9882
9683
8302
10217
9642
9438
8707
10580
9522
9691
11176
7874
9987
9642
11577
8468
10988
9067
7660
8793
8063
9819
8596
9851
9692
11715
8300
9148
10473
9398
8964
11216
11452
9932
8582
9106
9457
9407
9970
9542
8949
9594
10116
11123
9668
9044
10448
11358
10286
11516
10716
8902
10942
11053
9293
9062
10624
8982
8817
9941
9341
9753
9584
8990
7924
9168
9338
8046
9111
10699
11093
10969
9196
10670
9945
10300
9057
10161
8946
10538
10328
8879
10683
7596
7831
8445
8106
10024
8815
9795
9234
10942
8884
9766
10420
8535
9711
9181
9098
9265
8507
9523
11229
8804
8876
8433
9028
9488
9524
8135
8970
9580
8838
9086
10260
11553
9785
8514
11201
10021
10065
8998
9703
9946
10207
8010
8438
9156
11630
9234
9555
9441
9755
10560
9542
9445
8783
12276
9106
9305
8452
10738
11166
8822
10878
9349
11122
9405
10383
9732
9707
10865
10260
7997
10445
8795
9878
9884
9642
9181
9790
8832
10807
9429
10476
10718
10354
10657
9932
8621
10133
9188
9165
11081
8773
9152
10768
8840
10161
10471
10083
9782
9811
9934
9318
8509
8765
11000
9561
10852
10046
8694
10395
9437
9510
7715
9765
9226
10016
10068
9603
10065
9796
10832
8216
10429
8081
12380
9216
8696
8896
9411
10471
10669
10688
8711
9295
9639
9539
9851
9600
10158
8916
10252
8901
9677
10015
8293
8851
8842
8854
10448
10278
9912
9824
8854
9169
9216
9492
8815
10479
8514
10021
10304
11567
9807
8066
9466
11044
9156
9606
10550
9366
9518
10271
9096
9701
8946
11174
10198
9918
8000
9812
12195
7548
9248
10422
10156
9494
9157
8322
8899
10448
8608
10589
9846
8080
8460
8705
10930
8614
8730
9152
10298
9690
9547
9884
8905
10039
10980
8560
10138
9284
10133
9549
9128
9466
9677
8464
9991
9021
8616
9283
10269
8971
10851
9478
9001
7715
10528
9614
9276
8824
10102
8696
10286
8062
9512
9032
9534
9312
8740
11397
9972
9532
9028
8906
11383
10264
10749
6941
9476
10922
9046
9815
12336
8443
11031
9106
10088
8614
10912
9265
8815
8862
9540
9944
10029
10177
8989
9152
9182
9547
10342
7589
9492
10230
11626
8527
11174
9909
9621
12163
10295
9189
10669
10297
9929
8846
10176
10022
12854
9450
9723
9873
8740
9800
10502
11373
13170
9938
10029
10738
9585
9854
9152
9687
8705
10820
7827
8793
9776
8840
10192
9115
11304
11132
10933
9195
9064
10350
8742
10978
10491
8712
10532
9333
9782
9034
9156
10307
8362
9535
9240
11419
10311
8573
9334
10013
7901
10483
8345
10312
9103
8578
10720
9983
9113
9353
10130
9704
9485
10972
10461
11796
9736
8726
8433
7859
10988
10589
9623
9168
9194
9950
9182
10030
9584
8876
10658
8029
9038
10194
11112
9663
8645
8597
8328
8593
8722
9178
8952
8705
10185
7887
8558
10253
9639
9179
9663
9468
7740
9737
7927
8884
7562
11006
9374
12203
9947
9719
10432
9864
9731
10674
9492
7998
9924
9501
9821
9801
10105
10738
9710
8825
8235
11767
8168
9617
9691
11211
9964
10607
10826
10022
8674
9553
7182
8530
11859
10709
8007
8634
10389
8109
10626
10936
8745
9627
9884
9254
10084
10935
8914
7251
10858
9085
8599
11246
10285
8773
9713
10625
10155
8686
9321
9745
10931
9041
10317
8942
9019
9928
9732
9909
9594
9510
9770
9390
11131
8910
10727
8470
9397
10863
9779
10768
9708
9331
9766
10624
9951
8747
8626
8888
9572
9689
9809
7532
8668
8514
8634
9257
9987
9559
11277
9507
10145
8800
8714
9530
8593
7629
10069
8346
9752
12195
9782
10722
9680
9230
8310
8866
8826
7901
8679
10094
11427
9642
10258
10805
10022
8565
8793
9048
10525
9398
8924
10558
9553
9719
8840
9354
9862
9807
9454
10037
9447
10476
8183
11027
10471
8929
10115
9333
10334
9473
8933
8967
10608
9504
11394
9479
10022
10738
8887
9650
9115
8786
9338
10120
11197
10054
10161
8894
9330
8670
10750
9034
8963
8259
8743
10419
8945
10674
9905
8837
8935
9624
12452
10118
10927
8736
11136
10737
9621
8632
10198
9404
9377
9540
9663
8856
10045
9447
9530
9163
11003
11047
8969
11373
9896
10423
9880
9019
10829
10350
11642
8911
9474
9915
8427
9986
11528
8880
9319
10264
10796
10716
9998
9639
9685
9849
9808
7660
9914
9975
9339
7619
9808
9255
10266
9258
9771
10888
10596
9368
8740
9511
10018
9521
8568
8696
9879
9143
9306
12284
9339
10007
9820
9824
8323
9572
10770
9264
9634
9564
10320
8762
9338
9756
10136
9535
11010
9298
7969
9067
10721
9400
8850
9671
9292
10005
8722
9661
8905
9117
8526
9590
9906
8715
9954
10483
9999
8257
10020
10876
8714
9499
8853
8807
8199
11002
9450
9445
9333
10891
9255
9448
9541
10253
8920
9096
8725
9054
9546
11980
8560
9949
9825
9315
11133
10012
9096
10124
9624
7983
9661
9236
9440
9382
9891
10131
9179
9339
8931
10500
11008
9254
9167
8578
9891
8969
8847
9434
10823
10476
9898
9551
7442
8705
8900
9744
10727
9600
8538
10862
9021
8748
9727
10348
8628
9434
8696
7940
10002
9071
9047
10467
10189
8761
10647
8157
8896
9992
8054
8000
8919
9478
9713
9622
9745
9318
9317
9269
9096
8512
9479
8776
10244
10084
9465
9891
8808
8209
9444
9666
9675
8593
8512
7715
9264
11157
9702
8693
10634
8825
9278
8735
7979
12093
9393
9208
10014
10652
8730
9507
8679
9157
9930
12201
9755
11793
10133
9299
10073
9930
7827
9926
9324
8905
8933
8786
10953
8372
8356
10156
10151
10804
9253
8445
9925
9441
9802
10285
10861
9145
9442
11008
10221
8429
10340
8932
11546
9758
10224
9148
9745
10979
10357
9981
8821
9440
9351
9643
10472
9637
8651
10418
9368
10203
9567
9868
9994
8994
11370
10244
9643
9343
9423
10605
9723
8864
7887
7880
8725
10382
9720
9906
9115
9279
10787
9728
9628
9432
10027
9851
9206
10961
8063
10059
9740
8908
7963
8359
10253
8088
9489
9557
11084
9824
9145
9535
10815
8740
8216
9080
11009
10088
9683
9840
11590
8777
10616
8858
7788
9826
9730
8815
9730
8871
8553
10248
8613
9044
8735
10274
9786
9779
10146
9437
8931
9824
11204
9315
9801
8680
9809
10169
8963
13432
9692
10262
8721
9355
8911
8910
9819
9145
9246
10075
9479
10662
11938
11407
8325
10318
10468
9916
10215
10114
9227
8837
8769
12597
7881
9398
12201
9673
11146
10853
10636
9560
10123
10408
10639
8398
7973
10133
10117
10318
8832
9454
8879
9111
8782
11021
8578
9819
9741
9441
9474
9987
9624
9138
10493
10549
11342
10376
9882
8588
9486
8842
9209
9274
9676
8518
9115
9908
9502
9778
8705
9071
10959
8512
9188
10400
9736
8299
9869
11453
8914
9912
8239
11939
9972
9833
10443
9708
8744
9630
9981
9427
8820
9298
11251
9071
9149
9078
9269
9084
8765
9607
9654
8952
10002
11020
8735
8179
9647
9695
9825
10738
11335
8609
8876
8895
9737
9158
10412
8909
10400
8672
9366
8112
10923
9400
12361
9851
8619
8759
10254
9925
10393
10635
9650
10021
8686
10077
7963
10877
8355
9648
10386
10570
8703
8394
10371
8691
7806
10257
9728
10828
10554
8345
8504
10058
10476
9140
8930
7117
9799
11343
9498
8005
8694
9153
8907
8786
8149
10708
9694
8553
9414
9497
9489
10112
8905
8120
9819
9038
11434
8515
10410
9263
9822
10091
11231
9336
9739
9911
9860
9129
9460
9073
9257
9032
8876
8440
9898
9047
10694
10798
10307
11247
9639
9265
9910
9283
9177
10139
8462
9019
8631
9041
8377
9740
10776
9001
11074
8148
10368
10204
9476
8761
9403
10552
8634
10004
9963
9244
10044
11158
8100
10873
10145
9710
9537
9979
10452
10376
9888
11442
9781
9152
9269
9334
8856
9331
9476
9994
10475
10210
10712
9693
10059
10034
10438
10155
8606
10617
9760
9021
8952
9027
8094
9188
9792
7957
9366
8837
10418
9435
8475
7694
11202
9880
10581
9956
9918
8000
9457
7256
10745
11198
9940
9237
9448
8997
10532
10696
10376
10588
8491
8303
9379
7992
10746
7785
9527
8728
9426
10340
10582
9268
9005
9747
9497
9561
11169
9560
11510
9188
11041
9194
11382
9898
8910
9950
9028
8362
8201
11216
10584
8120
9561
11671
10096
7562
9269
9976
10381
9276
9244
10792
8527
10306
10735
8239
9116
9005
9976
10161
9400
9414
9884
9707
9684
8119
10387
9366
9853
11139
8786
8491
10344
8135
9720
10216
9333
9172
11639
9213
9321
10377
10246
9924
9326
9403
9346
8630
9619
7831
8426
9571
9949
9457
8609
10429
8864
8328
8386
11696
8124
8076
8453
9924
9709
8665
8578
9347
8883
11589
8081
9621
9785
10221
11786
9661
9796
9021
11197
8631
9672
8920
10051
9003
11428
8857
10443
9070
11084
9848
10380
8808
10373
8413
10227
10393
8224
9873
10596
9512
9457
9987
11572
10875
8761
8475
10616
9019
8214
9453
10768
9802
9530
8736
9541
8657
9222
8575
10678
8334
9954
10144
8036
10565
8568
9847
9911
8791
9466
9238
9758
9772
9149
10336
9889
10077
9315
9461
9870
9558
8372
7985
7979
10532
11361
8808
12053
9563
9243
8887
9729
10084
8472
9666
9944
8656
8525
9292
8108
8665
8651
8438
10749
8623
10639
8613
10153
8463
9882
11663
9339
9715
8593
10488
10498
8128
9554
10404
10115
9206
10608
8815
9769
8521
9951
9003
9748
8801
8346
8661
10919
10922
10371
10623
10254
10957
10452
10800
10313
9867
10635
9677
11125
8641
9328
9469
10699
7694
10411
9891
9094
10161
9279
10156
8855
10937
8829
9233
10294
8884
8841
9803
12674
7999
10768
10684
9448
9962
8888
9209
12564
10852
10447
9956
9092
7997
8782
9371
10073
8509
8957
8281
10659
10175
10342
8768
9686
10133
9318
9317
9536
10176
9546
7952
9532
10258
8740
9925
11842
8721
10535
8257
10141
10004
8430
11282
8492
9478
8276
8526
8998
8970
9002
8426
10807
12681
9932
8480
8062
9865
10368
9491
9983
8976
10194
10734
9021
9940
10547
8536
9872
10874
9027
9659
7923
10539
8631
9698
8686
8673
10962
8641
11078
10463
9622
9640
9985
10102
9766
10566
10488
10468
11146
8313
9862
7442
8740
7411
12451
8696
9244
10709
9898
11258
7546
10889
10000
9802
9792
9891
10621
9571
10681
10250
8791
9882
9817
9782
10224
9509
12066
11184
8302
9275
9038
11165
7732
12541
7959
8787
10363
9665
10691
9156
7955
9698
9822
7126
8543
10979
10457
10860
8452
9028
9644
9396
10933
9512
9277
10001
9484
8739
9689
9317
9034
8493
12169
10099
9595
10322
10553
9208
9795
9786
10738
9751
9796
9958
8636
8573
9678
8354
9661
7999
9329
9267
10120
11088
8026
11539
9799
10244
8998
10373
8597
10379
12116
10133
9332
9572
9164
9168
9328
11686
10127
9698
10040
10847
11350
14538
8298
11797
9908
9308
10618
9354
9945
9091
9442
8217
9966
8752
9297
8640
8715
9673
9235
9752
8805
10443
11063
11886
9608
8824
10878
9532
9997
7433
9144
8933
9918
8955
8278
10089
9964
9865
9041
9303
9902
10181
11253
9763
9522
9340
12364
9543
9912
8786
7718
9282
9172
10266
9537
9745
10724
8292
8118
8599
9725
8810
10508
7958
9279
11735
9457
9659
9114
9275
10307
8964
8640
9858
12327
9945
10375
10677
9025
9637
8745
9507
8738
10812
8302
10196
9504
9772
8934
9607
12029
10010
11885
9840
8445
12120
8786
11133
9284
10926
8443
8112
10257
9778
9772
8558
10839
10014
12517
9177
11289
9070
8316
9529
10425
9436
8817
9315
8942
10818
8576
9800
9698
9401
9805
8376
10292
8679
8754
8863
9501
9427
10121
10310
9992
9868
8098
9739
9368
9225
9121
10178
8109
10606
10952
9807
9677
8640
10747
9315
9846
10117
10117
10318
9230
8893
10105
8879
10852
8671
9821
10312
8341
9103
9553
10312
10545
8463
8106
9884
9312
10584
8765
8571
10475
7958
11789
8403
10728
9432
8863
8822
8883
9368
9508
9680
11202
9264
9584
9713
8888
10716
9520
8674
9839
13370
9248
9564
11644
8560
10224
9269
9630
9711
9912
9665
8345
9541
8995
9701
8851
8749
10309
10605
9299
9325
9437
9811
9964
9046
8492
9474
10617
8954
8916
8293
9719
8513
10494
8100
9115
9322
9541
8279
9367
8127
11401
12541
8278
11539
11749
10858
9581
8660
9840
8355
9742
10302
12456
10582
9678
10254
9807
10987
9230
9414
10494
12251
8277
10114
9243
8836
8964
10151
8351
9269
8112
9971
7117
7660
9777
8630
10555
10054
10850
7600
7126
9715
10399
9780
9882
10959
9398
9609
8108
10306
9457
8527
8278
9830
10036
9559
11226
9246
10569
9304
10014
8681
10436
9815
9712
10426
8453
7810
8765
9461
9789
11749
10096
9321
11170
9244
9564
10059
10534
9762
9998
10404
9324
9007
8753
9768
9306
11070
10616
9907
9457
9815
10173
9437
8836
10741
8884
8346
8536
8465
7875
10024
7859
9312
8664
8484
11954
9339
8905
8696
8681
8102
9501
9666
8495
9432
8389
8971
9706
9684
10174
10922
10065
12621
9553
10392
9994
10494
8489
10676
10364
9393
10414
12051
9869
10240
8137
9226
9209
9502
8728
8963
10178
8966
9796
10667
10640
9415
10082
9521
10001
10232
8581
8640
9796
10395
9740
8149
9792
10658
10534
8474
9145
10868
8389
9028
8644
12344
9463
9181
10251
8811
9828
9385
9778
9482
9007
8440
9939
10265
10603
9771
8887
8696
11533
9217
10513
10184
8639
8982
9439
8787
10906
8502
9898
9295
9563
10447
11220
8888
8677
10160
10570
9340
8589
9442
9819
9694
8970
10264
10485
9600
9116
8499
11055
7991
7667
9055
8570
9353
8720
9304
9469
8899
8931
8641
8589
8519
8651
9254
9005
9171
8700
10463
7915
7980
9584
10204
8952
9633
10676
7596
9515
10189
9278
9233
10754
10665
9156
8793
9152
8609
9263
9053
8821
11342
7678
10371
10588
9874
8761
7596
10266
10623
10829
8464
8935
8525
8700
11581
11785
8767
8223
9251
10691
10471
10500
11344
10264
10136
8302
7400
10207
10448
7829
8439
8512
9703
10896
9854
9920
8847
8887
8740
8847
11926
9370
13279
7829
11004
10506
9274
9387
8282
9647
12372
9118
11205
9954
7442
8316
10377
11267
8489
9257
10443
9942
8927
10011
9172
8760
9906
7475
9824
8480
10115
9959
9987
11421
8891
10211
9811
8805
9488
9130
8871
9548
8796
10431
8696
10584
8820
8435
9244
9575
8469
8866
9259
8543
9594
8525
9298
9308
9104
9801
11140
11763
10699
9492
9687
8578
10905
7713
9432
9605
8834
8254
12018
10634
10274
8312
8793
8575
9908
8569
8095
8947
9627
10216
10818
10874
8499
9593
10242
9807
9841
10122
9959
8335
8911
10962
8846
10083
9882
9893
7820
10493
9092
10239
10788
8757
9310
9000
10162
9489
11044
9755
10373
8808
10419
10590
8613
8705
9540
9170
9938
8604
9891
9954
11214
8206
9071
9283
9339
8947
7880
9059
10229
9441
8870
8914
9252
10420
9894
9625
9343
8825
8448
8527
8947
9428
9053
9387
8705
9805
9331
10244
9051
9977
8199
8825
9715
9282
8935
10468
8705
9648
9902
8518
10141
9710
9451
8783
10590
8488
9792
9680
8979
9546
10120
10722
9807
10602
8542
10191
11054
8281
11478
9639
9457
8142
8168
9701
8254
9568
10253
10191
10538
9752
8825
10504
9086
11889
8946
9426
8725
10112
8126
10670
9383
9951
10590
9665
9240
7227
8036
9426
8223
9801
9898
9206
8495
10215
9681
9633
10583
9541
10165
9754
9817
9720
9888
8472
8377
11271
9736
9380
11909
8258
9471
10115
9440
10664
8941
11762
9063
8473
9331
9159
8127
10010
11802
10355
9628
9572
10211
8865
9332
9986
9109
10115
9060
9012
9172
10959
9715
8558
9354
10088
10440
9580
8128
9814
9337
10012
8931
9298
9665
9405
8925
9578
11741
8675
8216
8768
9371
8526
8614
8439
9476
8128
8119
9841
10094
8206
10017
10825
8910
11779
10304
9541
9577
9351
8439
10370
10321
9199
10820
12288
9455
10566
9406
9080
8196
10942
9325
9299
11012
9658
10410
9880
10088
10336
8526
10638
11264
11623
9910
7414
9862
8227
9219
8916
8273
10565
8916
9065
13377
10416
9580
11125
10232
8725
9675
10059
9049
9771
10515
9742
8693
8917
9755
10114
11069
9321
11064
7776
9062
9312
9898
9254
10236
8576
10511
10852
10307
8378
9748
8630
12195
13582
9891
9103
8811
10017
9272
9255
10102
10034
8892
11396
8419
8883
11997
10556
8266
9663
10473
8438
8837
10394
8168
10638
10363
8199
10443
10135
9979
9292
7806
9997
9038
10718
10047
10246
9304
8281
9244
9723
10391
8739
9767
8837
10155
9339
8858
9115
9854
10014
7808
9106
8830
8573
9478
11216
10729
10375
9201
10232
9183
9225
8680
10741
8631
9240
10331
10576
9177
9685
8665
10096
10157
10551
9425
9584
9092
10142
9601
10625
8005
10450
9555
9297
10145
9521
10461
10770
11930
9509
8952
9339
8512
12886
9109
8888
9905
9483
9489
9382
9605
8735
10194
9366
10216
8521
8059
9080
10187
9340
9586
8354
9447
12029
10034
8677
9461
8914
9532
11149
11421
8905
9288
8312
8312
9339
10459
8569
8786
8720
9572
8895
8236
9654
8791
8945
10642
7562
10099
8559
8769
9283
9997
9743
11205
8563
11785
9925
9922
10931
10502
9532
9619
9692
8630
9888
9449
11827
8661
9117
8443
8906
9715
9830
9744
9307
10507
9963
8214
8672
8101
8501
8863
8382
9656
9420
8941
12326
8887
9005
9889
10091
9678
11135
9236
10577
11774
9005
9930
8606
8605
10704
8751
10576
8154
8359
8501
9183
10498
9329
8791
8206
9213
8998
7394
8452
9233
10157
8876
9911
11136
10577
9451
8763
10687
10613
8810
9809
9375
8836
8916
9584
10433
8447
9713
9958
9711
9449
8614
10038
11167
8571
10313
9853
7417
8214
11104
9267
9248
8829
7602
9555
9479
9005
9177
8830
10789
9114
9367
8420
8771
8477
9351
8810
8522
10435
9550
9518
9634
7741
8614
11246
9409
9141
10306
9152
8308
9438
9338
10520
8838
9924
9795
9869
10819
9292
9943
9457
9985
11165
9463
10596
8495
8711
9240
9168
10491
11011
11747
9508
8853
9561
8848
9117
9979
9784
9341
9336
10420
7848
8007
8308
8037
10685
10589
8850
10352
8917
7718
9104
9240
9506
8971
10069
10091
10207
9711
8444
10200
9615
9713
8491
11304
8753
8440
10145
9605
9896
10448
12780
9639
9515
10520
8346
11178
9553
10973
8019
9912
9356
9268
10027
8316
10012
8492
8414
10455
9390
8776
8046
9904
9066
9265
8386
9255
9255
8647
10033
8919
8298
10442
10024
9437
8628
8982
9921
8846
8984
7980
9243
12767
9792
9753
11555
9767
9737
9925
10048
8949
9789
10115
8948
9353
9567
9269
8670
8452
8504
9564
8408
8118
9533
10443
9258
9927
10210
8168
11104
9446
9928
10635
9233
9046
8982
9951
9169
10120
8536
10878
8600
7983
10574
8000
8856
9053
10674
10278
8993
9916
10433
8283
8733
9789
8856
9021
10375
9949
9613
8598
9741
8674
9971
10116
8603
9483
10531
9504
8900
10920
10360
10746
10099
8298
8640
9383
9501
11674
8500
9136
11122
9086
9020
10010
9909
10021
8509
9333
8577
9358
7709
8068
8705
8995
7821
10193
7041
7783
9434
9175
9038
10157
10021
10046
10034
9818
9824
9447
10189
9212
10249
8636
10352
8487
8648
9434
9678
9891
8714
10543
9501
9297
9304
8715
9409
9228
9310
9251
8582
9177
8342
11010
9508
11580
9304
7171
9446
9163
8856
8613
11577
8618
8521
8941
9331
9083
9858
7983
9623
10375
10387
10085
10761
10119
8559
9792
9521
8818
8346
9465
10931
9553
10508
7588
10233
8527
8711
10712
11214
9321
9745
9437
10368
9633
10224
10661
9882
9254
10191
9333
10146
9034
10368
8000
9424
9872
10854
9181
8536
9278
9120
9972
9162
9028
8781
10201
10702
11674
8862
9560
9174
10761
9282
9941
8509
8106
11539
8108
10145
9415
10677
8911
9915
8786
9366
9672
9622
9032
8609
9176
9021
9492
8094
10115
10529
8001
9512
8843
9658
9622
10116
9696
9295
9642
10391
9024
9177
9471
9069
9062
10000
12008
10910
9229
9217
10560
8283
9748
8851
8576
9512
8463
10067
8737
8917
8725
8293
11083
10589
9267
9380
10158
9642
9555
8906
8609
9367
8184
9389
9463
9169
10404
8214
10120
10400
8876
9455
11776
8452
9639
10372
9479
8811
9435
9432
10806
10506
8713
7657
9559
11676
10551
7447
8796
9163
10635
9044
8830
10407
11802
9605
9103
7957
9532
8614
8631
9804
8688
8297
9593
8882
9579
8127
9521
10018
8046
9053
10242
8773
10851
8427
10110
9148
8514
8468
9926
9090
10380
8947
9728
9330
9700
7821
11652
9208
9171
8620
9298
11316
8864
10114
10104
10392
11353
9643
11174
9468
8661
9325
8532
8389
8266
8526
9530
10534
9716
10293
9195
9263
9741
9666
10107
9005
10548
8569
8782
8347
9816
11010
9318
9028
8135
7924
8673
9559
8768
10192
9517
9329
8919
9475
9208
10293
8606
9445
8700
9299
9460
8688
10181
10056
8763
10022
8866
10207
9312
10577
9782
8194
8599
9136
8792
9793
7510
9377
7999
9373
9714
10359
9288
8964
9042
8470
9573
9709
9252
9351
8810
9509
10567
9855
8444
10380
10873
8862
9136
9926
10299
9457
10047
8977
9044
11328
9501
9147
9681
8694
9533
8232
8445
10736
10986
9853
8342
11179
9686
9321
8863
8589
9966
10739
10528
9943
9448
8386
8832
12079
8386
8026
10092
9021
8781
9683
9619
8233
9143
10022
10785
10584
10538
10064
10042
9287
8719
9423
8565
9707
10669
10917
8657
10034
8524
8613
9779
8128
9390
10060
10342
10276
9158
8749
9189
8310
9582
10106
8583
8964
9437
10658
10327
7126
9988
11212
9544
8656
9426
8636
10382
9177
8807
10122
11298
9483
8694
10674
8686
8749
10469
10153
9334
8501
9619
7740
13658
10185
8349
8748
9418
10864
8091
9857
8715
11310
8714
9683
10085
8328
9685
8464
9143
8619
9559
10184
9811
10921
8870
8862
10260
10085
8867
8487
9038
9257
8887
10571
10336
8298
8609
10828
8923
8492
8842
9979
8815
8323
9861
9908
9687
10584
9624
8791
9152
8194
9268
7934
10230
8728
7741
9913
9201
9510
8822
12070
11248
9390
10191
9841
7419
8100
9900
10233
8524
8236
9235
8754
9107
9818
8674
9934
11538
8966
9599
8867
9493
8122
10104
9701
12069
8122
9613
11668
10554
9912
8830
9115
10287
9265
7657
10165
7675
11944
9393
8517
9560
9557
8764
10748
9695
8629
8301
10124
10173
9532
8224
8935
9167
9541
9168
9429
9434
10222
8905
9547
9790
11637
9288
9274
9678
8210
9356
9522
9339
10808
10258
9382
8640
9654
11792
9024
11389
9041
9168
10639
9799
8342
7433
9572
8312
8863
8926
10998
9484
8420
9337
9707
9945
9325
9027
11537
9347
10047
10073
8740
9446
9999
11785
10207
9619
8822
9683
9021
10807
9913
8443
9273
10279
8821
8792
8512
10159
8565
8853
9320
9964
9708
9793
11734
8630
9542
10550
9721
9069
10635
9275
10066
9723
8244
9234
11507
9092
7927
10135
8301
8102
8989
10257
9578
11060
10127
8432
8756
10718
9639
10180
9426
9744
7983
9924
10936
8945
9097
9167
9453
10117
9048
9240
10018
9152
10420
12218
10597
9961
9561
10389
9983
9984
10010
8819
9673
9338
9698
9995
9371
9425
10924
9449
9273
11901
9678
8600
8721
9920
8756
9912
9298
8088
10504
8931
8916
8830
8135
11268
9527
9668
9447
10313
10447
8075
8101
8887
11223
10145
9672
10849
13307
10928
10189
10014
8590
8266
8360
8782
8535
8432
9451
10696
8492
9347
9809
8440
7818
9284
9908
7343
9292
7735
8530
9339
10331
8995
9578
12038
8403
11060
9654
9745
9368
8947
11645
9298
10195
9387
10172
9128
9304
8800
9946
8851
10903
10089
10654
10265
9770
9687
8923
9255
9851
10394
9734
9549
8916
9445
9418
9075
9332
8837
10054
10127
9246
12859
9306
9963
11010
8965
11158
8345
9478
10737
8346
9575
8791
9060
8151
8825
9243
8820
9454
10973
8419
8054
10410
8665
10265
9468
10001
9744
9492
9796
8078
9585
9266
10567
9489
10391
9222
9390
8470
8793
9176
8281
9179
9371
9179
9042
10105
9412
9521
9980
8453
8377
10230
9353
12045
8834
8036
10773
10531
8148
9710
9809
9285
9729
10965
7667
8188
8756
8964
10225
10252
8601
9553
9777
11034
8751
9605
8898
10048
8277
9437
8476
10300
10090
9007
10118
8692
8433
7330
8843
9296
10365
9828
10013
10190
10078
10941
9741
10747
8445
10873
9738
10018
8851
10059
9930
9116
7576
9140
8386
9159
10335
8355
9540
9949
8182
9971
8343
8910
11886
11063
9681
10155
9738
9062
10018
8934
8209
9625
9507
9563
8639
8596
10556
10383
7940
9281
8776
9278
10230
8998
8755
10798
9395
8342
9793
10266
9947
10144
9255
9114
8933
9612
9096
9801
8966
8571
9117
10373
9517
8329
8426
8940
10344
10022
8926
9429
8317
10097
9426
10110
9986
9124
11720
8470
9497
10608
8386
9572
10873
9426
10476
10448
11052
10727
9752
10808
8435
11198
9092
9885
9829
9461
8760
8958
8446
9130
10030
11611
9916
10054
9803
8103
12319
8696
8480
9535
11038
10842
9801
8469
9848
9377
7776
10137
8858
7821
11919
7758
10060
10831
8443
7808
8501
9983
9244
10921
8775
8618
9339
8440
9199
9083
10816
9755
8491
8782
8648
9090
9206
9995
8663
9904
10798
8895
8704
9038
7827
9541
6932
9454
11828
10436
10463
8793
9888
8127
9021
9493
9526
10679
8753
10717
11710
11336
8908
11500
8630
9029
9738
9242
11314
9153
10114
9047
9572
9578
8619
11909
8808
10856
8674
9371
9859
9542
9564
9921
8761
8194
9817
8527
9723
9370
10159
8560
8947
8882
9468
8748
9292
9409
9293
9715
11217
9070
8312
9924
8638
9075
8975
8000
9115
10546
9473
9593
11009
8933
7810
9861
9346
8177
8543
8369
10190
9182
8499
8745
10382
10174
9491
9837
11246
9654
9975
8826
7897
9265
9866
10393
9293
10600
8997
10799
10046
9536
12372
9437
9367
10790
7576
9848
8740
8876
9744
9555
9325
9793
8547
10363
9896
8514
9896
9994
9339
8274
9233
9130
9384
8489
8686
10126
8861
8894
10588
9009
9819
7880
9265
9437
8356
10020
9684
10846
9449
9057
10584
6830
9275
9302
9530
8896
9208
8310
9194
8596
8782
9821
10327
8970
10043
8604
9148
9901
8120
10123
8489
9549
8029
9894
9908
9494
9515
8967
9246
9372
10429
10334
9616
9940
9956
10651
9830
10083
9979
9390
10240
9792
8819
8398
9282
10112
8495
10159
9106
9434
9819
8571
8773
9686
9326
8767
8882
9771
10063
10436
9504
9878
9752
8320
9651
11010
8672
8106
9070
10133
10000
9799
8147
9178
9282
9339
9566
9118
10168
9578
10386
8166
9950
7955
9883
8626
8081
9589
8119
9324
9115
10316
9497
9943
10217
9521
9105
11260
9804
10048
9661
9336
10585
10532
8571
8512
9915
9711
8460
8783
10448
8726
8965
9508
8650
9141
8101
10130
8019
8604
9047
13170
10097
9248
10547
8966
8884
8884
9568
9532
8356
8419
10722
8147
9189
10140
9595
10689
9738
9025
9398
8227
11052
10828
9027
8946
7602
10130
9861
8638
10727
8137
11276
9508
8557
9259
9643
8636
9062
9309
6613
10318
10189
9215
11999
8631
9619
9109
10472
10471
8864
9331
10088
9186
9713
10181
9586
8571
8867
7666
10102
9579
8747
8691
9898
8619
9114
9878
9169
10658
11304
9663
8341
11070
10878
9964
9251
10161
9914
11653
9086
8514
9865
9554
9167
8472
9165
9607
9726
9712
10358
8905
9521
9358
10448
8989
8536
11099
9329
10658
