1096268
588276
408416
315259
256384
218575
190381
168741
152197
137201
126402
116826
109611
102018
96022
89964
85614
81293
77220
74566
70963
68220
65237
62894
60811
58745
56411
55001
53440
51648
49627
48472
46692
46106
44877
43481
42466
41152
40371
39403
38415
38001
37246
36444
35473
35023
34378
33815
32933
32106
31995
31170
30841
30184
30070
29138
28920
28258
27884
27540
27295
26687
26347
26018
25772
25085
24939
24473
24197
23808
23772
23640
22906
22752
22288
21982
21930
21810
21548
21254
20953
20929
20373
20199
20118
19708
19600
19511
19192
18963
18905
18837
18768
18500
18128
17968
17856
17715
17668
17604
17368
17121
16846
16709
16444
16420
16326
16193
16190
16000
15855
15711
15658
15467
15331
15204
15079
15048
14930
14781
14752
14600
14435
14408
14207
13890
13887
13871
13711
13693
13575
13566
13458
13378
13248
13142
13137
13100
12968
12931
12765
12734
12578
12473
12463
12360
12238
12225
12217
12163
11988
11945
11823
11815
11804
11735
11706
11686
11510
11388
11186
11151
11150
11150
11114
11109
11024
10972
10876
10830
10809
10733
10645
10479
10426
10390
10351
10348
10334
10274
10082
10081
10081
10049
10028
9981
9921
9910
9876
9846
9775
9768
9629
9575
9539
9511
9448
9429
9427
9414
9376
9360
9220
9203
9091
9088
9066
8958
8879
8831
8786
8765
8748
8732
8698
8668
8666
8657
8647
8634
8596
8540
8491
8476
8439
8411
8338
8322
8271
8229
8180
8160
8078
8063
8027
8021
8015
8008
8005
7957
7873
7840
7825
7786
7760
7753
7753
7678
7658
7585
7553
7545
7521
7508
7508
7505
7473
7434
7408
7393
7331
7297
7283
7265
7244
7218
7184
7164
7151
7130
7097
7068
7042
7040
7018
7011
7000
6983
6952
6907
6861
6823
6794
6778
6752
6747
6663
6643
6641
6633
6630
6625
6605
6592
6532
6510
6509
6506
6491
6488
6469
6453
6451
6415
6393
6378
6357
6329
6302
6278
6262
6261
6243
6238
6235
6226
6151
6123
6107
6088
6073
6033
6016
6016
6011
5980
5938
5937
5928
5894
5892
5881
5878
5828
5821
5816
5799
5774
5760
5754
5750
5736
5731
5730
5721
5700
5677
5675
5668
5652
5651
5634
5603
5585
5573
5538
5526
5525
5515
5510
5505
5480
5463
5440
5435
5430
5412
5400
5371
5368
5337
5331
5330
5317
5302
5271
5247
5245
5244
5242
5215
5215
5190
5182
5175
5163
5156
5153
5116
5109
5105
5080
5031
5026
5017
5012
5006
5003
4986
4966
4965
4947
4939
4938
4935
4906
4905
4901
4899
4892
4875
4848
4844
4829
4824
4823
4822
4815
4809
4808
4807
4794
4781
4770
4768
4760
4742
4728
4720
4700
4682
4672
4664
4646
4642
4625
4597
4577
4571
4546
4542
4542
4542
4533
4527
4523
4513
4511
4503
4498
4468
4468
4462
4450
4447
4445
4438
4433
4430
4422
4395
4379
4371
4354
4342
4341
4337
4331
4328
4327
4314
4308
4299
4298
4292
4292
4289
4282
4274
4260
4256
4241
4240
4232
4211
4208
4206
4181
4179
4178
4160
4148
4130
4130
4129
4123
4118
4115
4112
4111
4110
4109
4101
4089
4082
4078
4064
4056
4052
4050
4047
4032
4013
4009
3985
3967
3965
3954
3953
3948
3946
3924
3915
3905
3894
3892
3887
3887
3885
3884
3878
3871
3870
3865
3851
3849
3845
3830
3823
3815
3813
3811
3809
3794
3779
3772
3763
3753
3751
3750
3744
3742
3722
3720
3715
3704
3702
3696
3691
3681
3675
3670
3662
3651
3649
3646
3646
3630
3622
3620
3619
3617
3615
3609
3598
3597
3568
3566
3542
3536
3535
3529
3526
3526
3525
3522
3521
3520
3519
3518
3514
3511
3504
3501
3497
3483
3483
3479
3478
3477
3470
3465
3464
3464
3453
3446
3445
3420
3417
3412
3400
3385
3374
3370
3368
3364
3360
3354
3351
3349
3348
3346
3331
3330
3326
3320
3319
3318
3316
3315
3314
3314
3313
3312
3310
3302
3285
3278
3269
3268
3264
3257
3256
3254
3250
3247
3246
3241
3237
3237
3229
3228
3227
3218
3217
3206
3200
3198
3183
3175
3167
3164
3156
3156
3151
3146
3137
3133
3122
3117
3114
3110
3108
3107
3106
3106
3104
3098
3097
3096
3090
3089
3074
3073
3072
3072
3059
3053
3046
3043
3041
3038
3037
3034
3033
3024
3020
3020
3017
3013
3010
3008
3005
3002
3001
3000
2995
2992
2989
2988
2986
2985
2978
2974
2973
2971
2970
2955
2950
2948
2945
2942
2940
2936
2927
2923
2923
2921
2920
2917
2913
2912
2901
2900
2898
2897
2885
2885
2876
2872
2868
2862
2857
2855
2851
2850
2848
2847
2836
2831
2830
2828
2827
2824
2824
2817
2813
2807
2806
2804
2803
2802
2793
2792
2792
2788
2772
2766
2760
2754
2752
2747
2744
2743
2742
2737
2735
2735
2731
2728
2725
2721
2718
2718
2717
2717
2716
2714
2707
2706
2705
2704
2700
2699
2698
2694
2693
2692
2689
2683
2681
2678
2677
2671
2661
2657
2656
2656
2651
2648
2646
2640
2638
2637
2630
2627
2626
2625
2621
2618
2613
2612
2603
2600
2593
2590
2588
2587
2584
2578
2576
2575
2571
2571
2570
2569
2562
2562
2556
2553
2551
2550
2545
2544
2540
2537
2536
2535
2535
2532
2531
2530
2527
2527
2522
2520
2519
2511
2507
2505
2501
2500
2499
2496
2495
2494
2492
2490
2490
2489
2489
2484
2483
2482
2480
2478
2478
2473
2469
2466
2453
2451
2445
2444
2440
2437
2436
2432
2432
2428
2427
2420
2415
2414
2411
2407
2405
2405
2402
2401
2396
2393
2392
2391
2385
2384
2383
2380
2378
2377
2376
2369
2366
2364
2361
2359
2358
2357
2356
2354
2352
2352
2351
2349
2346
2344
2342
2341
2338
2337
2336
2334
2331
2330
2327
2326
2323
2321
2321
2319
2318
2317
2315
2312
2312
2306
2298
2297
2297
2294
2293
2289
2289
2285
2284
2281
2281
2280
2270
2269
2269
2268
2266
2265
2264
2261
2261
2258
2256
2255
2254
2252
2252
2250
2247
2241
2235
2235
2235
2231
2230
2230
2229
2227
2212
2210
2210
2206
2206
2206
2206
2203
2201
2200
2198
2198
2194
2192
2187
2183
2179
2176
2174
2169
2167
2164
2164
2163
2163
2162
2160
2158
2157
2157
2156
2155
2153
2152
2151
2151
2149
2148
2147
2143
2141
2141
2140
2137
2135
2134
2128
2127
2125
2120
2117
2117
2117
2116
2115
2114
2108
2107
2103
2102
2102
2102
2102
2101
2101
2101
2100
2094
2093
2093
2091
2085
2083
2079
2079
2068
2068
2066
2064
2063
2058
2056
2055
2054
2053
2052
2050
2050
2047
2047
2046
2046
2046
2046
2045
2044
2042
2040
2036
2033
2031
2024
2023
2021
2020
2019
2017
2016
2012
2010
2009
2009
2008
2007
2007
2007
2006
2000
1998
1996
1995
1995
1995
1994
1993
1993
1988
1987
1985
1984
1984
1983
1982
1978
1975
1973
1972
1971
1970
1968
1968
1967
1967
1966
1963
1958
1956
1951
1951
1948
1948
1945
1944
1941
1940
1938
1937
1937
1936
1933
1929
1926
1925
1925
1923
1923
1921
1920
1918
1917
1917
1916
1915
1915
1914
1914
1912
1911
1911
1911
1910
1907
1906
1905
1901
1901
1899
1898
1896
1893
1892
1891
1890
1890
1890
1888
1887
1884
1882
1881
1881
1877
1876
1875
1874
1869
1863
1861
1860
1860
1856
1856
1855
1853
1851
1850
1850
1849
1849
1849
1848
1847
1846
1845
1845
1843
1843
1841
1840
1838
1836
1834
1834
1831
1831
1829
1829
1827
1827
1826
1825
1822
1817
1817
1815
1809
1808
1807
1807
1806
1805
1805
1804
1804
1803
1802
1801
1800
1799
1798
1794
1793
1791
1788
1787
1783
1780
1779
1778
1778
1773
1772
1769
1768
1766
1765
1764
1764
1763
1763
1762
1760
1759
1758
1758
1756
1755
1754
1751
1748
1748
1747
1746
1745
1744
1744
1743
1743
1742
1740
1739
1739
1738
1738
1737
1735
1731
1731
1730
1730
1730
1729
1729
1728
1728
1727
1722
1722
1720
1720
1718
1713
1713
1711
1711
1709
1707
1706
1704
1704
1703
1702
1701
1701
1700
1700
1699
1699
1698
1697
1696
1695
1693
1691
1690
1689
1688
1687
1685
1685
1684
1683
1683
1683
1682
1679
1678
1677
1676
1676
1674
1674
1672
1671
1671
1670
1670
1669
1667
1665
1665
1665
1664
1664
1664
1663
1663
1663
1663
1661
1661
1656
1656
1655
1654
1653
1652
1651
1650
1649
1644
1640
1640
1640
1639
1639
1638
1636
1636
1635
1633
1633
1632
1630
1630
1629
1627
1624
1624
1622
1621
1618
1617
1616
1615
1615
1614
1613
1613
1612
1611
1611
1610
1609
1608
1607
1604
1604
1604
1604
1602
1602
1602
1599
1598
1597
1595
1595
1595
1595
1595
1591
1590
1589
1588
1588
1587
1586
1584
1583
1581
1580
1579
1578
1577
1577
1576
1575
1574
1572
1571
1569
1569
1566
1566
1566
1566
1565
1563
1561
1561
1558
1558
1556
1556
1556
1555
1553
1552
1552
1552
1551
1549
1548
1548
1546
1545
1544
1543
1542
1542
1541
1540
1538
1536
1536
1535
1535
1532
1531
1530
1529
1529
1528
1527
1526
1525
1525
1524
1523
1522
1521
1520
1517
1517
1516
1515
1513
1513
1512
1511
1510
1509
1508
1507
1507
1506
1505
1504
1503
1502
1502
1502
1502
1501
1500
1500
1499
1499
1499
1498
1498
1496
1495
1495
1495
1492
1491
1491
1489
1487
1486
1486
1486
1485
1485
1484
1483
1483
1482
1480
1480
1480
1479
1479
1478
1477
1477
1476
1476
1475
1473
1471
1471
1470
1470
1469
1468
1466
1466
1465
1465
1464
1460
1460
1460
1459
1459
1458
1458
1456
1455
1454
1454
1454
1452
1452
1452
1449
1448
1448
1447
1447
1446
1445
1444
1443
1443
1441
1441
1439
1439
1437
1437
1436
1436
1435
1434
1431
1430
1427
1427
1425
1425
1425
1424
1423
1420
1419
1419
1418
1417
1417
1416
1416
1416
1414
1413
1412
1412
1409
1409
1409
1409
1408
1408
1408
1407
1407
1406
1405
1404
1403
1401
1400
1400
1400
1400
1400
1399
1399
1396
1395
1394
1394
1393
1393
1393
1391
1391
1389
1388
1387
1386
1384
1383
1383
1382
1382
1382
1381
1379
1378
1378
1375
1375
1374
1374
1372
1370
1370
1369
1369
1369
1368
1368
1366
1365
1365
1363
1362
1362
1361
1361
1360
1360
1360
1360
1359
1359
1359
1358
1358
1357
1357
1356
1356
1356
1356
1356
1355
1355
1355
1352
1352
1350
1349
1347
1346
1346
1345
1345
1344
1342
1342
1341
1341
1341
1339
1338
1337
1337
1335
1334
1333
1332
1332
1331
1331
1331
1330
1329
1328
1328
1326
1326
1325
1324
1324
1322
1322
1320
1320
1320
1318
1316
1316
1315
1314
1314
1313
1313
1313
1312
1312
1311
1310
1309
1309
1307
1307
1306
1306
1305
1305
1305
1303
1303
1303
1301
1299
1299
1299
1298
1298
1298
1298
1295
1294
1292
1292
1292
1292
1292
1291
1291
1290
1289
1288
1288
1286
1286
1286
1286
1286
1285
1285
1285
1284
1284
1283
1281
1280
1280
1280
1279
1278
1277
1276
1276
1276
1276
1275
1275
1275
1274
1274
1273
1273
1273
1273
1272
1272
1271
1270
1268
1268
1267
1267
1267
1267
1266
1265
1265
1264
1264
1264
1264
1264
1263
1263
1262
1262
1262
1261
1261
1261
1260
1259
1259
1258
1258
1258
1258
1258
1258
1256
1255
1254
1254
1253
1251
1251
1250
1249
1249
1248
1247
1247
1246
1243
1243
1243
1243
1242
1241
1240
1240
1240
1239
1239
1238
1238
1237
1237
1236
1236
1236
1235
1235
1234
1234
1233
1232
1231
1231
1231
1231
1231
1229
1228
1228
1228
1227
1226
1226
1225
1224
1224
1224
1224
1223
1223
1223
1223
1222
1221
1220
1220
1219
1218
1218
1217
1217
1216
1216
1215
1215
1214
1214
1212
1211
1211
1210
1210
1209
1209
1208
1208
1205
1205
1205
1205
1204
1204
1203
1202
1202
1201
1201
1201
1199
1199
1199
1199
1197
1197
1195
1195
1195
1194
1193
1193
1193
1192
1191
1190
1190
1189
1189
1188
1188
1188
1188
1186
1186
1186
1185
1184
1183
1183
1183
1182
1182
1181
1181
1180
1179
1178
1178
1178
1178
1177
1177
1177
1177
1177
1176
1176
1176
1175
1174
1174
1173
1172
1172
1172
1171
1171
1171
1170
1170
1169
1169
1169
1168
1168
1168
1168
1168
1168
1167
1167
1167
1167
1165
1164
1164
1164
1164
1162
1160
1160
1159
1158
1158
1158
1157
1156
1155
1155
1155
1154
1153
1153
1152
1152
1152
1152
1152
1151
1149
1149
1149
1147
1146
1145
1144
1144
1144
1143
1143
1143
1142
1141
1140
1140
1139
1139
1139
1139
1138
1138
1138
1138
1137
1137
1137
1137
1136
1136
1136
1135
1135
1135
1134
1134
1133
1133
1132
1131
1131
1130
1130
1128
1127
1126
1126
1126
1126
1125
1124
1124
1124
1122
1120
1120
1120
1119
1119
1117
1117
1116
1116
1116
1116
1116
1115
1114
1114
1112
1109
1109
1109
1107
1107
1107
1106
1106
1106
1103
1102
1102
1102
1101
1101
1101
1100
1100
1100
1099
1098
1098
1098
1098
1097
1096
1096
1096
1095
1095
1095
1095
1094
1094
1094
1093
1092
1092
1091
1091
1091
1090
1090
1089
1088
1087
1087
1086
1086
1085
1085
1084
1084
1084
1084
1083
1083
1083
1083
1082
1082
1081
1081
1081
1080
1080
1078
1078
1078
1077
1077
1077
1076
1075
1075
1074
1074
1074
1074
1074
1073
1073
1072
1072
1071
1070
1070
1070
1070
1069
1069
1069
1068
1068
1068
1068
1068
1067
1067
1066
1066
1066
1066
1065
1065
1065
1064
1064
1063
1063
1062
1062
1062
1062
1061
1061
1061
1061
1060
1059
1059
1059
1059
1058
1058
1058
1057
1057
1057
1057
1057
1056
1056
1055
1055
1054
1054
1053
1053
1053
1053
1052
1052
1052
1051
1051
1050
1050
1050
1050
1048
1048
1048
1047
1047
1047
1047
1047
1043
1042
1042
1041
1041
1041
1040
1040
1040
1040
1039
1039
1039
1039
1039
1039
1038
1037
1037
1037
1036
1035
1035
1035
1034
1034
1034
1033
1033
1032
1032
1031
1031
1030
1030
1029
1029
1029
1028
1028
1028
1027
1027
1027
1027
1026
1026
1025
1025
1025
1025
1024
1024
1023
1023
1023
1022
1022
1022
1021
1019
1019
1018
1018
1018
1018
1018
1018
1017
1016
1016
1015
1015
1015
1014
1014
1013
1013
1013
1013
1012
1012
1012
1012
1012
1010
1009
1009
1009
1008
1008
1006
1006
1006
1006
1005
1005
1004
1003
1003
1002
1001
1001
1001
1000
1000
1000
1000
1000
999
998
998
998
997
997
996
996
996
996
996
995
995
994
993
993
993
992
992
991
991
991
990
990
988
988
988
988
987
987
987
987
987
986
986
986
986
986
986
986
986
986
986
985
985
985
984
984
984
983
983
983
983
983
983
983
982
981
981
981
980
980
979
979
979
979
979
978
978
978
978
978
976
976
976
975
974
974
973
973
972
972
971
971
971
971
971
970
969
969
969
969
968
967
967
967
966
966
966
966
965
965
965
964
963
963
963
963
962
962
961
961
960
960
960
960
960
959
959
958
958
958
957
957
957
956
956
956
956
956
956
955
955
954
954
954
954
953
953
953
952
952
952
951
950
950
949
949
949
949
948
946
945
945
944
944
944
944
943
943
941
941
940
940
940
939
939
939
938
937
937
936
936
936
936
935
935
935
934
934
934
934
933
933
932
932
931
931
931
930
929
929
929
929
928
928
927
927
927
926
926
926
926
926
926
926
926
925
925
925
925
925
925
924
923
923
922
922
922
921
921
921
921
921
921
920
919
918
918
918
918
917
917
917
917
917
917
916
916
916
915
915
915
915
915
914
914
914
914
913
912
911
911
910
910
909
909
909
908
907
907
907
906
906
905
905
905
904
904
904
904
903
902
902
902
901
901
901
901
901
901
900
900
900
900
900
899
899
899
899
898
898
898
898
898
897
897
897
897
897
896
896
896
895
894
894
894
893
892
892
892
890
890
890
889
889
888
888
888
887
887
887
887
886
886
886
884
884
884
884
884
883
882
882
881
881
881
881
880
880
880
880
879
878
878
878
878
877
877
877
877
877
877
876
876
876
876
876
876
876
876
876
875
875
875
875
875
875
874
874
874
873
873
873
873
873
873
873
873
872
872
872
871
871
871
869
869
868
868
868
868
868
867
867
867
867
865
865
865
864
863
862
862
862
861
861
861
860
860
860
860
859
859
859
859
859
859
858
858
857
856
856
856
856
856
856
856
856
856
855
855
855
854
854
853
853
853
853
853
852
852
852
851
851
851
851
851
850
850
850
849
849
849
849
849
849
848
848
848
848
848
848
847
847
847
846
846
846
846
845
845
845
845
845
845
844
844
844
844
844
844
844
844
843
843
843
843
842
842
841
841
841
841
840
840
840
839
838
838
838
837
837
837
837
836
836
836
835
835
835
835
835
834
834
834
834
833
833
833
833
833
833
833
832
832
832
832
831
831
831
830
830
830
830
830
830
830
829
829
829
829
829
828
828
827
827
827
827
826
826
826
826
826
826
826
825
825
825
824
824
824
824
824
823
823
823
822
822
822
821
821
821
821
821
820
820
819
819
819
819
819
819
819
818
818
818
818
818
817
817
817
817
817
816
815
815
815
815
815
815
815
814
814
814
814
814
814
813
813
813
813
812
812
812
812
811
811
811
811
810
810
810
810
810
810
810
810
809
809
809
809
808
808
808
808
808
808
807
807
807
807
806
806
805
805
805
805
805
805
804
804
804
804
804
803
803
803
803
803
803
803
802
802
802
802
801
801
801
801
800
800
800
799
799
799
799
799
799
799
798
797
796
796
795
795
795
795
795
795
795
794
794
794
794
794
794
793
793
793
793
793
792
792
792
792
791
791
791
791
790
790
790
789
789
789
789
789
789
788
787
787
787
787
787
786
786
786
786
786
786
786
786
785
785
785
785
784
783
783
783
783
783
782
781
781
781
780
780
780
780
780
780
780
780
780
779
779
779
779
779
779
779
779
778
778
778
778
778
778
777
777
777
777
777
777
777
777
777
776
776
776
776
775
775
775
775
775
774
774
774
774
774
774
773
773
773
773
773
773
772
772
772
772
772
771
771
771
771
771
770
770
770
770
770
770
770
769
769
769
768
768
768
768
768
768
767
767
767
767
767
767
767
767
766
766
766
765
765
765
765
765
765
765
764
764
764
764
764
764
763
763
763
762
762
762
762
762
762
762
761
761
761
760
760
760
760
760
759
759
759
758
758
758
757
757
757
757
757
757
756
756
756
756
756
756
756
756
755
755
755
755
755
755
755
754
754
753
752
752
752
752
751
751
751
751
751
751
751
750
750
750
750
750
750
749
749
749
749
749
749
749
748
748
748
747
747
747
746
745
745
745
745
745
745
745
744
744
744
744
744
744
743
743
742
742
742
742
742
742
742
742
741
741
741
740
740
740
740
740
739
739
739
739
739
739
739
738
738
738
737
737
737
737
737
737
736
736
736
736
736
735
735
735
735
735
735
734
734
733
733
733
733
733
733
733
732
732
732
732
732
732
732
731
731
731
731
730
730
730
730
729
729
728
728
728
727
727
727
727
727
727
727
727
726
726
726
726
725
725
724
724
724
724
723
723
723
723
723
723
723
722
722
722
722
722
721
721
721
721
720
720
719
719
719
718
718
718
718
718
718
718
717
717
717
717
716
716
716
716
715
715
715
715
714
714
714
714
714
713
713
713
713
712
712
712
712
711
711
711
711
711
711
711
711
710
710
709
709
708
708
708
708
708
708
708
708
707
707
707
707
706
706
706
705
705
705
705
705
705
705
705
704
704
704
704
704
704
704
704
703
703
703
703
703
703
703
702
702
702
702
701
701
701
701
701
701
701
701
700
700
700
700
700
700
700
700
700
699
699
699
699
698
698
698
698
698
698
698
698
698
697
697
696
696
696
696
696
695
695
695
695
695
695
695
694
694
694
694
694
694
694
694
694
693
693
693
693
693
692
692
692
692
692
692
691
691
691
690
690
689
689
689
688
688
688
688
688
687
687
687
687
687
686
686
686
686
686
686
685
685
685
685
685
685
685
685
684
684
684
684
684
684
684
684
683
683
683
683
683
683
683
683
682
682
682
682
682
682
681
681
681
681
681
681
681
680
680
680
680
680
680
680
680
680
679
679
679
679
678
678
678
678
678
678
677
677
677
677
676
676
676
676
676
676
676
676
676
676
675
675
675
675
675
675
675
674
674
674
674
673
673
673
673
673
673
673
673
673
673
673
672
672
672
672
672
672
672
671
671
671
671
670
670
670
670
670
670
670
670
669
669
669
669
668
668
667
667
667
667
667
666
666
666
666
666
666
666
666
666
666
666
666
665
665
665
665
665
665
665
664
664
664
664
664
664
663
663
663
663
662
662
662
662
661
661
661
661
660
660
660
660
660
660
659
659
659
659
659
659
659
659
659
658
658
658
658
658
658
658
658
658
658
657
657
657
657
657
657
657
657
657
657
657
657
657
656
656
656
656
656
656
655
655
655
655
654
654
654
654
654
654
653
653
653
653
653
653
653
652
652
652
652
652
652
652
652
652
651
651
651
651
651
651
650
650
650
650
650
650
650
650
650
650
649
649
649
649
649
649
648
648
648
648
647
647
647
647
647
647
647
646
646
646
646
646
646
646
646
645
645
645
645
645
645
645
645
645
645
645
644
644
644
644
644
644
644
643
643
643
643
643
643
643
643
643
643
643
643
643
642
642
642
642
641
641
641
641
641
640
640
640
640
640
640
640
640
639
639
639
639
639
639
638
638
638
638
638
638
638
638
638
637
637
637
637
637
637
636
636
636
636
636
635
635
635
635
635
635
635
635
634
634
634
634
634
634
634
634
633
633
633
633
633
633
633
632
632
632
632
632
632
632
632
632
632
631
631
631
631
631
631
631
630
630
630
630
630
630
630
629
629
629
629
628
628
628
628
628
627
627
627
627
627
627
627
627
626
626
626
626
626
626
626
626
626
626
625
625
624
624
624
624
624
624
623
623
623
623
623
623
623
623
623
623
623
623
623
623
622
622
622
622
621
621
621
621
621
621
621
621
621
621
620
620
620
620
620
620
620
619
619
619
619
619
619
619
619
618
618
618
618
618
618
618
617
617
617
617
617
617
617
617
616
616
616
616
616
615
615
615
615
615
615
615
614
614
614
614
614
614
614
614
613
613
613
613
613
613
612
612
612
612
612
612
612
612
611
611
611
611
611
611
610
610
610
610
610
609
609
609
609
609
609
609
608
608
608
608
608
608
608
608
608
608
608
607
607
607
607
607
607
606
606
606
606
606
606
606
606
605
605
605
605
605
605
605
604
604
604
604
604
604
604
603
603
603
603
603
603
603
603
603
602
602
602
602
602
602
602
602
602
602
602
602
601
601
601
601
601
601
601
600
600
600
599
599
599
599
599
599
598
598
598
598
598
598
598
598
598
598
598
597
597
597
597
597
596
596
596
596
595
595
594
594
594
593
593
593
593
593
593
592
592
592
592
592
592
591
591
591
591
591
591
590
590
590
590
590
590
590
590
590
589
589
589
589
589
589
589
589
588
588
588
588
588
588
588
588
588
588
588
588
587
587
587
587
587
587
587
586
586
586
586
586
586
586
586
586
585
585
585
585
585
585
584
584
584
584
584
584
584
584
584
584
583
583
583
583
582
582
582
582
582
582
582
582
581
581
581
581
581
581
580
580
580
580
580
580
580
579
579
579
579
579
579
579
579
579
579
579
579
579
579
578
578
578
578
578
578
578
577
577
577
577
577
577
577
577
576
576
576
576
576
576
576
576
576
576
576
576
575
575
575
575
575
575
575
574
574
574
574
574
574
573
573
573
573
573
573
573
573
572
572
572
572
571
571
571
571
571
571
571
571
570
570
570
570
570
570
570
569
569
569
569
569
569
569
569
569
569
569
568
568
568
568
568
568
568
567
567
567
567
567
567
567
567
566
566
566
566
566
566
566
566
566
565
565
565
565
565
565
565
565
565
564
564
564
564
564
564
564
564
564
563
563
563
563
563
562
562
562
562
562
562
562
562
561
561
561
561
561
561
561
561
561
561
560
560
560
560
560
560
560
560
560
560
560
560
560
559
559
559
559
559
559
559
559
559
558
558
558
558
558
558
558
558
558
558
558
558
558
558
558
557
557
557
557
557
557
557
557
557
557
557
556
556
556
556
556
556
556
556
556
556
556
556
555
555
555
555
555
555
555
555
555
555
554
554
554
554
554
554
554
554
554
553
553
553
553
553
552
552
552
552
552
552
551
551
551
551
551
551
551
551
551
551
551
551
550
550
550
550
550
550
550
550
550
549
549
549
549
549
549
549
549
549
549
549
548
548
548
548
548
548
548
548
548
548
548
548
547
547
547
547
547
547
547
547
547
547
546
546
546
546
546
546
546
546
546
546
546
546
545
545
545
545
545
545
545
545
545
544
544
544
544
544
544
544
544
544
544
544
543
543
543
543
543
543
543
543
543
543
543
543
543
542
542
542
542
541
541
541
541
541
541
541
541
540
540
540
540
540
540
540
540
540
540
539
539
539
539
539
539
538
538
538
538
538
538
538
538
538
537
537
537
537
537
537
537
537
537
537
537
537
537
536
536
536
536
536
536
536
536
536
535
535
535
535
535
535
535
535
535
535
535
535
535
535
534
534
534
534
534
534
534
534
534
534
534
534
533
533
533
533
533
533
533
533
533
533
533
533
532
532
532
532
532
532
532
532
532
531
531
531
531
531
531
531
531
530
530
530
530
530
530
530
530
530
530
530
530
529
529
529
529
529
529
529
529
529
529
528
528
528
528
528
528
528
528
528
528
528
528
528
527
527
527
527
527
527
527
527
526
526
526
526
526
526
526
526
526
526
526
526
526
526
526
525
525
525
525
525
525
525
525
525
525
525
525
524
524
524
524
524
524
524
524
524
523
523
523
523
523
523
523
523
523
523
523
522
522
522
522
522
522
522
521
521
521
521
521
521
521
520
520
520
520
520
520
520
520
520
520
520
520
520
520
520
519
519
519
519
519
519
519
519
519
519
519
519
519
519
519
518
518
518
518
518
518
518
518
518
518
517
517
517
517
517
517
517
517
517
517
517
517
517
516
516
516
516
516
516
516
516
516
516
516
516
516
515
515
515
515
515
515
515
515
515
515
515
515
515
515
515
515
514
514
514
514
514
513
513
513
513
513
513
513
513
513
513
512
512
512
512
512
512
512
511
511
511
511
511
511
511
511
511
510
510
510
510
510
510
510
510
510
510
510
510
510
510
509
509
509
509
509
509
508
508
508
508
508
508
508
508
508
508
508
508
508
508
508
507
507
507
507
507
507
507
507
507
507
507
507
507
507
507
506
506
506
506
506
506
506
506
506
506
506
506
506
506
506
505
505
505
505
505
505
505
505
504
504
504
504
504
504
504
504
504
504
504
504
504
504
504
503
503
503
503
503
503
503
503
503
503
503
503
503
503
503
502
502
502
502
502
502
502
502
502
501
501
501
501
501
501
501
501
500
500
500
500
500
500
500
500
500
499
499
499
499
499
499
499
499
499
499
499
499
499
498
498
498
498
498
498
498
497
497
497
497
497
497
497
497
497
497
497
497
497
497
497
497
496
496
496
496
496
496
496
496
496
496
496
495
495
495
495
495
495
495
495
495
495
495
494
494
494
494
494
494
494
494
494
494
494
494
494
494
494
494
493
493
493
493
493
493
493
493
493
493
493
492
492
492
492
492
492
492
492
491
491
491
491
491
491
491
490
490
490
490
490
490
490
490
490
490
490
490
490
490
490
490
489
489
489
489
489
489
489
489
489
489
489
489
488
488
488
488
488
488
487
487
487
487
487
487
487
487
487
487
486
486
486
486
486
486
486
486
486
486
486
486
486
486
486
486
486
486
485
485
485
485
485
485
485
485
485
485
484
484
484
484
484
484
484
484
484
484
484
483
483
483
483
483
483
482
482
482
482
482
482
482
482
482
482
482
482
481
481
481
481
481
481
481
481
481
481
481
480
480
480
480
480
480
480
480
480
480
479
479
479
479
479
479
479
479
479
479
478
478
478
478
478
478
478
478
478
478
478
478
478
478
478
478
477
477
477
477
477
477
477
477
477
477
477
477
477
477
477
477
477
477
476
476
476
476
476
476
476
476
476
476
476
476
476
476
476
476
475
475
475
475
475
475
475
475
475
475
475
475
475
475
475
475
474
474
474
474
474
474
474
474
474
474
473
473
473
473
473
473
473
473
473
473
473
473
473
473
472
472
472
472
472
472
472
472
472
472
472
472
472
471
471
471
471
471
471
471
471
471
471
471
471
471
471
471
471
471
471
471
471
471
471
471
470
470
470
470
470
470
470
470
470
470
469
469
469
469
469
469
469
468
468
468
468
468
468
468
468
468
468
468
468
468
468
468
468
468
467
467
467
467
467
467
467
467
467
467
466
466
466
466
466
466
466
466
466
466
466
466
466
466
466
466
466
466
466
466
466
465
465
465
465
465
465
465
465
465
465
465
465
465
465
465
465
465
465
465
465
465
465
464
464
464
464
464
464
464
464
464
464
464
464
464
464
464
464
464
464
464
464
464
463
463
463
463
463
463
463
463
463
463
463
463
462
462
462
462
462
462
462
462
462
462
462
462
462
461
461
461
461
461
461
461
461
461
460
460
460
460
460
460
460
460
460
460
460
460
460
460
460
460
459
459
459
459
459
459
459
459
459
459
459
458
458
458
458
458
458
458
457
457
457
457
457
457
457
457
457
457
457
457
457
457
457
456
456
456
456
456
456
456
456
456
456
456
456
456
456
456
455
455
455
455
455
455
455
455
455
455
454
454
454
454
454
454
454
454
454
454
454
454
454
453
453
453
453
453
453
453
453
453
453
453
453
453
453
452
452
452
452
452
452
452
452
452
452
452
451
451
451
451
451
451
451
451
451
451
451
451
451
451
451
451
451
451
451
451
451
450
450
450
450
450
450
450
450
450
450
450
450
450
450
450
450
450
450
449
449
449
449
449
449
449
449
449
449
449
449
449
449
449
448
448
448
448
447
447
447
447
447
447
447
447
447
447
447
447
447
446
446
446
446
446
446
446
446
446
446
446
446
446
446
446
446
445
445
445
445
445
445
445
445
445
445
445
445
445
445
444
444
444
444
444
444
444
444
444
444
444
444
444
444
444
444
444
444
444
444
443
443
443
443
443
443
443
443
443
443
443
443
443
443
443
443
443
443
443
443
443
442
442
442
442
442
442
442
442
442
442
442
442
442
442
442
442
442
442
442
441
441
441
441
441
441
441
441
441
441
441
441
441
441
441
440
440
440
440
440
440
440
440
440
440
440
440
440
439
439
439
439
439
439
439
439
439
439
439
439
439
439
439
438
438
438
438
438
438
438
438
438
438
438
438
438
438
438
438
438
438
438
438
437
437
437
437
437
437
437
437
437
437
437
437
437
437
437
437
437
436
436
436
436
436
436
436
436
436
436
436
436
436
436
436
435
435
435
435
435
435
435
435
435
435
435
435
435
434
434
434
434
434
434
434
434
434
434
434
434
434
434
434
434
433
433
433
433
433
433
433
433
433
433
433
433
432
432
432
432
432
432
432
432
432
432
432
432
432
432
432
432
432
431
431
431
431
431
431
431
431
431
431
431
431
431
431
431
431
431
431
431
431
431
430
430
430
430
430
430
430
430
430
430
430
430
430
429
429
429
429
429
429
429
429
429
429
429
429
429
429
429
429
428
428
428
428
428
428
428
428
428
428
428
428
428
428
428
428
427
427
427
427
427
427
427
427
427
427
427
427
426
426
426
426
426
426
426
426
426
426
426
426
426
426
426
426
426
425
425
425
425
425
425
425
425
425
425
425
425
425
425
425
425
425
425
425
425
425
425
425
424
424
424
424
424
424
424
424
424
424
424
423
423
423
423
423
423
423
423
423
423
423
423
423
423
423
423
423
423
422
422
422
422
422
422
422
422
422
422
422
422
422
422
422
422
422
422
421
421
421
421
421
421
421
421
421
421
421
421
421
421
421
421
421
421
421
421
421
421
421
421
421
420
420
420
420
420
420
420
420
420
420
420
420
420
420
420
420
419
419
419
419
419
419
419
419
419
419
419
419
419
419
418
418
418
418
418
418
418
418
418
418
418
418
418
418
418
418
418
417
417
417
417
417
417
417
417
417
417
417
417
417
417
416
416
416
416
416
416
416
416
416
416
416
416
416
416
416
415
415
415
415
415
415
415
415
415
415
415
415
415
414
414
414
414
414
414
414
414
414
414
414
414
413
413
413
413
413
413
413
413
413
413
413
413
413
413
413
413
413
412
412
412
412
412
412
412
412
412
412
412
412
412
412
412
412
411
411
411
411
411
411
411
411
411
411
411
411
411
411
411
411
411
411
411
411
411
411
411
411
411
411
411
411
411
411
411
410
410
410
410
410
410
410
410
410
410
410
410
409
409
409
409
409
409
409
409
409
409
409
409
409
409
409
409
408
408
408
408
408
408
408
408
408
408
408
408
408
408
408
408
408
408
408
408
408
408
408
407
407
407
407
407
407
407
407
407
407
407
407
407
407
407
407
406
406
406
406
406
406
406
406
406
406
406
406
406
406
406
406
406
406
406
406
406
406
405
405
405
405
405
405
405
405
405
405
405
405
405
405
405
405
405
405
404
404
404
404
404
404
404
404
404
404
404
404
404
404
403
403
403
403
403
403
403
403
403
403
403
403
403
403
403
403
403
403
403
403
403
403
403
403
403
403
402
402
402
402
402
402
402
402
402
402
402
402
402
402
402
402
402
401
401
401
401
401
401
401
401
401
401
401
401
401
401
401
401
401
401
401
400
400
400
400
400
400
400
400
400
400
400
400
400
400
400
400
400
400
400
400
400
400
399
399
399
399
399
399
399
399
399
399
399
399
399
399
399
399
399
398
398
398
398
398
398
398
398
398
398
398
398
398
397
397
397
397
397
397
397
397
397
397
397
397
397
397
397
397
397
397
397
397
397
397
397
397
396
396
396
396
396
396
396
396
396
396
396
396
396
396
396
396
396
396
396
395
395
395
395
395
395
395
395
395
395
395
395
395
395
395
395
395
395
394
394
394
394
394
394
394
394
394
394
394
394
394
394
394
394
394
394
394
393
393
393
393
393
393
393
393
393
393
393
393
393
393
393
393
393
393
393
393
392
392
392
392
392
392
392
392
392
392
392
392
392
392
392
392
392
392
392
392
392
392
391
391
391
391
391
391
391
391
391
391
391
391
391
390
390
390
390
390
390
390
390
390
390
390
390
390
390
389
389
389
389
389
389
389
389
389
389
389
389
389
389
389
389
389
389
389
389
388
388
388
388
388
388
388
388
388
388
388
388
388
388
388
388
388
388
388
388
388
388
388
388
387
387
387
387
387
387
387
387
387
387
387
387
387
387
387
387
387
387
387
386
386
386
386
386
386
386
386
386
386
386
386
386
386
385
385
385
385
385
385
385
385
385
385
385
385
385
385
385
385
385
385
385
385
385
385
385
385
384
384
384
384
384
384
384
384
384
384
384
384
384
384
384
384
384
384
384
384
384
384
384
383
383
383
383
383
383
383
383
383
383
383
383
383
383
383
383
383
383
383
383
382
382
382
382
382
382
382
382
382
382
382
382
382
382
382
382
382
382
382
382
382
382
382
382
382
382
381
381
381
381
381
381
381
381
381
381
381
381
381
381
381
381
381
381
381
381
381
381
381
381
381
381
381
381
380
380
380
380
380
380
380
380
380
380
380
380
380
380
380
380
380
380
380
380
380
380
380
380
380
379
379
379
379
379
379
379
379
379
379
379
379
379
379
379
379
379
378
378
378
378
378
378
378
378
378
378
378
378
378
378
378
378
377
377
377
377
377
377
377
377
377
377
377
377
377
377
377
377
377
377
377
377
377
377
377
377
377
377
377
377
377
377
377
377
377
377
376
376
376
376
376
376
376
376
376
376
376
376
376
376
376
376
376
376
376
375
375
375
375
375
375
375
375
375
375
375
375
375
375
375
375
375
375
375
375
375
375
375
375
375
374
374
374
374
374
374
374
374
374
374
374
374
374
374
374
374
374
374
374
374
374
374
374
374
374
374
374
374
374
374
374
374
373
373
373
373
373
373
373
373
373
373
373
373
373
373
373
373
373
373
373
372
372
372
372
372
372
372
372
372
372
372
371
371
371
371
371
371
371
371
371
371
371
371
371
371
371
371
371
371
371
371
371
371
371
371
370
370
370
370
370
370
370
370
370
370
370
369
369
369
369
369
369
369
369
369
369
369
369
369
369
369
369
369
369
369
369
369
369
369
368
368
368
368
368
368
368
368
368
368
368
368
368
368
368
368
368
368
368
367
367
367
367
367
367
367
367
367
367
367
367
367
367
367
367
367
367
367
367
367
367
367
367
366
366
366
366
366
366
366
366
366
366
366
366
366
366
366
366
366
366
366
366
366
366
366
365
365
365
365
365
365
365
365
365
365
365
365
365
364
364
364
364
364
364
364
364
364
364
364
364
364
363
363
363
363
363
363
363
363
363
363
363
363
363
363
363
363
363
363
363
363
363
362
362
362
362
362
362
362
362
362
362
362
362
362
362
362
362
362
362
362
362
362
362
362
362
361
361
361
361
361
361
361
361
361
361
361
361
361
361
361
361
361
361
361
360
360
360
360
360
360
360
360
360
360
360
360
360
360
360
360
360
359
359
359
359
359
359
359
359
359
359
359
359
359
359
359
359
359
359
359
359
359
359
359
359
358
358
358
358
358
358
358
358
358
358
358
358
358
358
358
358
358
358
358
358
358
358
357
357
357
357
357
357
357
357
357
357
357
357
357
357
357
357
357
357
356
356
356
356
356
356
356
356
356
356
356
356
356
356
356
356
356
356
356
356
356
355
355
355
355
355
355
355
355
355
355
355
355
355
355
355
355
355
355
355
355
355
355
355
355
355
355
355
355
354
354
354
354
354
354
354
354
354
354
354
354
354
354
354
354
354
354
354
354
354
354
354
354
353
353
353
353
353
353
353
353
353
353
353
353
353
353
353
353
353
353
353
353
353
353
353
353
352
352
352
352
352
352
352
352
352
352
352
352
352
352
352
352
352
352
352
352
352
352
351
351
351
351
351
351
351
351
351
351
351
351
351
351
351
351
351
351
351
351
351
350
350
350
350
350
350
350
350
350
350
350
350
350
350
350
350
350
350
350
350
350
350
350
350
350
349
349
349
349
349
349
349
349
349
349
349
349
349
349
349
349
349
349
349
349
349
348
348
348
348
348
348
348
348
348
348
348
348
348
348
348
348
348
348
348
348
348
348
347
347
347
347
347
347
347
347
347
347
347
347
347
347
347
347
347
347
347
347
347
347
347
347
347
347
347
347
347
347
347
347
347
346
346
346
346
346
346
346
346
346
346
346
346
346
346
346
346
346
346
346
346
346
346
346
346
346
346
346
345
345
345
345
345
345
345
345
345
345
345
345
345
345
345
345
345
345
345
345
345
345
345
345
345
345
345
345
345
345
345
345
345
345
345
345
345
344
344
344
344
344
344
344
344
344
344
344
344
344
344
344
344
344
343
343
343
343
343
343
343
343
343
343
343
343
343
343
343
343
343
343
343
343
343
343
343
343
343
343
342
342
342
342
342
342
342
342
342
342
342
342
342
342
342
342
342
342
342
342
342
342
342
342
342
342
342
342
342
342
341
341
341
341
341
341
341
341
341
341
341
341
341
341
341
341
341
341
341
341
341
341
341
341
341
341
341
341
341
341
341
341
340
340
340
340
340
340
340
340
340
340
340
340
340
340
340
340
340
340
340
340
340
340
340
340
340
340
340
340
340
340
340
340
340
339
339
339
339
339
339
339
339
339
339
339
339
339
339
339
339
339
339
339
339
339
339
339
339
339
339
339
339
339
339
339
339
339
339
338
338
338
338
338
338
338
338
338
338
338
338
338
338
338
338
338
337
337
337
337
337
337
337
337
337
337
337
337
337
337
337
337
337
337
337
337
337
337
337
337
337
337
337
336
336
336
336
336
336
336
336
336
336
336
336
336
336
336
336
336
336
336
336
336
336
336
336
336
336
336
336
336
336
336
335
335
335
335
335
335
335
335
335
335
335
335
335
335
335
335
335
335
335
335
335
335
334
334
334
334
334
334
334
334
334
334
334
334
334
334
334
334
334
334
334
334
334
334
334
334
334
334
334
334
334
333
333
333
333
333
333
333
333
333
333
333
333
333
333
333
333
333
333
333
333
333
333
333
333
333
333
333
333
333
332
332
332
332
332
332
332
332
332
332
332
332
332
332
332
332
332
332
332
332
332
332
332
332
332
331
331
331
331
331
331
331
331
331
331
331
331
331
331
331
331
331
331
331
331
331
331
331
331
331
331
331
331
331
331
331
331
331
331
331
330
330
330
330
330
330
330
330
330
330
330
330
330
330
330
330
330
330
330
330
330
330
330
330
330
330
330
330
330
330
330
330
330
330
329
329
329
329
329
329
329
329
329
329
329
329
329
329
329
329
329
329
329
329
329
329
329
329
329
329
329
329
328
328
328
328
328
328
328
328
328
328
328
328
328
328
328
328
328
328
328
328
328
328
328
328
328
328
328
328
328
327
327
327
327
327
327
327
327
327
327
327
327
327
327
327
327
327
327
327
327
327
327
327
327
327
326
326
326
326
326
326
326
326
326
326
326
326
326
326
326
326
326
326
326
326
326
326
326
326
326
325
325
325
325
325
325
325
325
325
325
325
325
325
325
325
325
325
325
325
325
325
325
324
324
324
324
324
324
324
324
324
324
324
324
324
324
324
324
324
324
324
324
324
324
324
324
324
324
324
324
324
323
323
323
323
323
323
323
323
323
323
323
323
323
323
323
323
323
323
323
323
323
323
323
323
323
323
323
323
323
323
323
323
323
322
322
322
322
322
322
322
322
322
322
322
322
322
322
322
322
322
322
322
322
322
322
321
321
321
321
321
321
321
321
321
321
321
321
321
321
321
321
321
321
321
321
321
320
320
320
320
320
320
320
320
320
320
320
320
320
320
320
320
320
320
320
320
320
320
320
320
320
320
320
320
320
320
320
320
320
320
319
319
319
319
319
319
319
319
319
319
319
319
319
319
319
319
319
319
319
319
319
319
319
319
318
318
318
318
318
318
318
318
318
318
318
318
318
318
318
318
318
318
318
318
318
318
318
318
317
317
317
317
317
317
317
317
317
317
317
317
317
317
317
317
317
317
317
317
317
317
317
317
317
317
317
317
317
317
317
317
317
317
316
316
316
316
316
316
316
316
316
316
316
316
316
316
316
316
316
316
316
316
316
316
316
316
316
316
316
316
316
316
316
316
316
316
315
315
315
315
315
315
315
315
315
315
315
315
315
315
315
315
315
315
315
315
315
315
315
315
315
314
314
314
314
314
314
314
314
314
314
314
314
314
314
314
314
314
314
314
314
314
314
314
314
314
314
314
314
314
314
314
314
314
314
314
314
314
314
314
314
314
313
313
313
313
313
313
313
313
313
313
313
313
313
313
313
313
313
313
313
313
313
313
313
313
313
313
313
313
313
313
313
313
313
313
313
313
313
313
313
313
313
313
313
312
312
312
312
312
312
312
312
312
312
312
312
312
312
312
312
312
312
312
312
312
312
312
312
312
312
312
312
312
312
312
311
311
311
311
311
311
311
311
311
311
311
311
311
311
311
311
311
311
311
311
311
311
311
311
311
311
311
311
311
311
311
311
310
310
310
310
310
310
310
310
310
310
310
310
310
310
310
310
310
310
310
310
310
310
310
310
310
309
309
309
309
309
309
309
309
309
309
309
309
309
309
309
309
309
309
309
309
309
309
309
309
309
309
309
309
309
309
309
309
309
308
308
308
308
308
308
308
308
308
308
308
308
308
308
308
308
308
308
308
308
308
308
308
308
308
308
308
308
308
308
308
308
308
308
307
307
307
307
307
307
307
307
307
307
307
307
307
307
307
307
307
307
307
307
307
307
307
307
307
307
307
307
307
306
306
306
306
306
306
306
306
306
306
306
306
306
306
306
306
306
306
306
306
306
306
306
306
306
306
306
306
306
306
306
306
306
306
306
306
306
306
305
305
305
305
305
305
305
305
305
305
305
305
305
305
305
305
305
305
305
305
305
305
305
305
305
305
305
305
305
305
305
305
305
305
305
304
304
304
304
304
304
304
304
304
304
304
304
304
304
304
304
304
304
304
304
304
304
304
304
304
304
304
304
304
304
303
303
303
303
303
303
303
303
303
303
303
303
303
303
303
303
303
303
303
303
303
302
302
302
302
302
302
302
302
302
302
302
302
302
302
302
302
302
302
302
302
302
302
302
302
302
302
302
302
302
302
302
302
302
301
301
301
301
301
301
301
301
301
301
301
301
301
301
301
301
301
301
301
301
301
301
301
301
301
301
301
300
300
300
300
300
300
300
300
300
300
300
300
300
300
300
300
300
300
300
300
300
300
300
300
300
300
300
300
300
300
300
300
300
299
299
299
299
299
299
299
299
299
299
299
299
299
299
299
299
299
299
299
299
299
299
299
299
299
299
299
299
299
299
299
299
299
299
299
299
299
299
299
299
299
298
298
298
298
298
298
298
298
298
298
298
298
298
298
298
298
298
298
298
298
298
298
298
298
297
297
297
297
297
297
297
297
297
297
297
297
297
297
297
297
297
297
297
297
297
297
297
297
297
297
297
297
297
297
297
297
297
297
297
296
296
296
296
296
296
296
296
296
296
296
296
296
296
296
296
296
296
296
296
296
296
296
296
296
296
296
296
296
296
296
296
295
295
295
295
295
295
295
295
295
295
295
295
295
295
295
295
295
295
295
295
295
295
295
295
295
295
295
295
295
295
295
295
295
295
295
294
294
294
294
294
294
294
294
294
294
294
294
294
294
294
294
294
294
294
294
294
294
294
294
294
294
294
294
294
294
294
293
293
293
293
293
293
293
293
293
293
293
293
293
293
293
293
293
293
293
293
293
293
293
293
293
293
293
293
293
293
293
293
293
293
293
293
292
292
292
292
292
292
292
292
292
292
292
292
292
292
292
292
292
292
292
292
292
292
292
292
292
292
292
292
292
292
292
292
292
292
292
291
291
291
291
291
291
291
291
291
291
291
291
291
291
291
291
291
291
291
291
291
291
291
291
291
291
291
291
291
291
291
291
291
290
290
290
290
290
290
290
290
290
290
290
290
290
290
290
290
290
290
290
290
290
290
290
290
290
290
290
289
289
289
289
289
289
289
289
289
289
289
289
289
289
289
289
289
289
289
289
289
289
289
289
289
289
289
289
289
289
289
289
289
289
289
289
289
289
289
289
289
289
289
289
289
288
288
288
288
288
288
288
288
288
288
288
288
288
288
288
288
288
288
288
288
288
288
288
288
288
288
288
288
288
288
288
288
288
287
287
287
287
287
287
287
287
287
287
287
287
287
287
287
287
287
287
287
287
287
287
287
287
287
287
287
287
287
287
287
286
286
286
286
286
286
286
286
286
286
286
286
286
286
286
286
286
286
286
286
286
286
286
286
286
286
286
286
286
285
285
285
285
285
285
285
285
285
285
285
285
285
285
285
285
285
285
285
285
285
285
285
285
285
285
285
285
285
285
285
285
285
285
285
285
285
285
285
285
285
285
285
284
284
284
284
284
284
284
284
284
284
284
284
284
284
284
284
284
284
284
284
284
284
284
284
284
284
284
284
284
284
284
284
284
284
284
284
284
284
284
284
284
284
283
283
283
283
283
283
283
283
283
283
283
283
283
283
283
283
283
283
283
283
283
283
283
283
283
283
283
283
283
283
283
283
283
283
283
283
282
282
282
282
282
282
282
282
282
282
282
282
282
282
282
282
282
282
282
282
282
282
282
282
282
282
282
282
282
282
282
282
282
282
282
282
282
282
282
282
282
282
282
282
282
282
282
282
282
282
282
281
281
281
281
281
281
281
281
281
281
281
281
281
281
281
281
281
281
281
281
281
281
281
281
281
281
281
281
281
281
281
281
280
280
280
280
280
280
280
280
280
280
280
280
280
280
280
280
280
280
280
280
280
280
280
280
280
280
280
280
279
279
279
279
279
279
279
279
279
279
279
279
279
279
279
279
279
279
279
279
279
279
279
279
279
279
279
279
279
279
279
279
279
279
279
279
278
278
278
278
278
278
278
278
278
278
278
278
278
278
278
278
278
278
278
278
278
278
278
278
278
278
278
278
278
278
278
278
278
278
278
278
278
277
277
277
277
277
277
277
277
277
277
277
277
277
277
277
277
277
277
277
277
277
277
277
277
277
277
277
277
277
277
277
277
277
277
277
277
277
277
277
277
277
277
277
277
277
277
277
277
277
277
277
277
277
277
277
276
276
276
276
276
276
276
276
276
276
276
276
276
276
276
276
276
276
276
276
276
276
276
276
276
276
276
276
276
276
