1096826
588715
408925
314372
257765
219044
189660
168081
151757
138172
126929
117042
109198
102190
95559
90647
85600
81478
77740
74158
70670
68444
65163
63303
60661
58519
56787
55216
52986
51288
49842
48478
47100
46203
44690
43714
42211
41489
40396
39531
38844
38036
37109
36428
35587
34911
34151
33897
33101
32401
31712
31266
30794
30596
29617
29384
29006
28248
28141
27536
27134
27072
26584
25909
25553
25545
24818
24557
24355
23831
23334
23175
23012
22787
22491
21906
21900
21863
21325
21150
20712
20678
20365
20143
20129
20066
19484
19448
19417
19183
19111
18774
18647
18187
17986
17927
17901
17838
17606
17452
17319
17077
16878
16781
16568
16471
16448
16248
16184
15934
15902
15777
15532
15532
15456
15281
15199
15057
14994
14650
14569
14524
14438
14263
14251
14122
14081
13908
13878
13790
13696
13424
13401
13390
13314
13145
13098
13044
13040
12847
12803
12739
12735
12673
12531
12427
12278
12221
12191
12163
12038
12001
11969
11756
11711
11674
11651
11541
11518
11381
11239
11196
11179
11174
11086
10995
10980
10921
10763
10689
10640
10637
10515
10497
10355
10339
10325
10302
10270
10233
10174
10109
10099
10038
9998
9982
9955
9837
9809
9797
9791
9745
9629
9547
9520
9473
9447
9446
9442
9410
9326
9161
9159
9112
9065
9054
9045
9000
8994
8984
8930
8795
8754
8697
8691
8670
8653
8644
8608
8599
8584
8545
8437
8426
8376
8352
8335
8331
8241
8226
8161
8160
8110
8106
8101
8077
8056
7998
7945
7934
7882
7852
7846
7771
7759
7753
7688
7681
7643
7643
7599
7591
7549
7520
7500
7493
7448
7380
7344
7329
7323
7290
7284
7276
7273
7269
7237
7211
7179
7141
7128
7078
7003
6994
6982
6957
6949
6925
6915
6867
6853
6845
6832
6818
6777
6776
6735
6711
6710
6686
6654
6653
6632
6621
6615
6613
6603
6551
6530
6519
6470
6451
6439
6397
6395
6382
6342
6337
6278
6273
6267
6249
6183
6168
6167
6157
6128
6102
6099
6091
6074
6071
6071
6058
6040
6000
5980
5958
5888
5879
5878
5857
5837
5831
5829
5819
5812
5809
5772
5760
5747
5713
5692
5680
5661
5652
5642
5627
5626
5624
5622
5580
5577
5536
5528
5526
5524
5521
5517
5516
5512
5488
5486
5464
5447
5385
5384
5375
5371
5362
5361
5351
5325
5319
5318
5318
5313
5307
5302
5274
5234
5228
5214
5212
5202
5186
5163
5147
5128
5126
5120
5117
5099
5087
5077
5017
5009
4995
4985
4984
4975
4966
4918
4914
4908
4907
4906
4891
4868
4862
4853
4851
4844
4841
4835
4797
4797
4784
4777
4765
4759
4756
4742
4736
4730
4717
4710
4695
4693
4693
4692
4681
4669
4657
4640
4636
4633
4624
4622
4621
4613
4600
4587
4585
4579
4558
4554
4541
4540
4497
4496
4493
4490
4473
4460
4456
4425
4417
4416
4414
4402
4380
4365
4357
4356
4345
4340
4339
4337
4335
4333
4312
4305
4303
4289
4286
4231
4226
4225
4220
4211
4201
4189
4183
4179
4169
4169
4167
4165
4151
4148
4140
4123
4117
4107
4107
4104
4102
4095
4076
4074
4069
4055
4050
4048
4045
4042
4031
4015
4013
4006
3998
3997
3989
3980
3975
3964
3961
3959
3947
3920
3901
3895
3893
3886
3885
3873
3861
3857
3850
3850
3844
3842
3836
3830
3826
3814
3807
3800
3799
3798
3794
3793
3792
3769
3768
3766
3753
3748
3747
3740
3739
3729
3727
3725
3719
3715
3704
3701
3700
3687
3671
3670
3652
3650
3650
3650
3648
3633
3628
3622
3616
3613
3607
3600
3591
3582
3578
3573
3570
3565
3553
3551
3548
3539
3528
3524
3518
3513
3510
3500
3499
3494
3490
3485
3479
3469
3467
3465
3453
3450
3445
3441
3431
3430
3424
3418
3418
3417
3415
3414
3410
3405
3401
3400
3398
3384
3380
3374
3374
3373
3356
3355
3351
3342
3336
3334
3329
3324
3321
3319
3311
3305
3301
3294
3292
3291
3287
3286
3284
3280
3277
3277
3276
3260
3260
3259
3252
3251
3249
3246
3240
3238
3226
3210
3201
3200
3188
3187
3185
3173
3171
3155
3148
3147
3146
3145
3140
3130
3121
3120
3119
3115
3113
3108
3108
3106
3102
3091
3089
3078
3077
3076
3062
3062
3059
3053
3048
3043
3041
3039
3036
3031
3029
3027
3019
3014
3013
3012
3006
2999
2996
2990
2986
2986
2985
2980
2979
2978
2974
2974
2972
2964
2962
2960
2960
2958
2952
2952
2941
2940
2940
2937
2930
2927
2921
2920
2917
2910
2902
2896
2888
2888
2884
2882
2880
2879
2868
2858
2857
2857
2856
2855
2853
2851
2846
2843
2842
2840
2839
2837
2835
2834
2832
2831
2826
2825
2822
2821
2816
2812
2811
2811
2809
2808
2806
2804
2800
2796
2790
2790
2789
2788
2779
2778
2777
2776
2774
2771
2768
2751
2750
2748
2746
2746
2733
2730
2728
2728
2720
2715
2710
2704
2702
2702
2700
2695
2693
2688
2687
2687
2686
2683
2675
2673
2672
2665
2662
2653
2649
2648
2643
2643
2639
2638
2637
2632
2618
2614
2613
2612
2611
2607
2606
2606
2606
2605
2602
2600
2599
2598
2592
2590
2585
2585
2579
2573
2572
2567
2567
2560
2558
2557
2554
2553
2545
2545
2543
2540
2540
2538
2537
2524
2523
2523
2518
2517
2517
2514
2513
2513
2511
2511
2509
2508
2508
2507
2497
2494
2494
2491
2486
2484
2484
2484
2484
2483
2477
2476
2468
2464
2460
2459
2459
2457
2451
2446
2442
2442
2441
2437
2432
2432
2430
2429
2429
2427
2418
2416
2411
2410
2407
2404
2402
2401
2399
2398
2397
2397
2396
2395
2394
2390
2390
2388
2386
2385
2383
2382
2380
2368
2362
2361
2359
2358
2357
2354
2353
2351
2345
2344
2344
2341
2340
2335
2326
2323
2322
2319
2317
2314
2314
2308
2306
2305
2304
2302
2301
2297
2297
2292
2291
2290
2289
2284
2283
2281
2277
2275
2271
2270
2266
2262
2262
2259
2259
2257
2257
2256
2255
2254
2253
2250
2250
2248
2243
2242
2242
2238
2237
2235
2232
2231
2229
2226
2222
2220
2218
2217
2216
2213
2210
2206
2202
2200
2200
2198
2197
2194
2190
2189
2182
2182
2181
2179
2178
2176
2175
2168
2167
2162
2161
2160
2153
2148
2147
2147
2145
2143
2139
2134
2133
2123
2123
2122
2122
2122
2121
2121
2115
2115
2114
2114
2113
2110
2110
2107
2106
2105
2104
2099
2098
2096
2095
2095
2094
2090
2089
2087
2086
2083
2083
2083
2080
2080
2079
2079
2077
2076
2072
2071
2069
2068
2066
2065
2065
2063
2062
2061
2060
2060
2059
2058
2057
2056
2056
2049
2048
2044
2042
2040
2037
2037
2030
2026
2026
2019
2013
2012
2011
2009
2009
2008
2006
2006
2006
2004
2003
2003
2002
1998
1997
1996
1995
1995
1994
1993
1992
1992
1992
1989
1985
1984
1982
1975
1975
1975
1974
1973
1973
1971
1971
1971
1968
1965
1964
1964
1962
1960
1958
1956
1953
1949
1949
1947
1946
1944
1943
1943
1943
1940
1938
1938
1935
1935
1932
1930
1929
1928
1927
1927
1926
1926
1923
1921
1916
1915
1913
1908
1905
1904
1903
1903
1902
1901
1900
1896
1894
1893
1892
1892
1889
1887
1887
1885
1885
1883
1882
1882
1878
1878
1876
1875
1874
1870
1867
1866
1866
1865
1864
1863
1863
1862
1861
1860
1859
1859
1859
1858
1856
1855
1855
1854
1852
1851
1847
1846
1846
1844
1843
1843
1842
1839
1838
1838
1835
1833
1833
1833
1833
1831
1830
1828
1827
1826
1826
1822
1820
1818
1816
1814
1813
1812
1811
1811
1809
1809
1809
1808
1808
1807
1806
1805
1803
1802
1799
1798
1798
1798
1794
1794
1793
1791
1788
1787
1787
1787
1786
1784
1784
1784
1779
1777
1777
1774
1773
1772
1771
1769
1768
1762
1762
1761
1760
1759
1757
1755
1754
1752
1752
1750
1749
1748
1744
1744
1744
1744
1743
1742
1740
1737
1736
1735
1735
1734
1734
1730
1727
1726
1726
1725
1724
1723
1722
1721
1720
1718
1716
1715
1715
1715
1712
1711
1711
1711
1709
1709
1708
1708
1706
1706
1705
1704
1704
1703
1702
1700
1698
1693
1693
1693
1692
1691
1691
1690
1689
1687
1687
1685
1683
1683
1682
1682
1678
1676
1674
1674
1671
1667
1667
1664
1663
1663
1661
1661
1661
1661
1661
1660
1657
1657
1657
1652
1652
1652
1652
1651
1650
1649
1648
1646
1646
1645
1644
1643
1642
1642
1641
1641
1641
1641
1640
1640
1639
1638
1636
1635
1635
1634
1633
1631
1630
1629
1628
1627
1624
1623
1622
1622
1622
1620
1619
1619
1619
1617
1616
1615
1615
1613
1613
1611
1610
1610
1609
1609
1607
1607
1606
1603
1601
1599
1599
1598
1598
1598
1597
1593
1592
1592
1591
1591
1590
1589
1588
1586
1586
1585
1583
1582
1580
1580
1580
1577
1577
1572
1572
1570
1570
1569
1565
1565
1565
1561
1561
1561
1561
1560
1559
1558
1558
1557
1557
1556
1555
1554
1552
1551
1550
1549
1548
1548
1544
1544
1543
1543
1541
1541
1540
1539
1538
1537
1536
1534
1533
1533
1532
1531
1531
1531
1531
1530
1529
1528
1528
1528
1527
1527
1526
1526
1525
1524
1523
1520
1519
1519
1516
1515
1514
1514
1514
1514
1512
1511
1511
1511
1510
1510
1509
1507
1504
1500
1499
1498
1498
1498
1497
1497
1496
1496
1494
1494
1492
1492
1492
1491
1490
1490
1486
1486
1485
1484
1484
1483
1482
1481
1478
1477
1476
1476
1476
1475
1475
1474
1473
1473
1473
1473
1472
1472
1472
1471
1469
1468
1466
1464
1462
1461
1458
1456
1455
1455
1455
1453
1451
1451
1448
1447
1447
1446
1446
1445
1443
1443
1441
1441
1441
1441
1439
1439
1439
1438
1438
1438
1437
1436
1434
1433
1431
1431
1431
1429
1427
1427
1427
1425
1425
1422
1421
1420
1419
1418
1418
1418
1417
1415
1415
1415
1415
1414
1414
1413
1413
1413
1412
1412
1412
1411
1411
1410
1410
1409
1408
1406
1406
1405
1405
1404
1403
1402
1402
1402
1401
1400
1400
1399
1398
1398
1397
1397
1396
1395
1395
1395
1394
1394
1394
1393
1393
1392
1392
1392
1391
1387
1386
1386
1385
1385
1384
1381
1380
1379
1378
1378
1377
1376
1375
1374
1373
1371
1371
1370
1369
1369
1368
1368
1366
1366
1366
1365
1365
1365
1365
1364
1362
1361
1360
1359
1359
1358
1358
1356
1356
1356
1356
1356
1355
1354
1353
1352
1350
1349
1349
1349
1349
1348
1347
1346
1346
1345
1345
1345
1344
1343
1342
1342
1341
1340
1340
1339
1338
1336
1336
1336
1336
1335
1335
1335
1335
1334
1334
1333
1331
1331
1331
1330
1329
1329
1329
1329
1328
1327
1327
1326
1326
1325
1323
1322
1321
1318
1317
1317
1317
1316
1315
1313
1313
1312
1310
1310
1309
1309
1307
1307
1307
1305
1304
1304
1303
1303
1302
1302
1302
1302
1301
1301
1301
1300
1300
1300
1300
1300
1297
1296
1293
1292
1291
1291
1291
1288
1286
1286
1286
1285
1285
1284
1284
1284
1283
1283
1282
1282
1282
1281
1281
1280
1280
1280
1280
1279
1278
1278
1278
1277
1277
1275
1274
1274
1273
1273
1272
1270
1270
1270
1268
1267
1267
1266
1266
1266
1266
1265
1264
1264
1264
1263
1263
1262
1261
1261
1261
1260
1260
1259
1259
1258
1257
1256
1255
1255
1254
1253
1252
1251
1250
1249
1249
1249
1249
1248
1248
1247
1247
1247
1247
1243
1243
1242
1241
1241
1240
1240
1239
1238
1238
1238
1237
1237
1237
1237
1236
1235
1235
1234
1233
1232
1231
1230
1229
1229
1228
1228
1226
1226
1226
1224
1224
1224
1223
1223
1222
1221
1221
1221
1221
1221
1220
1219
1218
1217
1217
1217
1216
1216
1215
1215
1213
1212
1212
1211
1211
1210
1208
1207
1207
1206
1204
1203
1203
1203
1201
1200
1200
1199
1198
1198
1198
1197
1196
1196
1195
1195
1195
1195
1193
1193
1192
1192
1192
1191
1190
1190
1190
1190
1190
1188
1187
1187
1187
1185
1184
1184
1184
1184
1178
1178
1178
1177
1177
1177
1177
1175
1174
1174
1173
1172
1172
1172
1172
1171
1171
1171
1171
1171
1171
1170
1170
1170
1170
1170
1169
1169
1168
1168
1168
1168
1167
1167
1167
1166
1165
1164
1164
1164
1164
1163
1163
1163
1163
1162
1161
1161
1160
1159
1159
1158
1158
1156
1156
1156
1155
1155
1155
1155
1155
1155
1154
1154
1154
1153
1153
1153
1152
1152
1152
1149
1149
1149
1149
1149
1149
1149
1148
1148
1147
1146
1146
1145
1145
1145
1144
1143
1143
1143
1143
1141
1141
1141
1141
1140
1140
1140
1140
1140
1140
1140
1139
1138
1138
1138
1137
1137
1136
1135
1134
1134
1134
1132
1132
1131
1130
1130
1130
1129
1129
1129
1129
1128
1128
1127
1127
1127
1125
1125
1125
1125
1124
1124
1123
1123
1123
1123
1123
1121
1121
1120
1120
1120
1119
1119
1117
1117
1117
1116
1115
1115
1115
1114
1114
1113
1111
1110
1110
1109
1109
1108
1108
1107
1107
1107
1106
1106
1106
1105
1105
1103
1102
1102
1101
1101
1101
1099
1099
1099
1099
1098
1098
1097
1097
1097
1097
1097
1097
1096
1095
1095
1095
1094
1093
1093
1092
1092
1092
1092
1091
1091
1091
1091
1090
1089
1089
1088
1088
1088
1088
1087
1087
1087
1087
1087
1087
1086
1086
1086
1085
1085
1084
1084
1083
1083
1082
1082
1082
1081
1081
1080
1080
1079
1077
1077
1076
1075
1075
1075
1075
1074
1073
1073
1073
1072
1072
1071
1070
1070
1070
1070
1070
1069
1069
1067
1067
1065
1065
1064
1064
1063
1062
1061
1061
1061
1061
1059
1059
1059
1059
1059
1059
1059
1059
1058
1058
1058
1057
1055
1054
1054
1053
1053
1052
1052
1052
1052
1051
1051
1050
1050
1049
1048
1048
1046
1045
1045
1044
1044
1044
1043
1043
1043
1042
1042
1041
1041
1041
1041
1039
1039
1039
1038
1038
1038
1038
1038
1037
1036
1036
1035
1034
1033
1033
1032
1031
1031
1030
1029
1029
1029
1029
1028
1028
1027
1027
1027
1027
1026
1026
1026
1026
1024
1024
1024
1023
1023
1023
1023
1022
1022
1021
1021
1021
1020
1020
1020
1020
1020
1019
1019
1019
1018
1017
1017
1016
1015
1014
1014
1014
1013
1013
1013
1012
1011
1011
1011
1011
1010
1010
1010
1010
1009
1009
1009
1009
1009
1008
1008
1008
1008
1007
1006
1006
1005
1003
1003
1003
1002
1002
1002
1002
1002
1002
1002
1001
1001
1000
1000
1000
998
998
998
998
998
998
997
997
997
996
996
995
994
994
994
994
994
994
993
993
993
993
993
993
993
992
992
991
991
991
990
990
989
988
988
988
987
987
987
987
986
986
986
986
985
985
984
983
983
983
983
982
982
982
979
979
979
979
979
979
978
978
978
978
977
977
977
977
977
976
976
976
976
976
975
975
975
974
974
974
973
973
973
972
972
972
971
971
971
970
970
970
970
969
969
968
968
967
967
967
966
965
965
965
965
964
964
964
964
964
964
964
964
964
963
963
963
962
962
961
961
960
960
960
958
958
958
957
957
956
956
955
955
954
954
954
953
953
953
953
952
952
949
949
949
949
949
949
948
948
948
947
946
946
946
945
944
944
944
944
943
943
943
943
942
942
942
941
941
940
940
940
939
939
939
938
938
937
937
937
937
937
936
936
936
936
935
935
935
935
935
934
934
934
933
933
931
931
931
930
930
929
928
928
928
928
927
927
927
927
925
925
925
925
924
924
924
923
923
923
923
923
922
922
922
920
920
920
920
920
919
919
919
919
919
918
918
918
918
918
918
918
918
918
917
917
917
917
916
916
916
916
916
916
915
915
914
914
914
913
912
911
911
910
910
909
909
908
908
907
907
907
907
906
906
906
905
905
904
904
904
904
904
903
903
903
903
903
902
902
901
901
900
900
900
900
900
900
900
899
899
899
899
899
898
898
897
897
897
897
897
896
896
896
896
896
896
895
894
894
894
894
894
893
893
893
893
892
892
892
892
891
891
891
891
890
889
889
888
888
888
888
887
887
887
886
886
886
886
885
885
885
884
884
884
884
884
884
883
883
883
883
882
882
882
882
882
882
882
881
881
881
881
881
880
880
880
880
879
879
879
879
879
878
878
878
878
878
877
877
877
877
876
875
875
875
875
875
874
874
874
873
873
872
872
872
872
872
872
871
871
871
870
870
869
869
869
869
868
868
868
867
867
867
867
867
867
867
866
866
865
865
864
864
864
864
863
863
863
862
862
861
861
861
861
861
860
859
859
859
859
858
858
857
857
857
857
857
856
856
856
856
855
855
855
855
854
854
853
853
853
852
852
852
852
851
850
850
850
850
850
850
850
850
849
849
849
849
849
848
848
848
847
847
847
846
846
846
845
845
845
845
845
844
844
844
843
842
842
842
842
841
841
841
840
840
840
840
839
839
839
839
838
838
837
837
836
836
836
836
836
836
835
835
835
835
833
833
833
833
833
832
832
832
831
831
831
831
831
831
831
830
830
829
829
829
829
829
829
829
829
828
828
828
828
828
828
827
827
827
826
826
826
826
825
825
825
824
824
824
823
823
822
822
822
822
822
821
821
820
820
820
820
820
820
819
819
819
819
819
818
818
818
818
818
818
818
818
817
817
817
817
816
816
815
815
815
814
814
814
813
813
813
812
812
812
812
812
812
812
811
811
811
811
811
810
810
810
810
810
810
810
809
809
809
809
809
809
808
808
808
808
808
808
808
808
807
807
807
806
806
806
805
805
805
805
804
804
804
804
803
803
803
802
802
801
801
801
801
801
801
801
800
800
800
800
800
799
799
799
799
799
799
799
799
798
798
797
797
796
796
796
795
795
795
795
795
795
795
794
794
794
794
794
793
793
793
793
793
792
792
792
792
792
792
792
791
791
791
791
791
791
791
790
790
790
790
790
790
789
789
789
789
788
788
788
788
788
787
787
787
787
786
786
786
786
785
785
785
784
784
784
784
783
783
783
783
783
783
783
783
782
782
781
781
781
781
780
780
780
780
780
779
779
779
778
778
778
778
777
777
777
776
776
776
775
774
774
773
773
773
773
773
773
772
772
772
772
771
771
771
771
771
771
770
770
770
770
770
770
770
770
769
769
769
769
769
769
769
768
768
768
768
768
767
767
767
766
766
766
766
766
766
765
765
765
765
764
764
764
764
764
763
763
763
763
763
762
762
762
762
762
761
761
761
761
761
761
760
760
760
760
759
759
759
758
758
758
757
757
756
756
755
755
755
754
754
754
754
754
754
754
754
753
753
752
752
752
751
751
751
750
749
749
749
749
749
749
748
748
748
748
748
748
748
748
748
748
748
747
747
747
746
746
746
746
745
745
745
745
744
744
744
744
744
744
743
743
743
743
743
742
742
742
742
742
741
741
741
741
741
741
741
741
740
739
739
739
738
738
738
738
738
738
738
737
737
737
737
737
737
737
736
736
736
735
735
735
735
734
734
734
734
733
733
733
733
733
733
733
732
732
732
732
732
732
732
731
731
731
730
730
730
730
730
729
729
728
728
728
728
728
728
728
728
727
727
727
727
727
726
726
726
726
725
725
725
725
725
724
724
724
724
724
723
723
723
723
722
722
722
722
721
721
721
721
721
721
721
720
720
720
720
720
719
718
718
718
717
717
717
716
716
716
716
716
716
716
716
715
715
715
714
714
714
714
714
714
713
713
713
713
712
712
712
712
712
711
711
710
710
710
710
709
709
709
709
709
708
708
708
708
708
707
707
707
707
707
707
707
706
706
706
706
706
706
705
705
705
705
705
705
704
704
704
704
704
703
703
703
703
703
703
703
703
703
703
703
702
702
701
701
701
701
701
701
701
701
700
700
700
700
700
700
700
700
700
699
699
699
699
699
699
699
699
699
698
698
698
698
698
698
698
697
697
697
697
697
696
696
696
695
695
695
694
694
694
694
693
693
693
693
693
692
692
692
692
692
691
691
691
691
691
691
691
691
691
690
690
690
690
689
689
689
689
689
689
689
689
689
689
688
688
688
688
688
687
687
687
687
687
687
687
686
686
686
686
685
685
685
684
684
684
684
684
684
684
683
683
683
683
683
683
683
683
682
682
682
682
682
682
682
682
682
682
682
681
681
681
681
680
680
680
680
680
680
679
679
679
679
679
679
679
679
679
679
678
678
678
678
678
678
678
678
677
677
677
677
677
677
677
677
677
677
677
676
676
676
675
675
675
675
675
675
675
675
674
674
674
674
673
673
673
673
673
673
673
673
673
672
672
672
672
672
671
671
671
671
670
670
670
670
670
669
669
669
669
669
669
668
668
668
668
668
668
668
668
667
667
667
667
667
667
666
666
666
666
666
666
666
666
666
665
665
665
664
664
664
664
664
664
663
663
663
663
663
663
662
662
662
662
662
662
662
662
661
661
661
661
661
661
660
660
660
660
659
659
659
659
659
659
659
658
658
658
658
658
658
657
657
657
657
657
657
657
657
656
656
656
656
655
655
655
655
655
655
655
655
655
655
654
654
654
654
654
654
654
654
654
653
653
653
652
652
652
652
652
651
651
651
651
651
651
651
650
650
650
650
650
650
649
649
649
649
649
649
649
649
648
648
648
648
648
648
648
647
647
647
647
647
646
646
646
646
646
646
646
646
646
646
646
646
646
645
645
645
645
645
645
645
645
644
644
644
644
643
643
643
643
643
643
643
643
643
642
642
642
642
642
642
642
642
641
641
641
641
641
641
641
641
641
641
640
640
640
640
640
640
640
639
639
639
639
639
639
638
638
638
638
638
638
638
638
638
638
638
638
638
638
638
638
637
637
637
637
637
637
637
637
637
636
636
636
636
636
636
636
636
635
635
635
635
635
635
635
634
634
634
633
633
633
633
633
633
633
633
632
632
632
632
632
632
632
631
631
631
631
630
630
630
630
630
629
629
629
629
629
629
628
628
628
628
628
628
628
628
628
628
627
627
627
627
627
626
626
626
626
625
625
625
625
625
625
625
625
625
624
624
624
623
623
623
623
623
623
623
622
622
622
622
622
622
622
622
621
621
621
621
621
621
621
621
621
620
620
620
620
619
619
619
619
619
619
619
618
618
618
618
617
617
617
617
617
617
617
617
616
616
616
615
615
615
615
614
614
614
614
614
614
613
613
613
613
613
613
612
612
612
612
612
612
612
611
611
611
611
611
610
610
610
610
610
610
609
609
609
609
609
609
609
609
609
608
608
608
608
608
608
607
607
607
607
607
607
607
607
607
607
607
607
607
607
607
607
607
606
606
606
606
606
606
606
606
605
605
605
605
605
605
605
605
605
605
605
605
605
604
604
604
604
604
604
603
603
603
603
603
603
603
603
603
603
602
602
602
602
602
602
602
602
602
601
601
601
601
601
601
600
600
600
599
599
599
599
599
599
598
598
598
598
598
598
597
597
597
597
597
597
597
597
597
597
597
596
596
596
596
596
596
596
596
595
595
595
595
595
595
595
594
594
594
594
594
594
593
593
593
593
593
593
593
592
592
592
592
592
592
591
591
591
591
591
591
591
590
590
590
589
589
589
589
589
589
589
588
588
588
588
588
588
588
587
587
587
587
587
587
587
587
586
586
586
586
586
586
585
585
585
585
585
585
584
584
584
584
584
584
584
584
584
584
584
584
583
583
583
583
583
583
583
582
582
582
582
582
582
582
582
582
582
581
581
581
581
581
581
581
581
581
581
581
581
580
580
580
580
580
580
580
580
580
580
580
579
579
579
579
578
578
578
578
578
578
578
578
577
577
577
577
577
577
577
577
577
577
576
576
576
576
576
576
576
576
576
575
575
575
575
575
575
575
575
575
575
575
574
574
574
574
574
574
574
574
573
573
573
573
573
572
572
572
572
572
572
572
572
572
572
572
572
572
572
571
571
571
571
571
571
571
571
571
570
570
570
570
570
570
570
570
570
570
569
569
569
569
569
569
569
569
569
569
569
569
569
569
568
568
568
568
568
568
568
568
568
568
567
567
567
567
567
567
567
567
566
566
566
566
566
566
566
566
566
566
565
565
565
565
565
565
565
565
564
564
564
564
564
564
564
564
564
563
563
563
563
563
563
563
562
562
562
562
562
562
562
562
562
562
561
561
561
561
561
561
561
561
561
561
561
561
560
560
560
560
560
560
560
560
560
560
560
560
560
559
559
559
559
559
559
559
559
558
558
558
558
558
558
557
557
557
557
557
557
557
557
557
556
556
556
556
556
556
556
556
556
556
556
556
556
555
555
554
554
554
554
554
554
554
554
554
553
553
553
552
552
552
552
552
552
552
552
552
552
552
551
551
551
551
551
551
551
551
551
551
550
550
550
550
550
550
550
550
550
550
550
550
549
549
549
549
549
549
549
549
549
549
549
549
549
549
549
548
548
548
548
548
548
548
548
548
547
547
547
547
547
547
547
547
547
547
547
547
547
547
546
546
546
546
546
546
546
546
546
546
546
546
546
545
545
545
545
545
545
545
545
544
544
544
544
544
544
544
544
543
543
543
543
543
543
543
543
543
542
542
542
542
542
542
542
541
541
541
541
541
541
540
540
540
540
540
540
540
540
540
540
539
539
539
539
539
539
539
539
539
539
539
539
538
538
538
538
538
538
538
538
538
538
538
537
537
537
537
537
537
537
537
537
537
537
537
537
536
536
536
536
536
536
536
536
535
535
535
535
535
535
535
535
535
535
535
535
535
535
535
535
534
534
534
534
534
534
534
534
534
534
534
534
534
534
534
533
533
533
533
533
533
533
533
533
533
533
533
533
533
533
532
532
532
532
532
532
532
531
531
531
531
531
531
531
531
531
531
530
530
530
530
530
530
530
530
529
529
529
529
529
529
529
528
528
528
528
528
528
528
528
528
528
528
527
527
527
527
527
527
527
527
527
527
527
526
526
526
526
526
526
526
526
526
526
525
525
525
525
525
525
524
524
524
524
524
524
524
524
524
524
523
523
523
523
523
523
523
523
523
523
523
522
522
522
522
522
522
522
522
522
521
521
521
521
521
521
521
520
520
520
520
520
520
520
519
519
519
519
519
519
519
519
519
519
519
518
518
518
518
518
518
518
518
518
518
518
518
518
518
518
518
518
518
518
517
517
517
517
517
517
517
517
517
517
517
517
517
517
517
517
517
516
516
516
516
516
516
516
516
516
516
516
516
516
516
516
515
515
515
515
515
515
515
515
514
514
514
514
514
514
514
514
513
513
513
513
513
513
513
512
512
512
512
512
511
511
511
511
511
511
511
511
511
511
511
510
510
510
510
510
510
510
510
510
510
509
509
509
509
509
509
509
509
509
509
509
509
509
509
508
508
508
508
508
508
508
508
508
508
508
508
508
507
507
507
507
507
507
507
507
506
506
506
506
506
506
506
506
506
506
506
506
506
506
506
506
506
505
505
505
505
505
505
505
505
505
505
505
505
504
504
504
504
504
504
504
504
504
504
504
504
504
504
503
503
503
503
503
503
503
503
503
503
502
502
502
502
502
502
502
502
502
502
502
502
501
501
501
501
501
501
501
501
500
500
500
500
500
500
500
500
500
500
500
500
500
499
499
499
499
499
499
499
499
498
498
498
498
498
498
498
498
498
498
497
497
497
497
497
497
497
497
497
496
496
496
496
496
496
496
496
496
496
495
495
495
495
495
495
495
495
495
495
495
495
495
494
494
494
494
494
494
494
494
494
494
494
494
494
494
494
494
493
493
493
493
493
493
493
493
493
493
493
493
493
493
493
493
493
492
492
492
492
492
492
492
492
492
492
492
491
491
491
491
491
491
491
491
491
491
491
491
491
491
491
490
490
490
490
490
490
490
490
490
490
490
490
489
489
489
489
489
489
489
489
489
489
489
489
488
488
488
488
488
488
488
488
487
487
487
487
487
487
487
487
487
487
487
487
486
486
486
486
486
486
486
486
486
486
485
485
485
485
485
485
485
485
485
485
485
484
484
484
484
484
484
484
484
484
484
484
484
484
484
484
483
483
483
483
483
483
483
483
483
483
482
482
482
482
482
482
482
482
482
482
482
482
482
482
482
482
482
482
481
481
481
481
480
480
480
480
480
480
480
479
479
479
479
479
479
479
478
478
478
478
478
478
478
478
478
478
478
478
477
477
477
477
477
477
477
477
477
477
477
477
476
476
476
476
476
476
476
475
475
475
475
475
475
475
475
475
475
475
475
475
474
474
474
474
474
474
474
474
474
474
474
474
474
474
474
474
474
474
474
474
473
473
473
473
473
473
473
473
473
473
473
472
472
472
472
472
472
472
472
472
471
471
471
471
471
471
471
471
471
471
471
471
470
470
470
470
470
470
470
470
470
470
470
470
470
470
470
470
469
469
469
469
469
469
469
469
469
469
469
469
469
469
469
469
469
469
469
469
469
468
468
468
468
468
468
468
468
468
468
468
468
467
467
467
467
467
467
467
467
467
467
467
467
467
467
467
467
467
467
467
467
466
466
466
466
466
466
466
466
466
466
466
465
465
465
465
465
465
465
465
465
464
464
464
464
464
464
464
464
464
464
464
464
463
463
463
463
463
463
463
463
463
463
463
463
463
463
463
463
463
463
463
463
463
463
463
463
462
462
462
462
462
462
462
462
462
462
462
462
461
461
461
461
461
461
461
461
461
461
461
460
460
460
460
460
460
460
460
460
460
460
460
460
460
460
459
459
459
459
459
459
459
459
459
459
459
458
458
458
458
458
458
458
458
458
458
458
458
458
458
458
458
458
458
458
458
458
457
457
457
457
457
457
457
457
457
457
457
457
456
456
456
456
456
456
456
456
456
456
456
456
456
456
455
455
455
455
455
455
455
455
455
455
455
455
455
454
454
454
454
454
454
454
454
454
454
454
454
454
454
454
454
454
454
454
454
454
454
453
453
453
453
453
453
453
453
453
453
453
453
453
453
453
453
453
453
453
452
452
452
452
452
452
452
452
452
452
451
451
451
451
451
451
451
451
451
450
450
450
450
450
450
450
450
450
450
450
450
450
450
450
450
449
449
449
449
449
449
449
449
449
449
449
448
448
448
448
448
448
448
448
448
448
448
448
448
448
448
448
448
448
448
448
448
448
447
447
447
447
447
447
447
447
447
447
447
447
447
446
446
446
446
446
446
446
446
446
446
446
445
445
445
445
445
445
445
445
445
445
445
445
445
445
445
445
445
445
444
444
444
444
444
444
444
444
444
444
444
444
444
443
443
443
443
443
443
443
443
443
443
443
443
443
443
443
442
442
442
442
442
442
442
442
442
442
442
442
442
441
441
441
441
441
441
441
441
441
441
441
441
441
441
441
441
441
441
441
441
441
441
440
440
440
440
440
440
440
440
440
440
440
440
440
440
440
440
440
440
440
439
439
439
439
439
439
439
439
439
439
439
439
439
439
439
439
439
439
439
439
439
439
438
438
438
438
438
438
438
438
438
438
438
438
438
438
438
437
437
437
437
437
437
437
437
437
437
437
437
437
437
437
436
436
436
436
436
436
436
436
436
436
436
436
435
435
435
435
435
435
435
435
435
435
435
435
434
434
434
434
434
434
434
434
434
434
434
434
434
434
433
433
433
433
433
433
433
433
433
433
433
433
433
433
433
433
433
433
433
432
432
432
432
432
432
432
432
432
431
431
431
431
431
431
431
431
430
430
430
430
430
430
430
430
430
430
430
429
429
429
429
429
429
429
429
429
428
428
428
428
428
428
428
428
428
428
428
428
428
428
428
428
427
427
427
427
427
427
427
427
427
427
427
427
427
427
427
427
427
427
427
427
427
427
427
427
426
426
426
426
426
426
426
426
426
426
426
426
426
425
425
425
425
425
425
425
425
425
425
425
425
425
424
424
424
424
424
424
424
424
424
424
424
424
424
424
424
424
424
424
424
423
423
423
423
423
423
423
423
423
423
423
423
423
423
423
423
423
423
423
422
422
422
422
422
422
422
422
422
422
422
422
422
422
422
422
422
421
421
421
421
421
421
421
421
421
421
421
421
420
420
420
420
420
420
420
420
420
420
420
420
420
420
420
419
419
419
419
419
419
419
419
419
419
419
419
419
419
418
418
418
418
418
418
418
418
418
418
418
418
418
418
418
418
418
418
418
418
418
418
418
417
417
417
417
417
417
417
417
417
417
417
416
416
416
416
416
416
416
416
416
416
416
416
416
416
415
415
415
415
415
415
415
415
415
415
415
415
415
414
414
414
414
414
414
414
414
414
414
414
414
414
414
414
414
414
414
414
413
413
413
413
413
413
413
413
413
413
413
413
413
413
413
413
412
412
412
412
412
412
412
412
412
412
412
412
412
412
412
412
412
411
411
411
411
411
411
411
411
411
411
411
411
411
411
411
411
411
411
411
411
411
411
410
410
410
410
410
410
410
410
410
410
410
410
410
410
410
409
409
409
409
409
409
409
409
409
409
409
409
409
409
408
408
408
408
408
408
408
408
408
408
408
408
408
408
408
408
408
408
408
408
408
408
408
408
407
407
407
407
407
407
407
407
407
407
407
407
407
407
407
407
407
407
406
406
406
406
406
406
406
406
406
406
406
406
406
406
406
406
406
406
406
405
405
405
405
405
405
405
405
405
405
405
405
405
405
405
405
405
405
405
405
405
405
405
404
404
404
404
404
404
404
404
404
404
404
404
404
404
404
404
404
404
404
404
404
404
404
404
404
404
403
403
403
403
403
403
403
403
403
403
403
403
403
403
403
403
403
403
403
402
402
402
402
402
402
402
402
402
402
402
402
402
402
401
401
401
401
401
401
401
401
401
401
401
401
401
401
401
400
400
400
400
400
400
400
400
400
400
400
400
400
400
400
400
400
400
399
399
399
399
399
399
399
399
399
399
399
399
399
399
399
399
399
399
399
399
399
399
399
398
398
398
398
398
398
398
398
398
398
398
398
397
397
397
397
397
397
397
397
397
397
397
397
396
396
396
396
396
396
396
396
396
396
396
396
396
396
396
396
396
396
396
396
396
396
395
395
395
395
395
395
395
395
395
395
395
395
395
395
395
394
394
394
394
394
394
394
394
394
394
394
394
394
394
394
394
394
394
393
393
393
393
393
393
393
393
393
393
393
393
393
393
393
392
392
392
392
392
392
392
392
392
392
392
392
392
392
392
392
392
392
392
392
392
392
392
392
391
391
391
391
391
391
391
391
391
391
391
391
391
391
391
391
390
390
390
390
390
390
390
390
390
390
390
390
390
390
390
390
390
389
389
389
389
389
389
389
389
389
389
389
389
389
389
389
389
389
389
389
389
388
388
388
388
388
388
388
388
388
388
388
388
388
388
388
388
388
388
388
388
388
388
388
388
388
387
387
387
387
387
387
387
387
387
387
387
387
387
387
387
387
387
387
387
387
387
387
386
386
386
386
386
386
386
386
386
386
386
386
386
386
386
386
385
385
385
385
385
385
385
385
385
385
385
385
385
385
385
385
385
385
385
385
385
385
385
384
384
384
384
384
384
384
384
384
384
384
384
384
384
384
384
384
384
384
384
384
384
384
384
383
383
383
383
383
383
383
383
383
383
383
383
383
382
382
382
382
382
382
382
382
382
382
382
382
382
382
382
382
382
382
382
382
382
381
381
381
381
381
381
381
381
381
381
381
381
381
381
381
381
381
381
381
381
380
380
380
380
380
380
380
380
380
380
380
380
380
380
380
380
380
380
379
379
379
379
379
379
379
379
379
379
379
379
379
379
379
379
379
379
379
379
379
379
379
379
378
378
378
378
378
378
378
378
378
378
378
378
378
378
378
378
378
378
378
378
378
378
378
378
378
378
378
377
377
377
377
377
377
377
377
377
377
377
377
376
376
376
376
376
376
376
376
376
376
376
376
376
376
376
376
375
375
375
375
375
375
375
375
375
375
375
375
375
375
375
375
375
375
375
375
375
375
375
375
375
375
375
375
375
375
375
374
374
374
374
374
374
374
374
374
374
374
374
374
374
374
374
374
374
374
374
374
374
374
374
374
374
374
374
373
373
373
373
373
373
373
373
373
373
373
373
373
373
373
373
373
373
373
373
372
372
372
372
372
372
372
372
372
372
372
372
372
372
372
372
372
372
372
372
372
372
372
372
372
372
372
372
372
372
372
372
372
372
371
371
371
371
371
371
371
371
371
371
371
371
371
371
371
371
371
371
371
371
371
371
371
370
370
370
370
370
370
370
370
370
370
370
370
370
370
370
370
370
370
370
370
370
370
370
369
369
369
369
369
369
369
369
369
369
369
369
369
369
369
369
369
369
369
369
369
369
369
368
368
368
368
368
368
368
368
368
368
368
368
368
368
368
368
368
368
368
368
367
367
367
367
367
367
367
367
367
367
367
367
367
367
367
367
367
367
367
367
366
366
366
366
366
366
366
366
366
366
366
366
366
366
366
365
365
365
365
365
365
365
365
365
365
365
365
365
365
365
365
365
365
365
365
365
365
364
364
364
364
364
364
364
364
364
364
364
364
364
364
364
364
364
364
364
364
364
363
363
363
363
363
363
363
363
363
363
363
363
363
363
363
362
362
362
362
362
362
362
362
362
362
362
362
362
362
362
362
362
362
362
362
362
361
361
361
361
361
361
361
361
361
361
361
361
361
361
361
361
361
361
361
361
361
361
360
360
360
360
360
360
360
360
360
360
360
360
360
360
360
360
360
360
360
360
360
360
360
360
360
359
359
359
359
359
359
359
359
359
359
359
359
359
359
359
359
359
359
359
358
358
358
358
358
358
358
358
358
358
358
358
358
358
358
358
358
358
358
358
358
358
358
358
358
358
358
358
357
357
357
357
357
357
357
357
357
357
357
357
357
357
357
357
357
357
357
357
357
357
357
357
357
357
357
356
356
356
356
356
356
356
356
356
356
356
356
356
356
356
356
356
356
356
356
356
356
356
356
356
356
355
355
355
355
355
355
355
355
355
355
355
355
355
355
355
355
355
355
355
355
355
355
355
355
355
355
355
355
355
355
355
355
354
354
354
354
354
354
354
354
354
354
354
354
354
354
354
354
354
354
353
353
353
353
353
353
353
353
353
353
353
353
353
353
353
353
353
353
353
353
353
353
353
353
353
352
352
352
352
352
352
352
352
352
352
352
352
352
352
351
351
351
351
351
351
351
351
351
351
351
351
351
351
351
351
351
350
350
350
350
350
350
350
350
350
350
350
350
350
350
350
350
350
349
349
349
349
349
349
349
349
349
349
349
349
349
349
349
349
349
349
348
348
348
348
348
348
348
348
348
348
348
348
348
348
348
348
348
348
348
348
348
348
348
348
348
348
348
348
348
348
348
348
347
347
347
347
347
347
347
347
347
347
347
347
347
347
347
347
347
347
347
347
347
347
347
347
347
347
347
347
347
347
347
347
347
347
347
347
347
347
347
347
346
346
346
346
346
346
346
346
346
346
346
346
346
346
346
346
346
346
346
346
346
346
345
345
345
345
345
345
345
345
345
345
345
345
345
345
345
345
345
345
345
345
345
345
345
345
345
345
345
345
344
344
344
344
344
344
344
344
344
344
344
344
344
344
344
344
344
344
344
344
344
344
344
343
343
343
343
343
343
343
343
343
343
343
343
343
343
343
343
343
343
343
343
343
343
343
343
343
343
343
343
343
343
343
343
342
342
342
342
342
342
342
342
342
342
342
342
342
342
342
342
342
342
342
342
342
342
342
342
342
342
342
342
342
342
342
341
341
341
341
341
341
341
341
341
341
341
341
341
341
341
341
341
341
341
341
341
341
341
341
341
341
341
341
341
340
340
340
340
340
340
340
340
340
340
340
340
340
340
340
340
340
340
340
340
340
340
340
339
339
339
339
339
339
339
339
339
339
339
339
339
339
339
339
339
339
339
339
339
339
339
339
339
339
339
338
338
338
338
338
338
338
338
338
338
338
338
338
338
338
338
338
338
338
338
338
338
338
338
338
338
338
338
338
338
338
338
337
337
337
337
337
337
337
337
337
337
337
337
337
337
337
337
337
337
337
337
337
337
337
337
337
336
336
336
336
336
336
336
336
336
336
336
336
336
336
336
336
336
336
336
336
336
335
335
335
335
335
335
335
335
335
335
335
335
335
335
335
335
335
335
335
335
335
335
335
335
335
335
335
335
335
335
335
335
335
335
335
335
335
335
335
334
334
334
334
334
334
334
334
334
334
334
334
334
334
334
334
334
334
334
334
334
333
333
333
333
333
333
333
333
333
333
333
333
333
333
333
333
333
332
332
332
332
332
332
332
332
332
332
332
332
332
332
332
332
332
332
332
332
332
332
332
332
332
332
331
331
331
331
331
331
331
331
331
331
331
331
331
331
331
331
331
331
331
331
331
331
331
331
331
330
330
330
330
330
330
330
330
330
330
330
330
330
330
330
330
330
330
330
330
330
330
330
330
330
330
330
330
330
330
330
330
330
330
329
329
329
329
329
329
329
329
329
329
329
329
329
329
329
329
329
329
329
329
329
329
329
329
329
328
328
328
328
328
328
328
328
328
328
328
328
328
328
328
328
328
328
328
328
328
328
328
328
328
328
328
327
327
327
327
327
327
327
327
327
327
327
327
327
327
327
327
327
327
327
327
327
327
327
327
327
327
327
327
327
327
326
326
326
326
326
326
326
326
326
326
326
326
326
326
326
326
326
326
326
326
326
326
326
326
326
326
326
326
325
325
325
325
325
325
325
325
325
325
325
325
325
325
325
325
325
325
325
325
325
325
325
325
325
325
325
325
325
325
325
325
325
325
325
325
325
324
324
324
324
324
324
324
324
324
324
324
324
324
324
324
324
324
324
324
324
324
324
324
324
323
323
323
323
323
323
323
323
323
323
323
323
323
323
323
323
323
323
323
323
323
323
323
323
323
323
323
323
323
323
323
322
322
322
322
322
322
322
322
322
322
322
322
322
322
322
322
322
322
322
322
322
322
322
322
322
322
322
322
322
322
322
321
321
321
321
321
321
321
321
321
321
321
321
321
321
321
321
321
321
321
321
321
321
321
321
321
320
320
320
320
320
320
320
320
320
320
320
320
320
320
320
320
320
320
320
320
320
320
320
320
320
320
319
319
319
319
319
319
319
319
319
319
319
319
319
319
319
319
319
319
319
319
319
318
318
318
318
318
318
318
318
318
318
318
318
318
318
318
318
318
318
318
318
318
318
318
318
317
317
317
317
317
317
317
317
317
317
317
317
317
317
317
317
317
317
317
317
317
317
317
317
317
317
317
317
317
316
316
316
316
316
316
316
316
316
316
316
316
316
316
316
316
316
316
316
316
316
316
316
316
316
316
316
315
315
315
315
315
315
315
315
315
315
315
315
315
315
315
315
315
315
315
315
315
315
315
315
315
315
315
315
315
315
315
314
314
314
314
314
314
314
314
314
314
314
314
314
314
314
314
314
314
314
314
314
314
314
314
314
314
314
314
314
314
314
314
314
314
314
314
313
313
313
313
313
313
313
313
313
313
313
313
313
313
313
313
313
313
313
313
313
313
313
313
313
313
313
313
313
313
313
313
313
313
313
313
313
312
312
312
312
312
312
312
312
312
312
312
312
312
312
312
312
312
312
312
312
312
312
312
312
312
312
312
312
312
312
312
312
312
312
312
311
311
311
311
311
311
311
311
311
311
311
311
311
311
311
311
311
311
311
311
311
311
311
311
311
311
311
311
311
311
310
310
310
310
310
310
310
310
310
310
310
310
310
310
310
310
310
310
310
310
310
310
310
309
309
309
309
309
309
309
309
309
309
309
309
309
309
309
309
309
309
309
309
309
309
309
309
309
309
309
309
309
309
309
309
309
309
309
308
308
308
308
308
308
308
308
308
308
308
308
308
308
308
308
308
308
308
308
308
308
308
308
308
308
308
308
308
308
308
308
308
308
308
308
308
308
308
308
308
308
308
307
307
307
307
307
307
307
307
307
307
307
307
307
307
307
307
307
307
307
307
307
307
307
307
307
307
307
307
307
307
307
307
306
306
306
306
306
306
306
306
306
306
306
306
306
306
306
306
306
306
306
306
306
306
306
306
306
306
306
306
306
306
306
306
306
306
306
306
306
305
305
305
305
305
305
305
305
305
305
305
305
305
305
305
305
305
305
304
304
304
304
304
304
304
304
304
304
304
304
304
304
304
304
304
304
304
304
304
304
304
304
304
304
304
304
304
304
304
304
304
304
304
304
304
303
303
303
303
303
303
303
303
303
303
303
303
303
303
303
303
303
303
303
303
303
303
303
303
303
303
303
303
303
303
303
303
302
302
302
302
302
302
302
302
302
302
302
302
302
302
302
302
302
302
302
302
302
302
302
302
302
302
302
302
302
302
302
302
302
302
302
302
302
302
302
302
302
302
302
302
301
301
301
301
301
301
301
301
301
301
301
301
301
301
301
301
301
301
301
301
301
301
301
301
301
301
301
301
301
301
301
301
301
301
301
301
301
300
300
300
300
300
300
300
300
300
300
300
300
300
300
300
300
300
300
300
300
300
300
300
300
300
300
299
299
299
299
299
299
299
299
299
299
299
299
299
299
299
299
299
299
299
299
299
299
299
299
299
299
299
299
299
299
299
299
299
298
298
298
298
298
298
298
298
298
298
298
298
298
298
298
298
298
298
298
298
298
298
298
298
298
298
298
298
298
298
298
298
298
298
298
298
298
298
298
298
298
297
297
297
297
297
297
297
297
297
297
297
297
297
297
297
297
297
297
297
297
297
297
297
297
297
297
297
297
297
297
297
297
297
297
297
297
296
296
296
296
296
296
296
296
296
296
296
296
296
296
296
296
296
296
296
296
296
296
296
296
296
296
296
295
295
295
295
295
295
295
295
295
295
295
295
295
295
295
295
295
295
295
295
295
295
295
295
295
295
295
295
295
295
295
295
295
295
295
295
295
295
295
295
294
294
294
294
294
294
294
294
294
294
294
294
294
294
294
294
294
294
294
294
294
294
294
294
294
294
294
294
294
294
294
294
294
294
294
294
294
294
294
294
293
293
293
293
293
293
293
293
293
293
293
293
293
293
293
293
293
293
293
293
293
293
293
293
293
293
293
293
293
293
293
293
293
293
293
293
293
293
293
293
293
293
293
293
293
293
292
292
292
292
292
292
292
292
292
292
292
292
292
292
292
292
292
292
292
292
292
292
292
292
292
292
292
292
292
292
292
292
292
292
292
292
292
292
292
292
292
292
292
292
292
292
291
291
291
291
291
291
291
291
291
291
291
291
291
291
291
291
291
291
291
291
291
291
291
291
291
291
291
291
291
291
290
290
290
290
290
290
290
290
290
290
290
290
290
290
290
290
290
290
290
290
290
290
290
290
290
290
290
290
290
290
290
290
290
290
290
290
289
289
289
289
289
289
289
289
289
289
289
289
289
289
289
289
289
289
289
289
289
289
289
289
289
289
289
289
289
289
289
289
289
289
289
289
289
289
288
288
288
288
288
288
288
288
288
288
288
288
288
288
288
288
288
288
288
288
288
288
288
288
288
288
288
288
288
288
288
288
288
288
288
288
288
288
288
288
288
288
287
287
287
287
287
287
287
287
287
287
287
287
287
287
287
287
287
287
287
287
287
287
287
287
287
287
287
287
287
287
287
287
287
287
287
287
287
287
287
287
287
287
287
287
286
286
286
286
286
286
286
286
286
286
286
286
286
286
286
286
286
286
286
286
286
286
286
286
286
286
286
285
285
285
285
285
285
285
285
285
285
285
285
285
285
285
285
285
285
285
285
285
285
285
285
285
285
285
285
285
285
285
285
285
285
284
284
284
284
284
284
284
284
284
284
284
284
284
284
284
284
284
284
284
284
284
284
284
284
284
284
284
284
284
284
284
284
283
283
283
283
283
283
283
283
283
283
283
283
283
283
283
283
283
283
283
283
283
283
283
283
283
283
283
283
283
283
283
283
283
283
283
283
283
283
283
283
283
283
283
283
283
283
282
282
282
282
282
282
282
282
282
282
282
282
282
282
282
282
282
282
282
282
282
282
282
282
282
282
282
282
282
282
282
282
282
282
282
282
282
282
282
282
282
282
282
282
282
282
281
281
281
281
281
281
281
281
281
281
281
281
281
281
281
281
281
281
281
281
281
281
281
281
281
281
281
281
281
281
281
281
281
281
281
281
281
281
281
281
281
281
280
280
280
280
280
280
280
280
280
280
280
280
280
280
280
280
280
280
280
280
280
280
280
280
280
280
280
280
280
280
280
280
280
280
280
280
279
279
279
279
279
279
279
279
279
279
279
279
279
279
279
279
279
279
279
279
279
279
279
279
279
279
279
279
279
279
279
279
279
279
279
279
279
279
278
278
278
278
278
278
278
278
278
278
278
278
278
278
278
278
278
278
278
278
278
278
278
278
278
278
278
278
278
278
278
278
278
278
278
278
278
278
277
277
277
277
277
277
277
277
277
277
277
277
277
277
277
277
277
277
277
277
277
277
277
277
277
277
277
277
277
277
277
277
277
277
276
276
276
276
