1200371
689002
520026
421345
364569
325788
295772
276607
273015
252537
230320
231089
212815
225336
196287
196133
199649
199310
191230
185181
192573
173567
172084
162405
188195
173608
159138
170609
161877
157995
154710
163483
159205
155889
153055
165917
154208
155031
155479
150641
144169
143661
149831
144560
138464
153741
149941
137530
129968
144313
146546
141837
132842
147477
148493
148859
134674
136391
133271
144065
145623
132230
141551
139032
138112
136734
142690
156063
151762
148190
137937
131300
145488
139572
130984
136066
140722
129318
133546
135559
157890
122090
142022
125329
127673
131091
150491
124443
122836
126102
127687
128900
115768
134252
124936
114379
131850
116635
119765
128674
139324
125875
122424
142106
133363
139922
133549
122551
115197
119164
121394
120898
124095
137963
122220
132342
130627
129110
119900
126712
132662
121846
131227
129978
127773
139398
126537
128054
123673
132575
111190
136518
121628
125274
127929
132288
120691
120734
128912
112568
124040
115859
122060
119164
125222
120400
123241
125069
120888
126464
129579
117004
119253
135991
117099
120465
113157
126537
121474
120020
134571
118670
122000
126110
117341
119885
125955
126712
118632
113003
126663
120983
121154
122150
112079
117511
121892
112175
117394
132468
122516
127347
117135
114687
121164
124331
118953
133989
117674
118414
107019
122563
116433
111744
115679
113020
118386
121227
119890
127585
120363
110134
112965
117482
124847
126388
120738
124700
113775
115973
112120
119863
128247
131297
114395
122935
124964
120663
120476
114526
118002
119881
119423
118954
121346
140699
119198
124159
127302
124750
117254
110798
122148
122620
119285
121430
118101
114568
126284
103634
129440
128366
112287
116877
119437
129082
126867
118487
118259
113646
112062
130586
119565
126161
123739
117135
115149
121268
124359
116603
130747
124580
122967
119815
124040
118957
111695
120752
108004
131665
114415
119145
138755
121008
119048
109603
120391
119437
118523
114594
108157
124237
124483
119145
114688
110566
118953
114876
125713
108463
114563
114814
125215
116285
128880
100301
119985
113967
117267
124389
108475
126966
106789
110218
124082
147562
117435
113325
114030
117435
116487
108792
121495
122111
116493
118886
118878
113446
111081
109674
113009
116648
124155
112936
119623
119579
114620
122756
109386
120053
112140
111918
126893
109659
115529
116056
123058
107918
117406
118607
121516
124836
110848
121349
129087
112742
112797
120434
116112
109547
111660
112604
118694
106383
121722
112604
125792
122166
116069
124580
116148
107883
125713
107628
126553
135913
120447
121464
106158
119559
110959
120387
116683
118587
116148
110848
114196
119488
113681
108453
124155
122060
110530
102122
120447
112004
122557
101929
116542
121516
107283
112921
114658
114483
114512
121651
118646
113069
119562
129806
126250
134658
115543
109674
120400
101008
114156
110218
112426
118757
120378
120911
114156
117004
117336
135913
125414
126976
109354
130397
103161
108295
117490
107296
119198
120465
105903
114513
118255
117324
121029
118098
102130
102322
120121
110764
103813
117756
116683
116764
116653
118039
116316
118035
119253
125792
106419
113552
110959
120133
119502
115278
127873
117506
120752
116958
115076
111640
128416
115885
124841
111190
118878
119253
115000
116683
131217
114563
134108
104082
132820
105322
120128
110633
109066
108875
103708
118886
128247
113967
118694
114568
119352
117140
116648
110063
121029
111744
112897
115000
129872
115404
139822
124148
120378
118962
125443
107229
107949
113378
109674
116285
116285
119533
119423
117302
109442
117267
123784
120363
113020
121899
124525
107208
104082
125012
105727
115973
129970
103813
115202
119623
114687
123009
126396
106593
115485
118968
115278
110530
111081
98737
117406
126210
125471
114526
114594
125717
114658
114568
104377
114257
113611
108229
106268
112936
113009
112490
110690
118954
107208
123801
119985
112426
115519
116423
114156
112287
110798
112227
122111
106383
106726
114658
110633
116423
125235
111918
112426
103634
115271
127289
109408
105438
121495
107815
107216
118255
111284
128925
115765
117394
109033
121626
120391
114876
126273
107628
112507
101641
103161
116603
118092
109386
106182
113063
126642
107628
100828
118587
112280
122639
118523
119939
112384
115973
120996
108950
122639
123241
110848
109961
115765
120253
115484
115076
110757
111660
119765
120750
104889
106215
114658
122828
104706
115337
121986
124658
105438
108004
124841
102122
111667
125235
109937
117490
109419
121482
112490
122756
119145
114961
112518
106268
137100
119145
110959
121351
124162
111847
108552
122090
114961
111315
116433
118968
122111
114395
114030
123670
104023
116285
116648
113552
120434
110690
127347
114051
115202
115337
121626
111378
119939
111847
115149
118701
107392
108898
112382
105683
124359
107181
120911
114196
118701
113157
120378
117362
114687
107918
126273
106729
102435
109937
113129
115885
109419
121429
118035
110218
109354
109676
115228
117324
110711
113020
119765
128428
111824
125507
107216
122801
111494
121346
110362
121626
121986
112507
121986
119048
123723
122008
113681
112897
104605
115768
119230
105441
126930
109408
108295
119488
115228
120168
130269
115484
129892
117490
118893
105487
106818
122620
108229
126864
113681
113177
98737
111640
107392
107918
101929
110610
118098
118255
114156
113775
114539
98595
116202
114594
110063
117336
111667
106593
113634
109676
110764
122932
119806
124040
113920
102435
108453
122111
106215
106182
113177
119048
110515
117065
110515
115484
122557
105727
125955
130689
103569
125450
122603
112382
118259
113611
123801
112490
122128
121628
112251
117511
107229
110848
117140
107815
124841
110701
106268
108875
120610
103155
125829
110376
103569
123248
118101
115517
118259
112317
104180
113129
115776
109937
111847
117135
107918
123908
121394
106686
107597
114248
106158
119149
113129
112518
106182
113747
121517
106729
118962
122516
106870
114513
126635
128311
109354
112309
111494
119939
106789
105136
119694
101008
132272
108552
130302
120700
120283
109603
104801
106870
109376
112175
104889
114257
108295
118523
116056
123665
125956
116423
119900
109547
112426
104605
113177
107216
118750
116653
111315
120128
114687
109442
113669
119939
104801
104082
107229
126222
104377
119230
119885
107208
125274
114568
103963
118968
123670
112280
110218
107918
110711
112921
116202
107628
126930
115887
104377
106726
109659
113063
126830
115404
118694
111695
116148
121349
118798
105951
120755
124148
117704
105339
121430
112936
127558
108475
109408
122148
112426
108286
109408
112965
110711
110566
118255
108286
106818
111315
106870
115776
129110
116877
112382
111640
117482
112227
126795
105903
111824
108463
106593
109613
122377
118487
113747
112175
115484
124162
123121
115765
97167
114620
113177
109033
112140
113446
110362
103503
114539
122111
110530
124295
120216
112287
107597
107229
111069
112317
114688
109419
125443
110255
112227
113681
109613
107883
106383
109676
110376
125644
117435
115485
114483
109023
106729
112309
108898
117336
111695
97167
97167
123248
106268
109408
112382
113920
108004
115416
110959
108295
119314
103155
112604
108636
116423
110757
103161
114036
124683
126901
112965
118962
113528
117065
122801
118477
108552
112004
122934
114539
120391
115519
114539
113003
113003
113378
119694
130907
106268
112062
109961
121227
110711
103813
113767
115679
133754
107827
110757
134558
112537
107392
100934
110690
117565
125215
120391
114415
118487
111847
117590
114051
116603
115519
113920
104605
128607
100301
121351
117658
107918
111918
114876
122836
114196
114483
109442
103708
113634
108475
118632
105339
118477
125792
113967
101641
115247
98595
104706
116069
106870
106729
117302
118039
118092
118750
134557
124836
112140
105617
123417
109066
116316
107470
122946
118587
116316
105951
110218
104889
100934
112174
100934
103161
107040
117302
105541
111824
103586
102130
100301
112797
112818
120233
115202
113681
106789
115735
121399
111387
119565
120053
107827
120363
124483
109937
105441
109033
119579
107216
117341
111315
108636
112518
102322
109603
106383
105136
110362
121346
112062
118962
111617
106686
109023
111081
108295
110515
114512
118324
110848
123976
130286
114620
120755
105541
101929
112309
109023
103813
109547
103963
119565
110757
103634
116493
122175
116635
123459
109004
105617
113177
117658
119164
113767
105683
102130
114379
118886
111069
112537
114196
114196
105136
112174
121882
112227
108950
107283
104377
113009
106583
109613
118670
121173
115278
122008
105136
113634
112140
115768
105617
117406
117704
111744
116610
106789
107208
108636
103569
110376
113775
101120
126635
106789
103586
118324
110633
116610
125181
105322
107208
122932
110515
115278
109676
118750
105951
115202
114702
121394
115519
98775
117140
125670
107392
113646
117065
105683
102435
111069
108792
110701
104180
120133
106583
128900
119488
107040
117197
114513
104082
103569
109310
110063
103569
113129
115885
115416
103161
115859
104706
109937
115519
107019
113967
110633
97167
118701
113325
119361
105441
109961
118255
116202
114352
104801
117341
112309
114352
105507
107949
109386
126966
113920
105339
107296
111617
105339
114961
108453
118414
111824
104023
101532
114248
113611
110515
107296
105903
102130
124698
111847
106158
108295
114526
116648
116755
112280
118470
119314
115076
111617
110134
121517
115735
102206
108475
119145
113747
124155
120447
116877
120898
104023
123976
118219
115000
113775
100828
121882
112287
115679
105438
119285
115076
131047
120983
130907
117004
113069
106726
114379
113325
119985
104706
111284
106215
101641
112251
110063
115000
114415
114415
115271
126976
105617
111315
119520
104706
123203
116316
116285
120610
102122
109961
112317
114702
116603
117099
114415
115517
109961
107392
120750
117197
105683
104082
106158
118878
100301
109613
107949
107918
111322
112818
114688
104889
125687
112317
103813
124674
113646
111322
105541
111660
105541
110610
107181
139398
108229
116202
116648
102130
119423
105322
111847
109066
106383
98775
114568
111918
126396
107883
109033
122175
118098
112537
114248
105507
105339
114156
122220
118587
129970
116112
114051
109442
101929
110633
121008
116433
116958
118259
102206
109659
120610
117511
119939
113920
114594
104605
106158
114961
118757
142613
119623
107181
125021
122219
118477
122557
118101
113145
117406
109066
104814
105487
116414
112227
112309
103813
119149
109386
117511
104801
111081
111322
109310
111744
115228
107181
116877
113634
113020
109004
111667
110798
107392
106818
108552
103963
118477
97167
115895
114620
102206
98595
110566
107628
113069
117065
123058
110959
112062
105441
110218
115776
110376
100479
120465
114379
113775
124841
115973
108157
106789
117565
110701
115735
106870
109023
114231
109023
110757
114688
108463
105438
120455
119149
112507
108875
120026
100828
117658
105541
109603
106419
113378
112537
105541
118878
114526
114563
107949
111847
124155
125237
113446
125317
124684
104023
107883
112317
120020
107918
107296
119314
115271
113129
127000
110610
107019
107918
111284
126890
107283
120233
121626
107918
121517
118646
109676
105441
121986
118039
105339
118954
102206
113920
112384
108950
125606
106182
116794
113157
117756
109613
105339
126410
109376
116719
111315
110134
121394
115973
112120
115271
107283
130070
115517
117565
106182
105322
108004
114594
112797
106215
105438
122801
110610
110376
114030
112897
117406
104377
109376
113020
114352
106686
115485
106383
107883
112079
105438
112251
116056
113129
107815
124128
118750
102435
111069
113145
114658
121336
105322
114248
116764
105541
119623
118470
117658
108453
102206
106583
109066
114563
101641
121346
106215
105683
108157
111284
125804
118039
118607
106686
121164
108295
113747
109376
117267
101929
107229
120888
106686
106818
108636
114156
116542
109386
103708
106215
112062
108453
101929
121882
119048
115404
117267
115202
106182
105441
120128
104023
117197
112818
111617
108004
115247
112965
111640
115485
113669
111847
116056
108875
107918
106182
109937
115517
103586
113446
105487
104180
110530
112317
122563
113177
116285
104801
105487
113003
112175
106789
103813
126026
114030
123058
113528
119285
112936
118386
98775
115735
109004
102435
113528
105507
115887
113775
105441
105617
98595
107949
112936
117369
105903
135824
122128
111069
112537
115519
129872
108898
117099
107181
120378
116433
116112
114563
102322
114658
103963
112537
109547
110764
110530
114961
109603
108950
112309
121422
118893
119199
124698
114702
119134
113177
103634
107040
107918
114483
114594
115543
119352
108950
106726
105136
115000
106583
106583
107181
115228
126635
104801
112287
119149
107470
106268
119198
106593
114594
116794
115973
117369
113270
113669
111494
117394
104706
106593
104180
115887
118039
105136
111284
110362
127687
109004
115973
109442
107827
109674
105683
111190
112742
104889
119048
107283
107827
114702
125654
110218
104814
100479
117140
114483
100301
119782
103963
104889
120020
119423
127059
116683
114483
104180
104889
112079
110633
124128
115247
107283
125745
112897
109354
97167
119890
114030
103503
119900
114257
115895
107040
113270
98775
106818
114814
119502
120026
103586
100479
114563
102322
107040
115519
109442
112251
120020
106583
104889
103708
113681
106686
121899
120378
127558
126642
112507
108286
138995
101120
112507
113003
119782
121029
113003
115076
121245
115543
106593
113634
108453
119579
108286
110711
121495
109066
112280
125222
100828
110757
104706
114594
108475
113378
120752
116423
126901
119361
119285
106215
116653
107229
105441
115000
116285
112426
104180
115149
112175
114814
121394
136781
107597
118219
105507
117658
118255
115416
106818
112384
123417
112384
120663
117565
109961
100301
119900
109937
109310
112309
118694
109961
119145
110362
105903
105727
111617
103155
119285
125414
111284
111069
109442
112175
111315
117406
117336
114030
115404
122166
105683
110959
110255
108229
108286
108552
118694
111918
110255
121516
112062
114231
105487
117369
105322
107040
118750
113009
113528
117615
114030
114876
106870
111744
104180
122090
109937
117267
110063
109419
101929
107283
119038
127585
102130
108898
119199
115202
116493
112936
112280
117506
114814
120233
107815
107597
112140
107827
107216
105438
108453
119437
121394
119502
116794
131217
122156
110959
115519
107040
118750
109310
119198
116148
103813
115885
103708
104801
104706
113669
111617
112507
116764
103708
118701
105727
113775
109354
116764
118893
113063
117406
115859
109442
111315
122175
117341
119562
109408
129082
112897
104889
113767
111640
107815
112537
106215
107470
116877
117369
115529
104814
118632
107918
118962
113767
106686
108286
103503
104023
120387
116069
113145
109066
110757
102322
104180
107815
104605
103586
114513
114526
116202
108229
112079
110701
108475
118523
109408
109659
105136
109408
124128
125215
107628
113145
124191
118694
115416
129602
98595
104605
112079
101532
119559
101120
104605
104605
107597
125956
108950
115973
125606
112004
112309
105136
111069
117506
123673
109674
110633
113767
119985
108286
103963
110255
105541
144313
105136
107628
118039
102322
118477
122192
108004
135173
112287
112309
115529
112921
130449
110959
109408
110701
117511
112382
119806
123203
113270
115885
123391
119562
141729
122603
107181
128514
112797
110134
119437
118092
107918
107296
111617
107181
117362
116764
113378
125910
117369
125012
114658
110255
109547
112120
118300
109676
110515
114688
101929
111640
124683
115973
105541
121227
114051
119352
110610
108453
123801
112140
109386
107019
122111
112921
100479
118607
105507
113775
110798
121164
109310
137042
100479
114036
115271
114051
107918
114257
118219
112317
115278
107815
106583
114231
98737
106729
107392
111744
123570
119199
105507
101008
103569
112921
114395
111081
111695
100934
103634
112936
115735
111695
114687
115887
118646
100479
126061
103569
117135
115197
103586
110757
101641
109023
100301
114688
111322
113528
113063
132552
102435
110610
105322
112537
114030
135963
106583
112921
114814
121430
109547
113063
110701
105136
110757
114702
108229
116877
117267
114156
109613
112797
119533
117004
110690
110376
113177
105683
116056
119314
112742
113145
100301
113528
114594
117197
110566
120363
116610
118750
121351
118523
114563
112175
110701
101532
119579
109376
115768
119881
103155
113069
104889
106158
112921
103155
113003
122603
119149
117362
104801
101008
120233
112537
102206
105951
107283
114156
117435
123203
119423
111744
105951
118798
101532
112280
108898
101641
113967
116755
119782
101532
114196
125002
102322
103963
117490
116653
108286
104706
119423
123665
105441
114352
110530
107229
115519
114539
103503
119985
126712
120133
109023
118701
102122
115197
106419
104706
114512
108875
117362
114702
104023
113069
110690
104801
117435
117627
131798
107470
112140
107883
108004
109310
117704
108636
111284
110134
118750
109066
115859
121651
103586
107949
105727
127291
112317
108875
117135
126061
112568
132010
110362
101532
112004
103503
120610
109408
114620
111918
116958
108453
116648
114513
122620
120898
108475
115887
117197
121029
111494
117658
113528
109004
112280
112174
119423
117254
118893
116635
108552
103569
121517
113747
119782
103161
115887
98737
119806
116493
118092
119423
118757
111284
118701
109442
119230
107283
108453
106419
130286
110610
111640
111494
114352
111081
101008
112604
111081
125967
110134
115416
112120
111378
118670
115484
112921
103155
108286
114688
112742
117004
105438
104801
114702
116653
118962
113145
116610
117627
114395
120168
111378
102322
118512
112797
114156
110515
117369
113747
104023
124698
111378
118886
120168
109419
118587
119520
106182
105617
98775
104023
115887
110566
119253
120752
105951
110764
116285
118470
107181
103503
109419
107949
110848
107181
118219
119149
109023
104706
106158
105487
115076
103634
107283
98595
111315
122175
114379
109419
117336
109419
107040
109408
112251
123248
100479
120610
116493
117099
115337
125687
105727
122557
119253
120983
115404
115543
109033
116493
103155
107883
119164
122220
124191
116755
113611
121482
112175
118893
103963
111695
121245
109674
114379
114526
112004
106593
111387
111640
107296
122111
103634
106419
105322
116423
113378
108950
109961
115765
119793
105487
104814
115519
110764
116794
108792
114702
105322
107597
109419
108875
103813
118968
124389
124446
106268
106686
120700
124389
106268
112280
119765
104889
113634
100828
112965
107470
115887
106419
102435
130052
109659
115278
106870
112317
118646
116764
113967
112936
112175
118101
113009
112490
109603
103569
106818
105438
116958
109961
105487
122090
109442
104814
112426
120755
101008
109613
118035
108004
109419
107216
120750
101641
110764
114036
115247
121892
118512
112251
106729
110376
112004
131300
109376
100479
110610
106870
119885
112174
119149
110701
107296
121422
110610
115765
111617
107628
114483
120053
112384
119881
106583
111660
113552
114568
109659
112062
122516
118798
114231
109066
130836
101008
103634
115271
106726
116794
101532
101008
112537
127792
109442
104889
105903
115765
117511
112309
104605
117627
111322
117336
121394
117435
122967
107229
98775
112818
116610
102122
114702
114814
107918
111667
116487
110690
119199
112518
110610
104180
121430
112079
101641
111617
108286
118607
110255
110764
118750
116958
106870
107470
107827
119623
103586
120898
108157
129119
106789
115197
118893
105441
115416
107949
117435
121346
122756
104377
112309
116112
111640
113009
106268
118101
110711
102322
103155
113611
110610
115484
115076
109603
106818
131822
116542
105441
103963
104082
117004
122060
111660
114483
112227
115076
102322
117302
106182
112140
111494
116112
106686
128712
98595
108636
107470
111660
119134
110610
104082
107918
104706
114658
114539
108875
117065
113552
128439
112174
112537
112227
104801
102435
110610
111660
104180
104814
118750
118750
121349
103708
113634
111378
118092
114156
116487
119863
115416
117135
109354
113669
112004
103813
109659
117267
105903
116603
111695
119565
117435
114961
122934
117267
100479
115404
106583
110134
107883
110848
111315
114961
104023
115529
103155
105951
108475
107283
101641
119502
101929
123784
123814
117065
120700
120400
120053
108463
107040
106593
103503
115404
116794
105683
120363
119230
106593
123908
110566
113063
126537
105507
107883
105541
112062
115519
114483
122801
98775
112079
112490
113177
98775
119285
112921
115228
119579
109674
105617
113009
116764
139321
108636
107181
100934
128311
115765
117725
111069
111667
109033
110376
113270
106726
128193
124162
116423
125443
113646
103813
129806
106729
108792
108157
112251
111918
112079
106419
108552
107392
116056
107040
116764
107883
103155
112251
114539
108475
114196
111744
116635
111315
113767
112518
107949
103586
103634
115679
105541
112251
113177
110701
116433
118694
112309
116433
107883
110757
117140
108157
103503
115271
115202
116433
110515
112518
103503
120253
114620
117065
105441
101532
115543
112382
116202
117590
113967
108950
134970
111918
101120
117590
124525
105438
112568
113063
106686
108636
117658
114512
111617
100828
109004
114352
122219
112384
112818
112818
113020
117197
122563
119164
103708
120011
102130
109023
119285
105903
125317
109310
110362
119932
125687
109674
119793
119038
115887
114257
117435
105683
124295
118487
106870
109004
111640
118750
112079
111069
105617
112426
119806
103569
101532
108898
123723
110063
129028
109419
107883
109547
120610
97167
125910
111081
113009
120378
102435
101532
119694
120700
104605
114961
110633
113646
103161
119765
116414
104814
122000
112120
109310
115885
110764
117704
109004
112120
107949
121346
124261
108229
109937
118512
121482
121349
114658
113634
103708
111322
126312
113145
107949
106686
105487
104801
100934
114620
106268
107283
103155
111387
106583
112797
110757
104605
105322
124295
107597
110515
114658
122932
118098
109354
106870
116542
108286
118968
116764
110566
107470
109310
105727
110798
108950
112140
118962
112818
118523
107815
105339
103634
114702
115485
103586
115768
109613
106383
101008
110566
112507
107827
122953
117254
115228
111069
110848
116683
117004
112317
112317
111190
113020
122932
114687
125222
118035
115735
116423
117140
114512
112490
107229
100828
105617
115197
129926
107181
102122
115416
114030
106215
114702
106383
108898
119488
119881
122946
105322
108636
118886
107628
109613
119048
108636
105339
119230
120983
117406
126930
103586
113129
103634
102206
115416
105683
111322
117362
122150
120378
124295
106818
124683
106729
112936
113552
111918
111660
101929
120465
114658
111918
105617
119253
103161
107229
114620
110701
115228
103503
122008
116056
109676
109419
124095
107949
112309
125145
121628
106182
122320
110362
101641
107208
104605
122192
106158
114030
108453
104180
124700
115278
106268
116056
109386
114257
107392
103586
112280
114658
111322
111617
112120
112797
109659
121422
117140
113129
104889
108453
112280
112280
114658
106383
106726
114512
114248
110515
111387
129706
100828
103161
112174
119565
111640
109386
116764
109961
109033
113767
109419
98775
117674
125033
118487
114352
114539
105951
107283
126864
118219
123248
110515
107470
113920
113967
116202
114512
119985
124111
113747
120750
112797
100828
116202
108463
109613
111744
123976
114513
121268
110218
113767
115485
124443
109376
115000
114702
111322
113552
105487
109937
112742
121882
109603
103813
109442
112280
118470
119048
120465
106726
104706
109442
109613
104377
113378
106583
105339
97167
106383
113003
107815
113270
118878
107019
108898
114539
110798
103708
107815
112507
112309
112797
115076
110690
112280
100934
103503
118255
112518
115484
110376
105441
101641
126110
116542
108950
119765
103569
123076
105727
110610
109066
112280
114688
125654
110376
112062
100479
110218
110959
120387
100934
113069
119881
107918
111378
111387
110566
105951
115197
107181
111378
113767
121336
117482
114379
105507
123203
117674
114620
110255
107815
117099
115484
105339
123801
118878
102435
106729
112174
125235
97167
109547
116764
109419
115149
114248
102206
112604
104180
119149
112120
116202
110362
103569
117065
114814
130222
106593
116433
123076
105441
112287
109376
109613
111284
114415
109659
117506
104377
100828
126830
105617
115149
109419
120053
113767
107229
107296
107392
119352
105617
114688
109961
103963
115895
108286
112518
112568
112742
116719
107470
111190
105951
103503
112079
98775
115076
110690
115765
113157
111617
112309
110690
105903
103503
101641
110757
117267
103634
112518
122603
108792
116414
110362
107597
118694
115337
104801
109961
109659
109354
111190
115076
118607
119164
114688
116414
125021
115484
108950
115885
117490
108875
103503
105903
106158
113552
123009
104889
114512
116316
105683
122219
98595
117756
119423
112921
111284
105339
121882
112382
103963
124700
110362
112227
114658
115271
121029
107827
116877
111494
116648
114876
101532
105438
107208
109023
122219
118757
110959
106818
104801
103586
113634
107815
110255
106726
141610
112426
105903
104180
101641
104706
112965
126410
106686
118219
108004
110255
108157
114395
111667
101008
119533
104605
116958
120026
112382
102130
107883
122551
104023
106215
116794
105727
97167
114526
119164
108950
111284
119149
119863
128912
117725
116958
108453
115529
104706
124836
112897
110757
106182
107208
113552
109066
121029
121227
110255
98775
104377
121399
119145
107918
118694
112280
118039
117369
111918
122424
112280
126635
115416
114395
109033
119314
110515
119565
116794
130447
124237
119782
113129
112897
101532
109613
101641
109376
108792
119145
98775
110515
125829
108875
107208
126642
113767
117324
107208
103161
113611
118957
117394
110218
122219
118324
110757
112518
112537
101120
129438
111315
106419
112140
113611
101532
102435
100479
106182
105487
106818
116683
117725
106726
113669
103586
118470
105487
109033
101641
124261
103813
115679
115337
117490
120700
106583
107470
101008
112384
117674
105903
110566
118092
109376
119932
111378
117490
113681
110134
108552
120121
104082
109354
109004
105339
104082
122934
108463
120447
117341
110690
105727
116112
112426
124111
116542
107208
132913
106789
114814
119900
122166
108898
109033
110362
111640
112309
107208
111640
117756
110255
105136
115776
108552
126284
120133
117435
108792
120363
109961
104814
117065
106870
111315
126988
105322
117341
109603
108792
106419
112174
100301
111824
112004
112120
122268
115416
105136
114568
107229
109004
119502
109547
100301
119562
103963
106818
112079
103503
122090
112936
125235
101532
118512
116610
111387
105322
115517
119314
105441
105617
117615
105727
103503
111617
113129
119533
109310
110530
110376
114231
107883
105617
113669
109023
105487
114702
106182
123076
117511
110566
117140
106383
109310
107392
112287
100479
114483
123121
119985
108792
110218
104082
107918
112507
100828
104814
108157
128428
115768
114658
112604
113129
103569
112175
107883
118002
105339
113157
113177
114036
106726
102322
109961
106419
110711
130449
112897
110530
112140
103586
104814
115887
117254
121729
109419
122166
112897
111284
112518
113145
110764
116112
101008
127917
125713
114961
123673
107949
97167
105487
110362
104605
114658
117267
119134
111617
117336
120476
115484
110376
109961
111695
107827
112280
131070
109419
108552
111378
110362
102206
109547
112897
115076
106268
117362
102130
102206
121394
106419
114814
124700
111190
116764
128130
97167
106583
107229
120898
101008
111315
112518
125012
108453
119533
115228
112175
125713
112518
116316
120053
114257
113767
107296
116683
120216
112537
106870
100828
107019
124964
114513
118092
110757
104377
112120
101120
129532
113270
109386
111081
111667
111744
112936
113003
119559
120734
119881
110255
111640
108229
114257
120734
123673
115000
111284
110362
114620
118632
117267
115337
114036
101641
102122
107229
105322
107229
111660
114231
106593
112568
127673
107208
112568
108898
100934
112507
108004
104023
123146
118487
105507
117336
107918
103708
110376
97167
120011
117267
113270
109004
121482
100934
115337
116423
117302
116285
114196
114415
108453
111387
108229
117336
109659
117065
107949
120911
105727
115202
117341
118962
120391
121899
105683
113157
109676
114051
111918
109961
102435
122008
112818
110757
108636
109547
115887
116316
118757
110566
112174
137729
113528
113003
104801
138605
107949
121422
107827
117394
107283
109354
100479
105727
118255
112120
106789
112079
119145
103708
101008
110566
109547
119806
114483
106383
119423
102130
113446
110566
100479
108286
111081
112004
121516
120020
104605
112004
107229
117004
109603
117704
107040
113611
120253
119230
112742
114257
110530
120883
107216
108157
110362
108552
118098
100301
109419
103569
111378
120387
115485
121482
98775
121351
115735
119149
118035
113634
111387
108463
118386
110711
117674
119437
110566
102122
110848
109961
119230
111081
116653
106818
106593
112426
108950
113634
117482
115859
107918
112507
109310
120434
109442
121899
120465
114876
119361
112140
104605
114688
111378
111847
117369
126674
114051
119932
126922
114539
126635
112921
108463
110362
106593
104706
116414
113270
107019
123908
122148
105507
106870
120133
98775
104377
121008
108475
109408
112120
115885
108636
102130
112507
114231
118670
107470
110848
102130
122086
114961
118646
108792
121899
118632
109310
120898
101641
107827
114526
101929
107296
116487
115404
113157
101008
120996
117140
116635
107392
109674
109937
115887
108636
104180
112287
109023
125829
115765
107918
103155
106726
119533
109004
114687
114051
124683
106215
116755
116764
101929
107392
115735
119881
128490
106726
119694
126920
104814
101641
117615
120168
118470
110218
106383
112227
115887
113069
114379
110134
106593
110610
111284
111378
109659
112797
103813
112742
117756
109408
112921
103503
118701
119149
114658
117302
102435
123408
110633
105507
128266
102130
101008
116719
106419
109659
111695
104605
121482
106383
105441
111660
118632
125215
118670
118098
112507
125465
102206
115228
109386
109376
115485
103155
120253
117254
111315
119361
119352
119782
123814
114483
103963
120734
116764
112742
114513
121729
116653
101532
106726
112309
103813
121164
105541
110063
111315
105487
103503
97167
110566
103963
114415
112818
109033
115735
109674
113003
108453
118750
111322
112604
108295
107918
118470
113145
108463
109310
111378
117704
109659
115776
114030
107918
100479
109613
114395
107597
113967
107296
108636
105727
107815
118701
117615
109376
115337
106870
116603
114395
112309
121608
113145
113069
113646
101532
105339
106818
119559
116603
112317
100479
130070
112309
118798
98737
112897
109033
115519
112140
121464
113446
109408
107392
118386
112518
114231
100479
105541
107918
112568
107283
114379
100479
111667
120400
107827
122953
109419
119932
109033
113378
119562
116202
119793
107296
101532
104801
116719
111315
106158
113009
109659
105727
113325
103586
108004
109961
112965
118414
109023
111847
98595
117254
114257
115337
114395
125329
114687
114658
121394
120750
116285
105339
114352
124159
108792
119048
111660
115776
118957
113611
114231
125804
104801
112309
115202
103813
105322
122320
115679
115416
113767
107918
110255
108898
116112
115517
110063
114030
106686
111744
110362
118035
114231
118002
103586
120387
100934
118477
102435
111640
126890
111081
109023
108950
114568
109613
106686
117336
109603
106593
115076
122516
117267
118750
116148
115247
118512
114594
110610
109354
125450
110690
105507
107040
109659
105441
110530
106182
132172
105951
103586
117267
119793
128346
105438
114568
120133
113747
109442
120020
128921
104814
117099
110848
111081
119164
112568
109961
104180
105951
114196
112797
119939
108157
109547
106383
119134
109419
117302
113767
113325
120121
109066
120898
116635
100479
118039
115519
107628
104706
114156
125003
121474
115484
104801
109603
108229
121464
122756
108157
112287
108463
111387
110711
113069
108229
110376
111378
106729
102122
117490
124936
102122
113325
107827
108453
111069
118607
108792
122150
116202
111617
100934
112227
118968
110376
112309
118954
98737
112251
114658
109004
105617
116069
120752
107918
118512
108463
101120
105951
111494
98737
111667
113767
126901
102206
112921
112604
114483
108950
113634
121846
101532
116683
112921
103569
108898
104377
118487
116056
106593
106419
109376
115228
111387
120738
114526
122946
121346
109419
102206
103586
112797
113063
114248
103634
110063
110848
126966
106583
112742
106419
102206
113528
106726
119361
105617
118798
107019
112251
109961
112079
114196
121846
103963
110757
115484
114539
101532
116683
105683
108004
109310
122932
115735
118954
116493
110255
114620
114563
117369
112004
110798
114876
119198
118670
110566
102435
116877
112251
115885
115543
112382
112818
120610
110255
111660
107216
106182
121227
106729
115973
101008
108229
106593
101641
115278
112317
113069
103503
105507
117324
124111
108636
105136
110798
114415
101929
110376
117267
100479
104023
111387
107628
113967
109354
103155
103963
113157
104377
107283
105541
119623
118101
114688
110610
114156
118757
109033
100301
118470
117490
111069
116487
111387
116764
102206
108295
109408
106870
124261
108157
128912
106268
114196
113967
115202
118953
102206
118957
114352
124191
117756
117140
115278
101929
103155
113669
123391
107597
126284
105339
103708
115484
116877
106726
104814
109354
101120
114415
119145
113611
122836
101120
106583
113069
107918
114231
115679
101120
105683
112140
113920
113129
107918
106729
107470
121349
112309
117756
106182
115765
125450
104023
109004
108475
101532
117627
121729
114688
115679
109547
117362
110530
117590
102206
109066
102130
108552
108295
111069
120898
121164
114257
112897
120476
117140
114568
114248
116683
116653
112280
107181
112251
119623
119164
120233
102206
123814
108157
107392
124237
114687
109033
104180
115895
110757
117267
107470
120053
109386
114594
111660
102206
98595
126988
121227
110255
104889
100934
104377
113325
109547
105951
126021
109023
107392
114688
105617
111617
109023
114688
118953
118632
111069
120283
116610
113552
112140
113967
113270
107918
107283
110362
118259
112742
119230
108636
107019
115895
109354
110701
119361
114702
102435
112604
103813
119863
121154
124658
118219
120700
111824
113446
109937
112175
110711
110690
98775
112490
118587
101120
118607
105727
121608
110633
101532
111284
106158
113747
114814
110515
112742
119285
117435
108295
128500
114702
103708
119164
106383
104180
107815
109386
112309
116958
122268
110530
105951
113177
100934
116148
100479
107229
106583
109023
106583
112742
115271
103634
117267
98775
107216
115859
106182
118324
105617
111695
104605
103813
122166
115543
104706
117674
129305
115543
118750
142638
102130
107597
113528
112079
123391
105487
107628
113611
103813
107019
119782
115278
114513
115859
114512
112174
117565
108286
113920
114594
109547
120996
121227
126988
113177
107040
112537
120700
120663
121164
123009
105903
104023
105438
116112
101120
100934
103634
107597
118002
105617
102206
113446
106729
110764
114563
110701
113325
120911
118670
119164
106158
108004
115271
106789
101532
113177
110566
109354
107918
109676
103708
111695
119559
142197
119765
132913
127687
119314
107283
115519
105951
108475
115228
125670
124295
112604
118002
110134
148742
98595
105487
111190
122836
104801
109961
112797
113446
116316
107918
117511
102322
105441
113767
123408
103569
105438
110610
106593
127931
107918
105727
115337
114051
108295
114961
113611
118957
121227
97167
110610
119230
124483
126795
119985
114036
106268
115485
120898
115076
110376
107019
109310
117511
112280
114658
106818
119520
111315
115278
112280
106419
117756
112818
103586
100934
100479
105903
109376
112309
114568
119863
122828
110610
109547
111847
114526
106419
107815
121164
115885
106419
108875
104889
116653
106583
109310
103963
108463
120455
123739
114594
118470
108004
113129
114814
119885
113325
109033
119230
116148
107827
114658
105438
124389
120447
117674
106818
119437
113129
100828
107040
118324
116603
108229
104801
116719
119437
111069
113020
105438
105339
112797
121349
109310
108792
102122
106726
112174
120738
130689
116423
117590
102206
107208
119164
116148
112797
114248
102122
100479
113681
117756
109659
106789
108875
117725
124148
113325
110848
122639
116316
112251
113003
101641
112818
117658
112062
105441
119361
108898
125910
112120
104706
101120
111315
122967
112079
117725
117627
107216
105727
101929
105507
120216
113145
106789
113325
114395
106686
117324
115202
110633
107918
108229
119253
112317
112965
110566
105903
135559
98595
107470
118039
100479
110134
105951
101532
116148
98775
116603
115404
118386
105322
118886
114051
109419
111847
116542
104377
113611
111824
104889
110255
118954
110690
114658
105507
112818
109613
112490
112507
103963
105617
117725
118953
108463
114030
105322
112490
111695
107949
103569
113967
119932
118886
102122
113020
117511
106729
103963
105339
126635
108875
115000
128367
113681
129978
110530
113157
107470
119559
109613
115485
110063
112604
119815
114156
123673
113129
106215
117704
109613
130286
115887
112384
110362
122377
112797
127673
121029
106593
114594
119782
106419
116148
104801
107815
115337
114512
110798
101120
125003
108552
106158
106729
105487
117511
105136
110515
118957
105507
108792
113446
116148
122836
107296
117362
114352
113552
117267
122008
110610
115202
109603
106726
107229
110798
105507
113145
113009
122953
105951
120026
101532
106215
100479
111824
121429
114961
110959
114658
107918
117615
121495
124261
115768
112797
114036
113634
115679
115529
119694
110848
114395
107949
115404
116493
105683
107040
114563
117099
112936
111081
134607
113446
115416
111081
110798
111617
106583
112287
112921
106870
117369
125069
107392
120026
103586
105487
112317
103569
112280
118259
103963
129440
118324
109004
104814
97167
117627
123723
100934
110848
105683
112062
119793
104377
117506
121722
100934
114814
111824
116635
110757
102130
110134
124509
109603
119765
116653
101532
105617
116056
106182
122377
120020
114196
107019
119623
116112
119932
103708
100828
118646
112280
113552
127929
104023
120883
98595
109961
98595
107827
111069
119533
119361
108295
117341
130449
104706
107470
120883
109376
108463
108792
115404
103586
110711
107019
114379
112507
117756
107392
106789
108636
112004
107815
105136
115885
116603
115529
120168
107883
122086
109613
117267
118632
116635
108453
129926
114257
107229
120888
117674
113552
121608
109419
119881
101929
103813
112897
106870
108636
122516
116635
119134
108157
110610
103586
121227
115416
114702
106729
112309
118953
110798
111190
118414
109004
112004
113069
113270
111847
117362
120752
110711
102130
105951
107883
106419
109674
114051
114513
109676
104082
109004
110255
115543
104814
107216
123509
111190
113920
104814
115337
111387
122932
118512
118512
109603
113157
126988
111284
115416
119793
109376
97167
115197
112426
107229
108463
103586
109676
115076
119520
121394
109442
116764
113177
109659
113747
107827
107040
105441
104377
114658
109033
118886
111695
112965
117406
102206
101120
102322
110566
105507
122128
100479
112140
119361
102322
114156
106419
113552
112537
108004
106818
102435
116877
102435
119352
113528
110530
108453
112537
98737
105438
116493
107392
115768
116603
120391
112518
117324
112175
101929
110530
106686
119815
109023
108004
105951
118957
105683
106583
106726
118962
114814
106729
122175
115000
114620
102130
105438
107040
102130
105727
120476
107019
98775
119890
110764
106818
116316
115776
119199
110610
122836
116755
113003
107918
118670
116148
106268
124910
113920
105617
116764
116112
134739
117267
103503
118470
107216
125215
107392
119939
108286
107208
109023
112317
110610
103813
111387
111744
104180
110134
109674
126537
107918
116755
105903
118487
107216
121986
110362
113157
104814
101532
107296
103634
109004
105136
115278
112490
106726
114483
115735
114568
107229
112537
116683
122008
111387
116603
112568
107949
100828
115735
109659
112317
114620
118523
110255
113681
114036
115517
110798
110566
111322
120691
111081
105903
105683
122934
113611
100479
106870
104801
105617
109354
113528
105727
115228
118098
102322
111387
112317
107208
110063
107040
106870
108295
111322
119890
114196
122563
117590
116958
111660
113611
117254
113003
100828
108463
118798
111847
105507
114876
113177
113157
119361
122828
114156
108157
98775
101929
110362
110063
111322
115228
121846
121399
125222
112309
120888
105951
108453
111069
105951
104180
116414
105322
100301
106268
103569
104180
117725
124483
111660
116285
109004
103634
112382
112062
119806
122320
123784
111744
133772
122377
105507
111387
121517
112742
122320
118670
114688
120391
118701
103503
118646
111824
111824
140949
109937
110134
112518
112062
118300
108286
114248
106215
103634
119533
106686
112797
107883
122192
119048
106419
110515
115278
113063
133112
102322
128346
111824
117435
110757
111322
103161
110530
105438
105487
122150
117267
110063
107392
105487
105683
115485
125237
105541
117627
107229
106686
108229
127000
114415
98595
100301
116542
112287
112062
111081
108286
110690
104180
116648
111284
111081
122551
114415
109066
117435
109961
100828
105951
103503
116414
117004
115404
115076
102122
105507
110218
112062
110530
107918
119149
115000
109613
108552
108463
105136
114620
106870
116794
119352
117197
119488
107597
107918
112818
118002
111494
109023
107296
114036
112062
119149
107208
105438
115859
133546
106419
112280
108157
108286
105951
106726
112965
111617
109674
108453
107229
103708
102130
105727
103586
105487
116542
107470
115679
120011
117135
101929
104801
115247
109310
114702
125237
117565
120387
101008
107040
102206
107918
104706
101929
106419
100934
119565
100828
106158
114352
109004
106215
114526
108792
107918
106686
119694
119488
108453
119352
122639
106419
104889
113528
101008
114688
103963
115859
122557
113920
110566
129892
106789
121164
118670
105441
112490
120283
110798
109676
116056
100301
116683
132388
125444
108950
111322
112280
105683
110711
115529
111322
104706
118101
108552
109033
112384
115885
111315
111081
109310
105339
105951
117362
116794
109310
107815
117658
103963
112317
97167
121351
118219
123908
120883
112797
114030
105541
104889
110218
108004
111660
107283
113528
118300
106182
110757
98775
111918
107918
115543
106686
104801
120447
115247
104377
106158
112965
112518
110798
112140
108004
107181
101532
109603
124128
109442
100828
129440
104889
113646
115768
115278
101008
113378
102130
103708
113003
102122
98595
106870
98775
124936
104082
111387
111667
118487
108229
125317
106583
108636
108004
106789
112280
109376
98737
105438
117099
110063
117324
113920
119890
118954
121399
107597
129305
117756
107470
122150
117362
102322
118092
110218
111190
118101
114688
112818
112062
119806
102322
103161
106818
103963
117267
106215
106729
121154
109376
118523
115735
111322
115543
101532
115517
103569
113669
120020
112309
116148
98775
106383
110690
106268
114512
107918
105951
118523
129082
115247
108636
109310
126209
113920
107597
126966
124509
110376
109419
114513
117482
115973
113157
100479
115735
118300
116764
113669
103503
107392
111695
114513
120121
120447
106182
115887
115973
115768
110376
116635
106593
111315
118324
103586
124658
114395
104706
112897
103161
113177
105617
109066
108950
103708
100301
127302
111378
117267
109033
100828
108295
110376
115149
119134
118035
100828
112280
106268
124658
115271
106726
102130
115485
113020
101120
119806
123185
112426
109004
101929
101532
113747
120888
115278
117674
106818
100479
108875
114352
114156
103708
119782
116316
116423
108453
106583
119164
106870
113009
113009
118523
118324
114539
108950
121245
106593
111322
104706
105441
121892
120400
114231
106729
116653
119164
120283
113177
113528
105136
108004
104605
109004
106789
107216
118968
101120
109659
120011
118098
106215
112227
117369
110701
104605
105339
115517
105727
114512
111660
100934
112568
115247
115149
118632
106215
116316
112921
115485
114702
112384
106215
109354
124658
105339
104082
110690
126712
113270
113063
112604
119985
108286
98737
105683
108636
122060
117565
111617
102206
101532
112936
105322
118300
114539
112568
119806
110701
108875
109676
108636
106789
105507
121517
107208
121464
104377
113009
120283
114563
115895
112426
121517
104023
123673
108792
107296
109603
144750
114526
113747
108229
102130
113378
100934
109023
109066
98737
112175
112062
118477
114658
120752
105507
111640
109033
110530
120996
107392
104180
110362
122175
102122
100479
107392
108286
101532
116719
131300
123509
108295
111069
112251
104889
115197
110376
109613
114961
114196
114483
103155
104814
113129
113270
106726
111824
115228
125955
118255
107181
105322
135280
106215
113270
112287
103569
105322
113528
118962
106593
121346
111918
97167
98595
116603
114687
109033
137903
114036
110701
100934
119488
108229
101120
124261
113020
118798
102435
114030
107296
114483
122166
120700
104605
109066
106870
116764
108295
116648
101532
103708
105507
117565
111322
118219
106593
105903
111617
126161
104377
120253
114526
107815
117140
109066
102122
113646
112062
112568
111190
110633
102130
111640
106729
105903
104082
130222
107815
111315
102435
114814
104801
113611
115149
109033
110566
109674
103503
111695
110566
111660
107628
111847
110362
112490
113552
102322
100828
110063
105339
114231
105951
102122
108636
115519
103569
118954
106419
109613
113003
121517
118219
110218
102322
116755
107597
121245
126795
111667
108475
110959
120996
108295
113669
107216
115000
117140
110566
104605
114231
114594
130984
121173
116603
130747
138605
104889
115076
98775
114961
104377
112309
111660
112936
109408
103813
110515
117725
105541
110566
101532
105951
107918
118098
114512
103155
116635
116719
107283
103963
114688
115543
103586
108898
120020
101929
104377
104889
121729
114379
104801
109442
109676
107597
126026
118255
111378
117565
109547
111081
120983
118607
111322
108792
110376
105487
112120
105487
102206
113747
122557
109674
122377
108004
105136
106215
107296
112384
103155
103161
113325
101641
106383
105541
114702
107296
112818
111069
118968
113063
106686
111494
110764
109676
107827
121346
107597
98595
114526
104706
116635
104801
117004
106729
112921
108453
117065
100301
103503
107229
112936
117511
115735
108004
109354
117490
115416
106215
110701
121429
112936
119488
116794
104889
105951
103634
116764
111315
109376
117704
112382
114231
113767
117197
107181
120391
105322
112382
136283
110063
112897
118386
119579
114483
115885
112227
106686
111744
113920
133271
105441
120216
109961
112384
114051
102130
115776
107040
100828
103161
117324
105487
114688
114563
106419
118523
103155
113747
113775
117135
111387
107181
103569
121516
117435
111667
107208
114620
105339
112120
107918
104706
98595
114814
129305
106593
111695
116610
112568
115416
107883
102435
113634
108286
98737
106729
113611
113069
113681
110362
111190
115519
113003
107019
105903
111322
118968
112568
105507
105541
105683
113145
113611
120128
114702
98595
108792
105617
112004
120911
115543
107918
109659
110134
98595
125944
124509
114526
106686
114231
103155
120983
114620
104706
109961
116493
107815
97167
116285
109023
100828
105487
109674
124261
108229
116285
112175
114563
124443
110063
98775
106593
103634
118523
118954
114395
124525
124261
107283
114876
117725
118487
107216
118962
109676
108286
117302
105951
116414
112309
113069
110711
100934
103708
102122
119149
105136
110566
113634
118477
113020
117511
106686
107883
109676
113069
109354
113063
105617
115271
98737
122563
107470
107283
127931
112604
100479
108950
107815
106818
112251
118893
119765
107918
122828
112797
123417
107628
113747
110633
116635
107815
112227
111918
110218
115885
106182
119285
109354
114051
106583
111284
113446
119885
105441
112140
134674
111667
116719
108875
106686
113270
110959
122156
115197
101008
114513
122551
115247
112568
114688
122836
114352
119815
111315
106182
114702
101120
103569
107208
104023
108636
111824
113681
106419
117065
121268
116493
110362
108004
128712
117506
113270
104801
118607
113747
119565
120883
106729
106726
120053
104180
102322
124082
120233
120738
110515
107040
107918
105136
107040
114415
101641
107628
127931
103569
110376
115768
106583
109004
112490
123784
115679
106383
113270
114687
119149
119890
100301
116056
115076
108636
126273
116958
126210
113681
101929
111617
124148
101641
108636
109386
119559
115202
98737
97167
108004
100934
121892
113634
104082
103155
119164
125745
123408
116433
113920
109937
121422
119562
122424
109674
110848
111387
107040
100828
116316
103634
106215
117369
119199
117324
129872
122008
137601
107019
122934
119361
108229
118259
114961
112537
111695
125215
111378
109066
98595
119885
124509
110566
102206
109603
112062
100934
112120
110701
115485
104889
115543
106726
103503
110610
101008
108636
105322
120283
123976
107296
119361
107918
113634
102130
107283
107229
117254
105339
108475
113967
113528
106789
110959
104814
109659
110566
103963
114658
104180
128574
110255
105487
112537
116794
107208
111847
112309
109376
102206
103155
110530
111069
119559
113669
113325
101120
121882
107216
100301
116877
116487
121986
112604
104023
110764
113634
103634
116433
125670
110515
113446
110959
115484
110764
112287
111667
110798
109547
102322
103586
107296
98595
103569
109674
112936
109066
109419
100828
111315
116683
120121
110690
115271
118701
130286
109674
115416
107827
109004
103161
120883
122551
108004
110798
120898
115887
112175
105322
112227
108229
106789
106870
108295
122801
126345
110530
114036
104377
120128
115543
121245
127873
113145
118098
113611
110255
105541
121429
116755
107949
106158
105136
108898
112797
112062
98595
112175
122090
112797
110566
115885
106583
107181
104706
106419
104605
111918
115247
106686
108898
118002
110633
112742
125181
112797
119782
106383
107208
117267
104889
114620
105541
104180
117627
127585
112120
110757
121154
111315
111695
114156
100301
119361
126890
118893
98775
115529
111387
105441
106182
107181
108950
116433
114379
109004
111378
109310
116433
101008
110633
122603
120610
126410
123009
124162
116648
109033
114702
134703
109419
117506
109066
105903
119793
112287
111617
100828
111081
103569
110063
113920
116285
115973
112568
111315
107827
121482
117197
116202
118512
97167
116433
101008
122946
103708
123009
104023
106158
118886
111824
115895
109033
110218
112490
111387
119048
98595
101641
103503
105441
120752
110610
117267
134242
107883
106383
101532
106383
104023
111695
101641
109408
123723
115517
119164
119253
111069
119145
106215
103161
109442
100934
97167
105507
123408
106158
125717
113775
110218
113157
119890
114196
102206
106726
111069
105727
117341
112309
110633
109023
108475
124191
106726
109674
118587
107208
113669
101008
104814
115149
106870
102122
106729
114156
113552
129806
111660
112062
115519
108792
106215
103161
117324
115765
109033
105951
113920
113177
114395
104814
112384
102435
105441
114688
109613
139258
112936
104889
103634
108004
107827
123121
117511
113378
116433
117099
106583
116764
117065
98595
100301
102122
124509
117565
125507
110063
118098
108898
125471
119623
112490
112490
119285
106182
108463
111918
123670
114563
115416
100479
113747
109408
123570
109310
117254
106215
106419
118255
110218
111190
128900
114658
117140
114702
111494
119932
112384
114876
125644
106419
118646
103503
104814
123248
105903
123794
118954
121626
105136
110757
118092
110633
110848
116542
115485
107815
105322
118092
101929
112287
120053
109419
108792
102122
105541
107040
110690
106383
120216
104801
103586
107040
108463
115076
113129
113020
111081
107040
106583
100828
111284
115484
117590
112797
109004
121430
104377
106729
126886
119048
107296
108552
122156
113611
129706
111378
103503
103161
107628
131725
107470
106215
112897
111494
114702
106686
115076
109033
114513
110566
105136
111695
112140
106870
118893
104605
117565
103813
110690
117065
100479
117615
112309
110134
110764
126642
118386
116764
115149
119939
103503
119048
112897
115149
111695
111494
106726
116202
117590
110764
114483
111847
112309
115765
122219
112079
114395
119361
115679
108475
112537
107229
126553
106686
116423
104377
108295
98775
103155
119164
114620
116493
121430
112309
116653
116056
104814
104605
109937
128925
114687
98775
111660
117267
128375
117658
115278
103569
116423
111617
109659
112079
111918
115271
114051
103634
120133
114594
111640
113681
107229
104180
117394
108636
123009
103569
125465
110757
114415
113177
107918
130933
103708
115859
114051
101532
119520
116202
114876
112965
113967
113920
113920
117658
103586
108636
109386
109023
107470
109310
118607
112227
105136
122175
125606
118694
105541
105507
107815
117197
113129
102322
116433
119579
109310
108286
117511
111494
102122
104889
115973
111660
113747
112175
126026
116433
101120
117254
109937
106789
106583
107628
106268
121164
105683
109547
112965
107949
105903
107918
113003
107208
103161
116764
105438
104814
125829
111744
111378
103161
109023
105441
118219
107918
98775
108475
106419
112382
125012
116603
110633
114231
112227
113145
116202
117004
105727
107628
107597
101641
108463
117725
113063
112175
113145
116719
116148
119048
105322
113177
98595
118098
117302
115000
117197
108286
112287
107597
101008
111081
104814
120434
102435
114526
119314
104180
112818
109354
108475
139885
114539
112490
112507
112490
112079
121008
110362
107019
113129
108229
125364
98595
125687
126388
104801
113528
105727
100934
122620
114961
115228
109376
106419
113020
114395
118324
125069
112227
106726
141460
105507
126886
106419
136663
110530
105322
102322
107181
106870
108875
129438
112382
126235
105617
112280
108157
124700
119145
114512
122219
114483
110218
127297
114379
111315
104180
117511
98595
105507
121628
117302
112309
119520
109310
109419
105617
114156
104889
106268
112140
122603
126553
121986
112897
116433
103963
120738
105441
110218
117435
105487
110134
117674
111284
111918
109033
104023
117341
111660
102206
113378
113767
108286
105541
107229
126396
112004
102435
110376
119198
117065
106593
108792
118968
114702
109386
134558
118607
124509
105339
113009
116653
106383
112174
109066
118324
115228
109376
120400
114688
115149
126922
110633
106268
120233
107918
100301
107181
98595
118523
109033
115765
105903
110255
106419
107283
110063
118255
111378
132245
116603
122219
100828
114702
104023
118646
109419
106789
106383
98737
111322
116794
116610
117065
103963
108875
109023
111617
119164
111284
113446
102206
109004
114030
127792
133989
121986
113145
108552
114688
109354
104180
107208
111695
106215
115337
114512
106583
103569
108295
101929
108875
122953
105951
109354
106593
111847
118259
108552
122128
108898
114030
115776
113129
129440
112251
109310
120750
103503
102435
131213
137550
105617
103963
118701
111284
106182
114030
101008
111824
120216
108898
110376
121399
105507
108229
122801
111667
114814
116414
102130
109442
106789
119352
111387
113446
116877
121892
123391
100479
110764
107208
115149
126026
100934
106158
112518
107283
102322
101120
114395
120168
112227
104801
111322
123723
112174
111847
125237
104180
102322
98775
113747
116285
108898
108475
114512
109023
115228
107216
103155
106818
119145
113157
111494
114658
113646
118512
123670
112965
105441
113003
100934
108475
110566
105322
114257
115202
103708
108636
111322
109603
111847
122219
104180
117336
106182
106158
121626
105441
103963
106729
110218
122639
112568
112568
103569
104180
104801
106726
109442
114030
114688
114257
115271
116603
101120
112537
110134
117197
109310
114620
110566
123203
110701
118002
110376
111387
104706
113920
106583
112568
118101
114814
110701
112317
114688
126210
114512
110798
112936
101929
109310
113145
104605
113378
118512
106726
116794
108636
105438
109676
112965
134985
116414
112818
109310
122150
103708
107628
118101
115278
115517
103813
118487
107470
111069
113177
105136
115887
107229
116316
109376
111315
106686
138599
112309
102122
114658
119149
105903
108157
112280
114526
110134
100934
104377
111660
107949
100301
107019
122166
118219
118035
107040
109603
110633
110711
120983
116285
121245
103569
102322
107296
114196
105507
104706
121351
98775
106215
125383
113681
115000
112287
102122
112317
123203
118092
112251
119806
101008
116648
115404
113552
110757
101120
101008
116493
114814
111494
113528
121346
115735
126273
112062
110063
117324
115404
110764
105322
112004
121899
104814
111824
114513
112965
113446
118670
106789
118414
124446
117004
115735
105903
98595
107019
114539
108157
120750
113020
114539
107470
112537
112227
110610
114658
106583
106593
114539
113446
113669
112062
118259
104889
114658
107229
110530
113528
105438
129579
115484
102206
110362
107815
115202
110566
100828
109004
114688
113378
119985
106593
120983
108295
100479
108295
112897
125237
117725
115000
107883
105617
115228
115517
107470
113003
109613
110610
124040
104605
101532
115735
122424
101929
124261
111667
107181
105617
109937
114036
114876
101120
119939
112936
115202
110959
110063
104814
115517
116764
109033
110848
112897
135342
112004
106268
107019
111847
112280
118523
104023
107296
112140
107181
109386
116764
111069
114658
133812
110701
105903
111322
104082
113528
111378
117341
116653
115149
106419
110362
113767
124655
128346
109066
109659
117302
128222
98595
105487
108950
100301
119352
98737
114395
111378
112518
104377
108453
116683
114483
122836
122150
116755
111640
109674
110848
119423
106182
113157
123665
108463
98775
108004
109937
107283
111660
111617
116635
104605
104023
103503
98737
112518
115543
104180
113528
118470
112384
112004
115885
101532
113378
104814
105903
123391
112568
108552
109033
122175
117704
102435
117336
102322
117324
121651
110959
109033
120734
103155
110218
112742
121268
120168
111315
112818
109408
113325
98775
112309
113069
115000
114658
105727
104082
110848
109419
111847
105339
110701
120663
114688
108229
106729
107628
104082
101641
105617
107296
116316
112251
110530
100828
111081
112936
104023
104377
122620
108792
114658
108286
115679
115517
114051
116877
117674
121846
112797
113669
106789
105541
114658
111640
111494
110063
117336
98775
110134
121346
104706
122935
113634
115765
105507
113920
105541
108453
120752
118798
109310
123241
102130
124509
120216
111695
103161
115076
111640
104889
100934
103155
110376
107040
112227
112921
104814
102130
107815
112079
105441
121474
121986
115517
112227
113270
105322
115519
102435
111660
113325
105617
106726
126026
115485
114539
104801
116056
113378
120283
115149
118694
117254
110218
112004
107918
110690
108475
107949
107918
108898
120121
108453
106158
118523
106789
105339
125717
102122
116112
112140
112079
103963
103586
110376
110690
111494
114030
109023
114248
110959
121517
116635
125450
102322
106686
117197
113009
118470
101008
107392
123058
113528
115484
113020
115247
102206
108792
97167
116069
114352
113129
107918
108004
111190
112175
98737
110848
117267
110633
111081
118101
107597
108157
105617
113270
112227
120400
107216
114030
107208
110848
111190
104605
109004
110362
105683
113069
101641
122424
114512
122156
107628
102206
114702
111660
113634
116610
125002
115543
107949
108792
115278
104814
124040
105727
104801
106158
118098
110218
124655
108475
117324
112537
105441
110515
104023
116316
103634
114196
114658
109547
109961
106419
107208
113646
111744
128603
110362
112936
105339
125910
114568
125967
117615
102130
109603
107216
107815
117725
107918
104605
105322
104706
109676
113003
106686
116877
126209
112936
113634
112382
104023
106870
112382
120610
111378
115202
107296
116610
120610
103634
102122
115228
106268
110530
110134
120391
109408
121394
109066
109676
107216
105683
106686
109659
116603
126388
112965
113552
122603
103586
119782
109386
107883
107019
110218
115973
109442
111640
121336
114539
114257
98737
112280
109961
106726
108875
115679
120898
115768
113967
113967
106686
118523
111190
107296
106818
117065
115543
114036
111640
107208
109376
106583
106182
118893
113325
101929
111315
113681
111617
105507
109376
107628
109408
113145
116648
111081
109386
103708
116285
114568
110798
115416
109442
105136
119520
110757
114248
107229
98595
107628
122932
114352
105438
105683
106726
101641
115529
117394
112309
103813
107883
107229
109023
108898
105339
112384
120128
110701
102130
116755
112251
107883
112062
112426
109547
112309
123058
107208
107019
100479
116542
97167
124040
112382
107216
115973
122090
110566
104082
111494
107296
112175
107181
116653
111284
110610
109386
115517
102122
105903
115519
109613
109310
122563
112936
111322
111640
106593
117658
120168
105507
122603
115076
115485
114961
117627
106729
113767
109004
105683
116202
125002
106593
108286
103963
110701
110711
102206
106593
121268
112175
110633
128118
103569
112604
102322
118324
124525
103569
113634
112568
109613
108792
104082
108898
119565
120253
115076
118477
112251
101641
122090
98775
110757
112280
107815
103708
106182
115859
104082
108295
147748
117065
133546
111315
108004
121729
112004
108286
100934
106686
112120
113528
125414
102435
112797
113920
103708
114156
115000
106729
103586
114620
105683
114526
109961
113270
105438
108898
114513
113009
126922
109354
112309
118954
117197
104706
117565
104082
107918
124674
115485
105136
119885
107918
118477
118300
121394
117362
121464
107918
111660
132468
122219
106182
120216
116764
125804
120133
108475
115543
100828
104377
121516
115000
105438
109937
113920
110757
103503
105951
110757
118092
116755
128439
112490
119579
104377
109408
122557
117267
124847
125145
117615
112921
104180
124082
113528
128054
106729
113003
111190
117267
119488
125910
105441
119038
103569
107229
115278
111918
122756
120691
118414
106583
119488
117506
114415
114687
114563
109937
114415
111069
107918
114876
121464
101641
118757
101532
111824
126922
117756
118470
118957
132552
113270
111322
114688
104082
105322
117197
114568
103161
106593
109376
112140
112309
126021
115885
119815
105438
103155
122000
122828
115485
116648
116683
112921
108453
112426
110764
107470
111315
107597
108295
113446
107208
112797
114156
104377
107216
112384
114526
110764
103963
118523
113552
100828
108453
113325
116648
100934
111918
132288
116603
111744
116683
105438
117511
111744
109408
105441
112936
111918
105507
117658
119038
124684
123241
109442
124331
114395
107040
100934
122932
109676
107470
101532
106818
101120
118886
112797
106383
112317
109676
105617
114248
111660
104889
111640
125171
105683
117506
113063
121464
119579
111081
115337
111387
114231
112174
107296
106215
106383
120133
118968
109961
111617
111387
117267
113967
102206
107949
103569
118757
100934
113611
109408
107019
111617
119881
111824
104801
108950
103963
108157
118962
100301
106789
107040
106182
106182
116493
103586
115776
123673
114658
105322
115404
125171
107597
116653
98775
112280
98595
113069
112797
115517
119559
114483
112309
112537
122639
105322
119230
120465
104180
110515
103708
107181
112537
102322
107597
112936
100828
118962
111315
115887
114620
103963
107827
114539
118470
108463
114483
109386
128925
105507
105951
103708
114030
101929
108004
107283
122424
115543
126830
103155
115859
126642
111081
111315
108157
115000
112382
107296
120898
119253
107296
120121
106268
109033
110515
115768
113611
104605
108157
124359
115337
111660
106818
104706
105903
106729
110764
124443
98595
118878
110798
114231
121245
98775
102206
119352
117615
108229
112507
117336
112309
125507
112518
121268
110515
103586
104605
108636
120738
107283
113129
110376
100301
101532
98595
106686
108295
110757
118587
101641
108475
104814
121430
107883
111667
121394
118798
106158
121422
119890
125713
125956
116433
107470
113270
115776
115247
115973
108475
118757
115149
101929
107019
121154
122801
128266
102435
107392
114702
113157
111081
115404
109408
114568
104814
117590
110255
111824
125414
124295
112227
127917
111695
109659
106789
107019
108453
102322
124389
113325
111315
108295
107815
110633
114036
108875
119149
114257
116433
110711
117065
109937
116648
115416
115887
111847
107216
116958
122156
117336
107949
112965
108875
123241
108898
103813
113446
104082
103586
104814
112568
119437
110764
111918
110255
107181
109659
121986
119230
115000
113646
98737
116316
102206
105136
109547
115484
105322
120121
115228
122620
107208
105683
106383
114051
118701
119520
109674
111744
115519
107597
107283
114513
105339
102435
106383
114512
106593
111069
106419
107229
118798
111824
110610
113063
107883
107949
108475
119623
118098
104605
115337
103813
116755
107392
119579
110757
105339
105617
112897
101532
112079
105541
114688
107283
104023
106870
112317
105727
110610
108295
107216
103634
105617
124443
120755
113669
122220
112604
116755
115679
104889
120363
112921
108229
112079
117140
109676
112382
104023
112897
116423
131783
101532
108004
110633
120133
116635
118878
102130
114620
119885
106789
109676
117302
118487
111667
111617
109033
118470
108004
126674
126642
110610
109547
112309
119437
109937
125383
101929
123814
120121
111387
109376
103155
109419
115973
106593
110848
101120
113009
102130
119198
116877
107470
127687
101532
124331
116433
104814
112062
108792
114526
106729
112537
114379
118953
115149
101532
107216
103161
105617
104180
113378
115202
106729
109066
111378
109613
108475
112568
111190
103708
107040
115404
111660
103708
101008
112384
113009
107216
113325
109937
106383
104801
102130
121464
112818
109033
113378
104889
100828
101641
110530
112537
107019
113775
117362
110701
110362
121429
115887
108950
110255
108552
116433
112604
114231
112004
106818
104180
109408
126537
129373
102206
112490
109376
118694
104023
109066
100934
116414
110530
113528
112507
122801
117658
111387
112175
111315
122953
110376
110362
109386
140722
103963
116112
105507
107181
113003
113145
104706
105903
113747
119806
115271
114196
108475
110690
109310
119890
105727
116433
109004
112004
116423
125414
107208
117324
109442
109066
103503
115973
111315
114051
120663
107296
126273
114526
114257
110566
103963
115859
106158
104377
115679
110701
120253
111081
107181
109674
104814
118002
123058
98775
128900
112309
115859
121429
120387
104023
119985
98595
112317
121349
105727
106870
106583
110959
101120
121608
115543
112921
105903
102435
104706
125317
117140
109376
107918
110848
107019
107597
124082
110757
114513
113270
121173
106158
103813
104801
122175
101929
107019
105322
103161
119199
117565
128514
110362
108453
105441
104180
105136
107815
118968
110633
113669
102130
103963
113669
107392
119134
110690
122801
113325
115228
109376
114257
100301
104706
114876
116487
106215
113528
100828
115887
116487
119285
118632
110711
113681
116112
115543
103708
112897
103161
105136
119881
112490
103161
111640
113009
110690
107208
113020
107918
121892
113967
119038
124237
121608
113634
104180
108552
117324
112004
117341
125329
114395
118798
113009
103586
104023
102322
103586
115202
123670
122090
113325
107597
106593
110848
106583
108453
102122
112280
122128
116610
131070
102322
123484
117674
108004
104706
108898
110701
107918
101532
110063
101532
112227
113634
103708
107815
112568
109613
112140
122516
123391
104023
115543
115278
118757
108157
113325
112818
110633
120253
116610
109066
118750
111387
120216
105903
108950
97167
120378
122557
102206
105541
112897
106215
106726
109386
116719
107883
108229
111824
112227
102130
117004
111387
116285
105441
105136
126110
106818
101120
112309
107283
111660
105541
103155
111387
103503
105438
118757
110362
100934
114961
116648
115895
116316
115247
118886
110376
109033
121394
107597
104180
107827
115529
115228
106686
105322
117065
120996
105617
113157
117336
107470
107216
109419
100301
120898
113003
111190
103503
128205
110515
103161
106593
106158
123121
105339
110690
106870
103963
107815
126663
105541
113003
101120
126284
112426
117435
105507
107918
107918
109442
109376
109408
116433
117369
126795
107040
121626
100934
115228
113446
129749
105683
105951
113177
107296
106419
110566
121882
114539
129946
124082
114036
112175
116542
129440
117615
106268
115895
108004
114483
116648
103963
114814
104814
111744
119985
101641
113003
111744
110530
112079
110530
110959
118219
107283
107296
108286
116877
107918
103813
118670
107827
109354
106583
112818
105441
107040
108636
112965
107229
103503
119314
113446
112965
118324
116635
123670
115735
118470
112818
106726
112742
116683
102122
118219
112062
121349
116683
111918
103161
122192
102122
103569
105507
109613
103569
106686
121245
111494
108636
103155
115765
117302
98595
106419
116285
102322
105339
101120
117197
113378
107392
103586
109310
101641
106729
106419
115278
116755
110798
108898
114512
121729
105339
103155
110530
110711
107815
111315
103708
100934
110610
105541
112897
110701
127673
112140
101008
112227
103963
116148
100301
102130
124128
125465
118255
101120
117482
110376
119423
106818
114688
114036
108475
106789
105487
117482
114814
112317
112382
100479
118219
120253
113446
109659
103708
111660
113003
114379
114231
103963
114814
107918
108792
103155
123076
122111
111695
117506
98737
114814
101641
104377
113009
104889
119198
103586
111081
106215
119285
108463
103634
124237
104023
111640
107229
114594
104180
109419
115485
115278
117511
121780
107019
124331
113446
100828
117254
111744
123673
113775
115973
111744
105903
107883
109547
106182
121626
104814
103503
117140
120476
114526
103155
112818
105438
107628
122000
102322
111640
106789
113020
108004
101120
119230
111081
113145
129749
103155
110376
108463
112537
106419
117140
100934
121227
112897
122219
117394
105507
111695
106593
106583
114036
107392
104814
114257
110757
109961
122828
107181
104605
120378
117511
114563
107883
121892
114513
114526
115735
102435
105951
107283
115529
113009
116635
115228
117267
118962
116414
119782
121245
108898
130397
119149
129892
116056
98595
107296
112537
116683
119932
116877
113646
129209
120911
110255
113611
116487
105727
110764
98737
109023
116542
106158
105339
107181
112965
102206
106593
118512
100479
113767
106158
119782
105441
120888
109310
109386
105951
106686
113747
107827
115076
107040
115768
117435
111494
127297
111387
105507
107883
110515
110255
105541
130772
105541
123417
107296
107597
102435
108475
115404
106818
113325
130907
124525
116794
114036
119038
103161
114688
108463
121651
104082
114156
115517
107040
123908
113177
114687
104180
111744
116635
106383
113967
116487
103161
112174
111315
123814
124655
126901
124836
124525
118092
105617
121029
105617
101120
113069
115529
117267
105541
108229
110376
120663
113681
109386
121651
103634
109004
111617
125450
114196
112568
107040
111744
115973
110515
109023
120121
117369
120610
102206
107918
107181
113325
101641
111667
110610
124580
110530
111617
106870
119815
120020
108295
111081
112140
123121
122111
106419
111378
112174
110255
116056
110063
104377
120026
119885
109066
118386
112965
105322
103161
109066
114512
107597
112426
103708
112004
115000
111494
112604
113446
104889
113069
111315
122156
111315
103634
104377
114257
112797
110255
109674
107827
98737
116794
108898
107597
105136
115887
121482
117704
112507
109310
