669356
668117
667779
667366
666116
663100
658786
657531
653261
651476
646424
642645
637197
633530
626711
621787
613130
609718
600446
595240
585709
580214
570402
563247
551215
548048
534826
529942
518966
511872
498105
493252
478619
474235
459136
453748
440168
431750
418601
411954
397927
392364
378159
373860
358846
352109
339229
332852
319933
312562
300484
294392
281436
275626
262324
257424
245681
240022
228402
223513
211687
206903
196189
190929
179950
176570
166949
162546
153461
150017
140339
136676
128146
124650
117478
113670
105922
102804
96831
93612
87676
85363
79130
76168
71121
69475
63902
61988
57356
55329
51445
49491
45498
44107
40980
39085
36324
34897
31900
30676
