1186466
697113
512163
425109
387854
330259
292361
281236
260153
258553
238659
229364
214617
213099
208352
197230
192588
193283
197280
188097
175512
171433
168531
179792
180163
161907
164213
152553
170224
173824
157368
162371
161576
162675
158203
148496
145725
159336
140598
143375
151427
163178
151775
150095
144330
162621
142174
132939
145187
148381
145800
133018
154664
144733
134282
150559
135054
128440
132862
151962
131723
137713
135112
147793
138327
128423
138919
127600
128571
130030
136307
134812
129835
130784
150045
127354
132427
137108
128841
139515
139947
132660
132614
136089
136562
134580
143231
121637
144271
134208
138109
127250
129107
140905
131545
122799
127641
134855
113857
131271
