1094753
587126
406761
314621
257294
218326
189899
169627
151557
137928
125706
116880
108119
100642
95454
89265
86429
81392
77779
72696
71135
67854
65553
62973
60015
58203
56977
53775
52980
51238
49432
48797
47340
45794
45077
43649
43416
40960
40558
39937
38984
37979
37053
35959
35616
35105
33885
33102
32945
32719
31919
31513
30874
30107
29719
29335
28996
28538
28159
27546
27438
26830
26168
26091
25467
24907
24467
24434
24247
24034
23749
23545
23172
22562
22541
22266
22085
21794
21202
21139
20931
20882
20830
20382
20287
20161
19729
19274
18880
18857
18851
18739
18629
18494
17805
17724
17490
17433
17427
17287
