1102973
593037
415451
324828
264676
227857
199810
176446
157628
146387
133646
125590
118187
111641
106081
98943
92039
88425
85734
83343
79734
77721
73207
72581
69847
67651
64304
64567
64623
58432
58069
56810
55251
54919
52267
52157
51076
50952
49857
48373
48931
45785
45426
45144
45000
44712
44840
42441
41844
43373
39006
41542
38737
38862
40217
36926
39283
39552
37877
36321
35982
36164
37085
36200
35111
35089
34615
34244
32242
33826
33189
33159
32290
31360
31794
31249
30539
30595
29205
31130
30029
28496
29428
28550
28408
31031
29042
28126
26475
28185
27880
28654
27419
27203
26964
25853
27569
27181
26411
26465
