1098544
596705
416771
321085
265670
228925
198728
177035
161586
148014
135620
125175
117478
110267
105506
99704
93796
89852
87074
83392
79450
75992
75111
73318
70303
67647
66739
63465
61518
61662
56692
56358
57861
55883
54847
53547
52901
51057
49453
48839
49639
47723
46259
45434
46057
43558
44313
43014
41574
42409
41103
40743
39951
39491
38246
39064
36951
38632
37139
37820
36047
34970
34843
34729
34550
33665
35989
35190
35068
34100
32836
32972
30447
30390
30644
32671
29560
31185
31882
29452
29529
30489
28963
28976
29784
29938
28738
28637
26963
29193
27339
28962
28426
27662
27355
27003
26907
27135
26033
27407
