1206489
690863
515379
418185
362814
334063
302385
275452
258116
246335
235853
232648
220767
212364
203907
196878
192680
179004
186767
183750
184865
191760
180254
175703
162375
188644
174720
170488
162387
162658
166548
167893
151908
150425
158578
149674
158415
160866
150702
145888
154983
149471
142104
148742
147154
139060
144856
138357
142513
152914
163987
142888
140627
147800
137508
136775
131799
142102
141875
140401
133081
132256
136453
143022
132751
132963
128521
137576
138659
140567
132469
138596
136701
134213
132194
144475
123665
138799
136081
133908
144511
160603
142194
135703
136887
133743
135768
131681
125126
127273
127556
131947
132807
129261
137692
133059
136438
134292
126420
145309
