1194636
717788
506124
423207
380441
339636
296139
281065
262044
253634
257427
211595
213783
200058
203095
197992
189307
195467
171437
192329
176495
181724
166924
171177
184402
183012
176559
165198
168862
157711
159441
158575
168417
153865
146046
151919
151243
148939
145586
157042
154101
146373
145280
151747
151169
139742
156530
144674
145658
141034
143357
143964
133257
142975
139864
142594
147712
138720
138479
145868
139831
143410
143356
143073
152712
139299
139796
132194
133049
133564
130003
138233
127004
144226
126226
143253
129969
126188
142101
140171
157922
129271
132694
128810
137175
137898
133178
130068
116352
126772
119674
123946
133591
127609
134309
127133
129842
121575
140944
132590
