1092682
586303
406007
313359
257288
218522
190999
169258
152303
137576
126079
116768
107994
101692
96045
90324
85375
80909
77831
74409
70802
67436
64882
62602
60274
58179
55785
54940
52920
51073
49957
48217
46403
45164
44897
43716
41921
40949
40322
39717
39124
37939
37298
36650
35778
34999
34206
33942
33133
32107
31838
30873
30638
30135
29510
28829
28594
28190
27581
27386
27319
26621
26543
25444
25347
25330
25201
24557
23852
23778
23571
23304
23164
22752
22385
22319
22312
21506
21411
21085
20975
20665
20585
19996
19917
19787
19718
19525
19236
19094
18674
18576
18442
18409
18182
17808
17730
17713
17479
17436
