1099581
596555
418391
321842
266061
225284
197681
177913
159927
146689
136083
125640
119340
111705
104427
99285
94136
89535
85890
83770
77971
77180
73574
69536
69090
67748
65943
64327
62663
59827
58821
55050
55407
55200
54205
53004
53272
50717
49551
48980
47607
46916
47018
46522
45389
44799
44335
41082
41903
40721
39865
40750
39864
40249
37548
39218
38907
38118
38149
35127
35129
35719
38310
35652
35369
33638
34713
32242
32954
33982
32064
33636
31125
30252
31875
32559
29388
31538
28876
29361
29251
29764
29809
30093
28497
27995
28763
28407
27605
28526
28723
28719
28002
27128
29092
27340
26104
26439
24979
25471
