1092996
586291
406724
315118
257734
219504
189565
169452
150461
137687
126602
118175
108790
102084
95848
89503
85296
81716
77136
73570
70012
67290
65020
62732
60719
58255
55899
53823
52983
51269
49535
48249
46489
46052
44290
43259
42532
41313
40126
39528
38292
38231
37713
35827
35450
34672
34572
33208
32966
32681
31657
31503
30727
30271
29655
29303
28700
28265
27683
27602
27202
26582
26314
26256
25668
25224
24748
24259
24204
24003
23444
22992
22991
22684
22335
21806
21776
21586
21514
21330
20890
20736
20399
20372
20083
19936
19861
19351
19286
19148
19010
18578
18454
18376
18332
18175
18017
17544
17468
17349
