1105241
593584
415456
324964
264678
227858
199812
176497
157628
146407
133646
125591
118209
111641
106096
98943
92039
88425
85734
83344
79748
77721
73218
72586
69847
67651
64304
64567
64623
58432
58078
56810
55252
54919
52267
52163
51076
50956
49861
48373
48931
45785
45426
45144
45002
44712
44840
42441
41844
43376
39006
41547
38739
38863
40217
36926
39283
39552
37877
36324
35982
36164
37088
36202
35113
35089
34615
34244
32242
33826
33193
33159
32293
31360
31794
31249
30539
30596
29207
31130
30029
28497
29429
28550
28410
31034
29042
28128
26475
28185
27880
28654
27420
27203
26966
25853
27569
27181
26411
26467
