1101671
597132
418440
321873
266066
225315
197683
177932
159921
146692
136122
125658
119339
111733
104464
99302
94151
89554
85900
83771
77978
77198
73575
69535
69097
67758
65958
64336
62668
59839
58827
55059
55419
55202
54219
53011
53280
50718
49556
48993
47608
46916
47030
46522
45385
44814
44344
41079
41906
40727
39874
40751
39864
40251
37555
39226
38911
38118
38149
35137
35125
35723
38309
35653
35371
33642
34713
32243
32962
33989
32072
33641
31126
30254
31887
32562
29390
31537
28883
29364
29251
29764
29809
30095
28493
27994
28772
28407
27612
28526
28724
28720
28010
27129
29096
27343
26116
26440
24989
25471
