1194608
717426
505675
422883
380177
339634
295982
280913
261914
253528
257427
211512
213702
200057
203095
197923
189305
195467
171436
192269
176494
181656
166870
171177
184401
182934
176559
165198
168862
157661
159441
158528
168367
153864
146045
151919
151243
148937
145586
156988
154055
146327
145279
151746
151123
139712
156478
144674
145658
141008
143356
143964
133227
142974
139864
142594
147712
138720
138452
145868
139799
143373
143355
143027
152712
139253
139760
132194
133048
133527
130002
138194
126983
144226
126188
143211
129969
126166
142068
140170
157876
129271
132694
128810
137175
137860
133157
130043
116352
126726
119647
123946
133568
127608
134282
127132
129810
121573
140944
132555
