1189057
697120
512608
425111
387856
330260
292363
281236
260265
258691
238770
229460
214694
213186
208431
197231
192656
193361
197359
188162
175512
171433
168531
179794
180163
161944
164262
152592
170225
173824
157369
162372
161620
162675
158256
148543
145725
159367
140598
143375
151471
163178
151814
150095
144332
162648
142215
132939
145234
148412
145800
133018
154714
144733
134311
150559
135085
128474
132894
151964
131749
137745
135112
147828
138327
128460
138951
127629
128571
130052
136307
134864
129835
130810
150045
127375
132469
137108
128841
139515
139947
132691
132642
136089
136597
134580
143273
121637
144271
134239
138110
127285
129107
140905
131569
122823
127669
134855
113880
131302
