1195294
686578
501689
420026
370118
322738
291906
275507
258810
241756
238745
224898
229505
214998
226444
210124
201088
201214
180956
190317
171567
172570
178486
174749
170659
167619
175773
174604
183903
160497
164007
151042
163047
156287
147375
164500
157492
145003
151665
154435
149454
142810
143817
145272
147754
135644
147054
141268
138560
136206
152371
150915
160282
145739
134850
142645
141871
139809
143708
128819
135047
136704
130272
135825
137750
138928
133673
125664
129695
124571
148162
125192
145268
129271
127808
123405
148160
122981
134588
123288
132376
141334
130462
133762
141028
134864
132273
135842
127435
125647
128715
142878
131518
138211
124940
133114
134437
129964
117473
128151
