1208965
691449
515386
418450
363097
334268
302383
275453
258125
246335
235853
232660
220860
212353
203913
196942
192748
179063
186770
183808
184932
191763
180247
175746
162412
188730
174718
170489
162433
162658
166561
167897
151951
150469
158582
149692
158415
160858
150700
145924
154990
149475
142149
148780
147149
139065
144858
138356
142515
152919
163980
142889
140622
147825
137547
136818
131839
142109
141910
140398
133112
132258
136455
143026
132750
133005
128521
137575
138684
140570
132489
138596
136701
134251
132218
144525
123670
138795
136103
133911
144542
160599
142188
135703
136887
133740
135767
131682
125133
127314
127554
131971
132837
129261
137679
133063
136466
134320
126453
145307
