1093235
587845
407629
312226
256074
217128
189064
167442
151562
138827
126472
116752
108787
101547
95755
89927
84867
80605
77870
74508
69699
67125
64832
62504
60575
58347
56594
54870
53034
51197
50062
47875
47214
45507
45284
43846
42818
41317
40821
40095
38824
37934
36783
36111
35790
34557
33657
33408
32649
32451
31417
31222
30416
30346
29459
29401
29114
28276
28044
27101
26956
26392
26034
25764
25655
25293
24710
24469
24387
24164
23873
23417
22925
22805
22530
22398
21743
21740
21687
20863
20692
20520
20298
20122
19982
19928
19529
19486
19351
18974
18951
18771
18439
18361
18311
18149
18108
17694
17487
17294
