1093499
586110
407743
313779
258410
218717
189356
167737
150675
137539
125871
116974
108717
102490
96674
89912
84508
80484
77911
74012
70591
67626
64981
62659
60251
58017
56676
54293
53216
50680
49418
47959
46694
45263
44289
43630
42690
41267
40018
39837
38682
37505
37369
36330
35554
34990
34103
33188
32844
32393
31705
31414
30695
30200
29795
29733
28912
28681
28083
27153
26878
26807
26746
26111
25714
25654
24843
24433
23739
23546
23213
23202
23063
22803
22266
22264
21928
21500
21146
21066
20753
20596
20521
20503
19711
19466
19446
19305
19132
19114
18796
18536
18512
18438
18221
17842
17797
17640
17562
17250
