1105220
597294
418157
321518
265567
226917
197446
176318
160548
146925
136236
126010
119337
109456
106125
99020
93465
89807
86830
81865
79936
75870
73439
71891
71416
68700
66003
64333
62136
61236
60675
57673
56679
54131
55381
53038
51003
51293
49631
48696
48138
47036
46406
44753
45696
44182
42669
42476
41601
42278
40413
39946
40023
39262
38373
39491
37794
36926
37892
35827
36003
36497
35741
35919
33543
33647
33546
33487
32587
32558
32826
32818
33271
32487
31654
31370
29280
31250
30513
30792
29385
30685
29249
29953
30777
29214
29897
27802
28874
29070
28862
28568
27584
28573
28088
28046
26600
27177
25602
25810
