1100678
597295
417049
321087
265671
229025
198814
177086
161629
148015
135620
125206
117509
110294
105525
99704
93811
89863
87085
83392
79458
75992
75111
73324
70311
67647
66739
63465
61528
61669
56698
56358
57861
55883
54847
53547
52901
51062
49453
48843
49645
47725
46259
45434
46061
43558
44313
43017
41576
42409
41105
40743
39955
39494
38246
39064
36953
38632
37139
37820
36047
34970
34843
34729
34550
33665
35991
35190
35068
34100
32837
32972
30449
30391
30644
32671
29560
31185
31882
29452
29531
30495
28964
28976
29784
29938
28741
28637
26967
29193
27339
28962
28426
27664
27357
27003
26911
27135
26033
27409
