1096137
584907
406802
315480
255719
218225
189813
167503
149925
137136
125800
117344
108964
100619
96583
90034
83858
81103
76974
73568
70526
68406
64734
62954
59959
57800
56183
54287
52985
50608
49496
48179
46731
45443
44556
43663
42444
41725
40037
39247
38584
37208
36633
36452
35403
34996
34076
33386
33293
32869
31553
31034
30232
29827
29545
29310
29059
28491
28085
27803
26924
26840
26586
25924
25609
25378
25249
24624
23944
23909
23602
23524
23508
22677
22269
22201
22024
21836
21374
21260
20909
20661
20269
20006
19950
19608
19379
19311
19135
18994
18843
18602
18553
18510
18334
17984
17875
17655
17347
17200
